CNPJ_FUNDO,DT_COMPTC,VL_TOTAL,VL_QUOTA,VL_PATRIM_LIQ,CAPTC_DIA,RESG_DIA,NR_COTST
3911561000130,2005-01-03,3367697.88,3.3527369,3456773.22,0.0,0.0,147
3911561000130,2005-01-04,3307217.52,3.3035876,3406098.84,0.0,0.0,147
3911561000130,2005-01-05,3263941.92,3.2608703,3362056.03,0.0,0.0,147
3911561000130,2005-01-06,3268750.32,3.26479,3366097.33,0.0,0.0,147
3911561000130,2005-01-07,3296959.6,3.2944616,3396689.64,0.0,0.0,147
3911561000130,2005-01-10,3292636.16,3.3096812999999994,3412381.66,0.0,0.0,147
3911561000130,2005-01-11,3286264.96,3.3030986000000007,3385194.69,0.0,20399.93,146
3911561000130,2005-01-12,3269699.84,3.28652,3368204.03,0.0,0.0,146
3911561000130,2005-01-13,3303148.64,3.3187398,3401224.66,0.0,0.0,146
3911561000130,2005-01-14,3345198.56,3.3593489,3442843.09,0.0,0.0,146
3911561000130,2005-01-17,3333730.4,3.3477384,3430944.0,0.0,0.0,146
3911561000130,2005-01-18,3248436.08,3.3249,3407537.93,0.0,0.0,146
3911561000130,2005-01-19,3259375.68,3.3351551,3354933.52,0.0,63114.46,145
3911561000130,2005-01-20,3222806.16,3.2983821000000004,3317942.38,0.0,0.0,145
3911561000130,2005-01-21,3225619.2,3.3007435,3320317.78,0.0,0.0,145
3911561000130,2005-01-24,3258125.44,3.3326192000000003,3352382.5,0.0,0.0,145
3911561000130,2005-01-25,3258125.44,3.3321816,3351942.34,0.0,0.0,145
3911561000130,2005-01-26,3320012.32,3.3932612,3413384.12,0.0,0.0,145
3911561000130,2005-01-27,3304405.36,3.3877707000000004,3407861.12,0.0,0.0,145
3911561000130,2005-01-28,3264214.12,3.3473786,3350492.58,0.0,16736.89,144
3911561000130,2005-01-31,3302536.0,3.3852232000000004,3388372.37,0.0,0.0,144
3911561000130,2005-02-01,3321852.72,3.4040564,3407223.05,0.0,0.0,144
3911561000130,2005-02-02,3345352.32,3.4378278,3441025.92,0.0,0.0,144
3911561000130,2005-02-03,3373923.84,3.4656644999999995,3468888.53,0.0,0.0,144
3911561000130,2005-02-04,3412433.28,3.5036528,3506912.13,0.0,0.0,144
3911561000130,2005-02-09,3699080.16,3.789537,3793062.31,0.0,0.0,144
3911561000130,2005-02-10,3614918.4,3.7049043,3708350.89,0.0,0.0,144
3911561000130,2005-02-11,3604906.48,3.7179854,3721444.16,0.0,0.0,144
3911561000130,2005-02-14,3569422.08,3.6837294999999997,3557017.59,0.0,130138.79,143
3911561000130,2005-02-15,3522520.96,3.6346730000000003,3509648.54,0.0,0.0,143
3911561000130,2005-02-16,3662961.75,3.6539981,3528308.9,0.0,0.0,143
3911561000130,2005-02-17,3593181.2,3.7069566,3579445.69,0.0,0.0,143
3911561000130,2005-02-18,3569730.64,3.6821822,3555523.52,0.0,0.0,143
3911561000130,2005-02-21,3594146.16,3.7189909,3591066.04,0.0,0.0,143
3911561000130,2005-02-22,3707635.8,3.8360227,3704072.26,0.0,0.0,143
3911561000130,2005-02-23,3739314.48,3.8683267,3735265.04,0.0,0.0,143
3911561000130,2005-02-24,3849113.4,3.9815248,3844569.36,0.0,0.0,143
3911561000130,2005-02-25,3971829.84,4.1080905,3966781.49,0.0,0.0,143
3911561000130,2005-02-28,3908780.04,4.042277599999999,3903232.42,0.0,0.0,143
3911561000130,2005-03-01,3760843.68,3.8885965,3754837.62,0.0,0.0,143
3911561000130,2005-03-02,3788468.48,3.9292189,3794062.73,0.0,0.0,143
3911561000130,2005-03-03,3949105.92,4.0948934,3954038.4,0.0,0.0,143
3911561000130,2005-03-04,4017162.24,4.1648718,4021609.69,0.0,0.0,143
3911561000130,2005-03-07,4026972.16,4.1745337,4030939.21,0.0,0.0,143
3911561000130,2005-03-08,4008272.0,4.1546375,4011727.41,0.0,0.0,143
3911561000130,2005-03-09,3990491.52,4.1357292,3993469.49,0.0,0.0,143
3911561000130,2005-03-10,3839050.88,3.9783082,3841463.46,0.0,0.0,143
3911561000130,2005-03-11,3802876.8,3.9403666,3804826.89,0.0,0.0,143
3911561000130,2005-03-14,3760264.96,3.8957613,3761755.97,0.0,0.0,143
3911561000130,2005-03-15,3711521.92,3.8448101,3712557.36,0.0,0.0,143
3911561000130,2005-03-16,3664924.8,3.7960855,3665508.79,0.0,0.0,143
3911561000130,2005-03-17,3735433.6,3.868632700000002,3735560.54,0.0,0.0,143
3911561000130,2005-03-18,3731141.76,3.8637151,3730812.05,0.0,0.0,143
3911561000130,2005-03-21,3711215.36,3.8426075,3710430.57,0.0,0.0,143
3911561000130,2005-03-22,3667070.72,3.7964219,3665833.59,0.0,0.0,143
3911561000130,2005-03-23,3559774.72,3.6848449,3558094.59,0.0,0.0,143
3911561000130,2005-03-24,3587058.56,3.7126397,3584933.3,0.0,0.0,143
3911561000130,2005-03-28,3546286.08,3.6699571,3543718.95,0.0,0.0,143
3911561000130,2005-03-29,3496010.24,3.6174369,3493005.25,0.0,0.0,143
3911561000130,2005-03-30,3484360.96,3.6049201,3480919.07,0.0,0.0,143
3911561000130,2005-03-31,3593802.88,3.7177993,3589915.43,0.0,0.0,143
3911561000130,2005-04-01,3639786.88,3.8178977,3686570.7,0.0,0.0,143
3911561000130,2005-04-04,3653438.22,3.8375065999999998,3705505.11,0.0,0.0,143
3911561000130,2005-04-05,3588859.56,3.7701506,3640466.01,0.0,0.0,143
3911561000130,2005-04-06,3552438.42,3.7319525999999996,3603581.95,0.0,0.0,143
3911561000130,2005-04-07,3549071.76,3.727992500000002,3599758.07,0.0,0.0,143
3911561000130,2005-04-08,3535911.18,3.7135932,3585853.98,0.0,0.0,143
3911561000130,2005-04-11,3497041.56,3.6728662000000014,3546527.93,0.0,0.0,143
3911561000130,2005-04-12,3478677.96,3.6533808,3527712.78,0.0,0.0,143
3911561000130,2005-04-13,3448990.14,3.6221702000000007,3497575.79,0.0,0.0,143
3911561000130,2005-04-14,3339721.2,3.5429267999999996,3421058.17,0.0,0.0,143
3911561000130,2005-04-15,3282442.86,3.4831538999999996,3328509.76,0.0,34831.53,142
3911561000130,2005-04-18,3235165.5,3.4332269999999996,3280799.49,0.0,0.0,142
3911561000130,2005-04-19,3302747.88,3.5034916,3347944.53,0.0,0.0,142
3911561000130,2005-04-20,3310930.5,3.5115961,3355689.22,0.0,0.0,142
3911561000130,2005-04-22,3297595.86,3.4971848,3341917.7,0.0,0.0,142
3911561000130,2005-04-25,3331235.52,3.5319017,3375093.28,0.0,0.0,142
3911561000130,2005-04-26,3366996.6,3.5688614000000003,3410412.06,0.0,0.0,142
3911561000130,2005-04-27,3292140.78,3.4900711,3335119.89,0.0,0.0,142
3911561000130,2005-04-28,3190009.56,3.3827467,3232560.47,0.0,0.0,142
3911561000130,2005-04-29,3222436.98,3.4162285000000003,3264555.74,0.0,0.0,142
3911561000130,2005-05-02,3227892.06,3.4214932,3269586.69,0.0,0.0,142
3911561000130,2005-05-03,3189773.96,3.4254587,3273376.12,0.0,0.0,142
3911561000130,2005-05-04,3230147.06,3.4672544000000003,3285793.11,0.0,27523.06,141
3911561000130,2005-05-05,3267529.56,3.5062492999999995,3320184.16,0.0,2563.06,140
3911561000130,2005-05-06,3368611.84,3.6123377,3420642.79,0.0,0.0,140
3911561000130,2005-05-09,3346182.34,3.5881583,3397746.5,0.0,0.0,140
3911561000130,2005-05-10,3337808.66,3.5788574,3388939.14,0.0,0.0,140
3911561000130,2005-05-11,3298930.86,3.5373462,3349630.79,0.0,0.0,140
3911561000130,2005-05-12,3272912.64,3.5105813,3324286.22,0.0,0.0,140
3911561000130,2005-05-13,3164652.92,3.3958095,3215605.04,0.0,0.0,140
3911561000130,2005-05-16,3147905.56,3.37768,3198437.6,0.0,0.0,140
3911561000130,2005-05-17,3271406.74,3.4517648000000003,3268590.89,0.0,0.0,140
3911561000130,2005-05-18,3328265.6,3.5113558,3325019.6,0.0,0.0,140
3911561000130,2005-05-19,3348639.55,3.5324155,3344961.78,0.0,0.0,140
3911561000130,2005-05-20,3384564.9,3.5698952000000004,3380452.55,0.0,0.0,140
3911561000130,2005-05-23,3334360.95,3.5164216,3329816.64,0.0,0.0,140
3911561000130,2005-05-24,3343669.81,3.5257967000000003,3338694.2,0.0,0.0,140
3911561000130,2005-05-25,3385875.56,3.5699087,3380465.33,0.0,0.0,140
3911561000130,2005-05-27,3434361.65,3.620649,3428512.98,0.0,0.0,140
3911561000130,2005-05-30,3466997.77,3.6546483,3460708.08,0.0,0.0,140
3911561000130,2005-05-31,3437728.31,3.6232753,3430999.96,0.0,0.0,140
3911561000130,2005-06-01,3487710.19,3.6755976,3480545.64,0.0,0.0,140
3911561000130,2005-06-02,3567597.38,3.7594943999999995,3559990.32,0.0,0.0,140
3911561000130,2005-06-03,3471048.05,3.7307589,3532779.73,0.0,0.0,140
3911561000130,2005-06-06,3458484.94,3.7166981,3446133.04,0.0,73332.04,139
3911561000130,2005-06-07,3416070.04,3.6755023,3407936.16,0.0,0.0,139
3911561000130,2005-06-08,3412881.5,3.6715641000000003,3404284.68,0.0,0.0,139
3911561000130,2005-06-09,3413209.67,3.6714540999999996,3404182.64,0.0,0.0,139
3911561000130,2005-06-10,3480062.32,3.7430858,3470599.81,0.0,0.0,139
3911561000130,2005-06-13,3458411.03,3.7192108,3448462.82,0.0,0.0,139
3911561000130,2005-06-14,3482184.09,3.7442727,3471700.29,0.0,0.0,139
3911561000130,2005-06-15,3498368.16,3.7688080999999998,3494449.61,0.0,0.0,139
3911561000130,2005-06-16,3521256.97,3.7927487,3516647.38,0.0,0.0,139
3911561000130,2005-06-17,3579020.43,3.8545687999999996,3573967.1,0.0,0.0,139
3911561000130,2005-06-20,3672243.39,3.9546243999999997,3666738.95,0.0,0.0,139
3911561000130,2005-06-21,3674911.23,3.9570149,3668955.49,0.0,0.0,139
3911561000130,2005-06-22,3659702.4,3.9400044999999997,3653183.39,0.0,0.0,139
3911561000130,2005-06-23,3697830.56,3.980637600000001,3690858.49,0.0,0.0,139
3911561000130,2005-06-24,3605547.03,3.8806279999999997,3598129.26,0.0,0.0,139
3911561000130,2005-06-27,3708148.3,3.9907953000000003,3700276.7,0.0,0.0,139
3911561000130,2005-06-28,3695377.58,3.9900487,3699584.47,0.0,0.0,139
3911561000130,2005-06-29,3662113.14,3.9536860000000003,3662014.07,0.0,3854.84,138
3911561000130,2005-06-30,3623591.57,3.9116129,3623044.79,0.0,0.0,138
3911561000130,2005-07-01,3589158.95,3.9370104,3646568.6,0.0,0.0,138
3911561000130,2005-07-04,3619855.63,3.9694541,3676618.89,0.0,0.0,138
3911561000130,2005-07-05,3702247.07,4.0579069,3758546.31,0.0,0.0,138
3911561000130,2005-07-06,3715420.46,4.0716274,3771254.65,0.0,0.0,138
3911561000130,2005-07-07,3640391.75,3.9900935,3695735.68,0.0,0.0,138
3911561000130,2005-07-08,3708180.15,4.0626337,3762924.47,0.0,0.0,138
3911561000130,2005-07-11,3669434.0,4.0243377,3727453.57,0.0,0.0,138
3911561000130,2005-07-12,3678800.81,4.0339513999999985,3736358.05,0.0,0.0,138
3911561000130,2005-07-13,3697504.03,4.0536435,3754597.5,0.0,0.0,138
3911561000130,2005-07-14,3614966.46,3.9640384,3671602.71,0.0,0.0,138
3911561000130,2005-07-15,3549642.78,3.8930234,3605826.67,0.0,0.0,138
3911561000130,2005-07-18,3512619.74,3.8525668,3568354.6,0.0,0.0,138
3911561000130,2005-07-19,3493102.42,3.8310117999999993,3548389.83,0.0,0.0,138
3911561000130,2005-07-20,3517057.44,3.8563897,3571895.51,0.0,0.0,138
3911561000130,2005-07-21,3558226.28,3.9003489,3612611.77,0.0,0.0,138
3911561000130,2005-07-22,3611649.1,3.9575336,3665577.81,0.0,0.0,138
3911561000130,2005-07-25,3603510.49,3.9482543,3656983.09,0.0,0.0,138
3911561000130,2005-07-26,3615795.18,3.961024,3668810.71,0.0,0.0,138
3911561000130,2005-07-27,3655213.62,4.0030837,3707767.6,0.0,0.0,138
3911561000130,2005-07-28,3721473.92,4.0741190000000005,3773562.48,0.0,0.0,138
3911561000130,2005-07-29,3727048.22,4.0796344,3778670.98,0.0,0.0,138
3911561000130,2005-08-01,3775287.92,4.1408777,3835396.16,0.0,0.0,138
3911561000130,2005-08-02,3830328.62,4.1998028,3889974.23,0.0,0.0,138
3911561000130,2005-08-03,3887989.06,4.2613430999999995,3944136.58,0.0,2838.05,137
3911561000130,2005-08-04,3841741.59,4.210875700000001,3897425.87,0.0,0.0,137
3911561000130,2005-08-05,3840608.23,4.2091508,3895829.4,0.0,0.0,137
3911561000130,2005-08-08,3921553.83,4.2960614999999995,3976270.56,0.0,0.0,137
3911561000130,2005-08-09,3946033.96,4.3220011,4000279.26,0.0,0.0,137
3911561000130,2005-08-10,4008642.76,4.3891305,4062411.7,0.0,0.0,137
3911561000130,2005-08-11,4073289.3,4.458348,4126476.77,0.0,0.0,137
3911561000130,2005-08-12,4070118.72,4.4544026,4122825.02,0.0,0.0,137
3911561000130,2005-08-15,4127780.01,4.515905,4179749.29,0.0,0.0,137
3911561000130,2005-08-16,4090847.05,4.475479099999999,4142332.63,0.0,0.0,137
3911561000130,2005-08-17,4022479.66,4.4010976,4073487.95,0.0,0.0,137
3911561000130,2005-08-18,3994860.41,4.3707437,4045393.61,0.0,0.0,137
3911561000130,2005-08-19,4021086.88,4.398564,4071142.95,0.0,0.0,137
3911561000130,2005-08-22,4108436.32,4.4924155,4158008.36,0.0,0.0,137
3911561000130,2005-08-23,4076742.06,4.4576519999999995,4125832.61,0.0,0.0,137
3911561000130,2005-08-24,4086926.23,4.4981246,4163292.52,0.0,0.0,137
3911561000130,2005-08-25,4137543.36,4.5522849,4190436.7,0.0,22984.48,136
3911561000130,2005-08-26,4079763.21,4.4889918,4132174.54,0.0,0.0,136
3911561000130,2005-08-29,4108700.82,4.519902,4160627.86,0.0,0.0,136
3911561000130,2005-08-30,4185333.34,4.6026192,4236770.02,0.0,0.0,136
3911561000130,2005-08-31,4264069.31,4.719462,4344325.36,0.0,0.0,136
3911561000130,2005-09-01,4292856.48,4.7581855000000015,4345661.77,0.0,34309.04,136
3911561000130,2005-09-02,4225259.88,4.683618900000001,4277559.95,0.0,0.0,136
3911561000130,2005-09-05,4261971.17,4.723047599999999,4313570.27,0.0,0.0,136
3911561000130,2005-09-06,4275757.62,4.737585299999999,4326847.57,0.0,0.0,136
3911561000130,2005-09-08,4290690.74,4.7532677,4341170.39,0.0,0.0,136
3911561000130,2005-09-09,4394303.88,4.8742571,4451670.22,0.0,0.0,136
3911561000130,2005-09-12,4469855.75,4.9564059999999985,4526697.05,0.0,0.0,136
3911561000130,2005-09-13,4422974.2,4.9045033,4479294.21,0.0,0.0,136
3911561000130,2005-09-14,4441313.76,4.9240115,4497111.06,0.0,0.0,136
3911561000130,2005-09-15,4501990.65,4.9898707,4557260.44,0.0,0.0,136
3911561000130,2005-09-16,4522618.75,5.0118773,4577359.07,0.0,0.0,136
3911561000130,2005-09-19,4626776.24,5.1253338,4680979.2,0.0,0.0,136
3911561000130,2005-09-20,4647404.6,5.1473303,4701068.63,0.0,0.0,136
3911561000130,2005-09-21,4765293.05,5.2758093,4818408.81,0.0,0.0,136
3911561000130,2005-09-22,4728708.84,5.2351551,4781279.26,0.0,0.0,136
3911561000130,2005-09-23,4663519.01,5.1631856,4715549.31,0.0,0.0,136
3911561000130,2005-09-26,4570867.25,5.0611553,4622364.8,0.0,0.0,136
3911561000130,2005-09-27,4634977.02,5.1307605,4685935.39,0.0,0.0,136
3911561000130,2005-09-28,4727692.13,5.23168,4778105.39,0.0,0.0,136
3911561000130,2005-09-29,4683098.48,5.1822602,4732970.17,0.0,0.0,136
3911561000130,2005-09-30,4604178.07,5.095262,4653514.52,0.0,0.0,136
3911561000130,2005-10-03,4661421.81,5.1573415,4710211.91,0.0,0.0,136
3911561000130,2005-10-04,4503269.91,4.9965352,4563347.08,0.0,0.0,136
3911561000130,2005-10-05,4346951.58,4.8248053,4406505.83,0.0,0.0,136
3911561000130,2005-10-06,4122159.14,4.5781208,4181208.33,0.0,0.0,136
3911561000130,2005-10-07,4163275.57,4.622583799999999,4221816.47,0.0,0.0,136
3911561000130,2005-10-10,4133634.94,4.5895253,4191624.02,0.0,0.0,136
3911561000130,2005-10-11,4153067.59,4.6102433,4210545.82,0.0,0.0,136
3911561000130,2005-10-13,4049246.37,4.4959105,4106125.46,0.0,0.0,136
3911561000130,2005-10-14,4023029.87,4.4663864,4079161.02,0.0,0.0,136
3911561000130,2005-10-17,4118925.81,4.570833,4174552.37,0.0,0.0,136
3911561000130,2005-10-18,4074449.2,4.5215843,4129573.39,0.0,0.0,136
3911561000130,2005-10-19,3934108.35,4.3673849,3988742.67,0.0,0.0,136
3911561000130,2005-10-20,3926151.41,4.358136900000001,3980296.51,0.0,0.0,136
3911561000130,2005-10-21,3907922.6,4.3376437,3961579.97,0.0,0.0,136
3911561000130,2005-10-24,4088269.57,4.534560900000002,4141424.91,0.0,0.0,136
3911561000130,2005-10-25,4143080.07,4.5940199999999995,4195729.07,0.0,0.0,136
3911561000130,2005-10-26,4161371.17,4.6134915,4213512.4,0.0,0.0,136
3911561000130,2005-10-27,4072385.42,4.515508799999999,4124024.6,0.0,0.0,136
3911561000130,2005-10-28,4048450.4,4.488755599999998,4099590.82,0.0,0.0,136
3911561000130,2005-10-31,4112391.04,4.5582142999999995,4163027.67,0.0,0.0,136
3911561000130,2005-11-01,4167201.68,4.6176719,4217330.42,0.0,0.0,136
3911561000130,2005-11-03,4257700.45,4.7279603,4318057.08,0.0,0.0,136
3911561000130,2005-11-04,4183746.04,4.6464272000000015,4243592.67,0.0,0.0,136
3911561000130,2005-11-07,4108653.41,4.563648400000001,4167990.64,0.0,0.0,136
3911561000130,2005-11-08,4112099.61,4.5668696,4170932.57,0.0,0.0,136
3911561000130,2005-11-09,4118960.55,4.5736793,4177151.9,0.0,0.0,136
3911561000130,2005-11-10,3993785.65,4.4360754999999985,4051478.03,0.0,0.0,136
3911561000130,2005-11-11,3893652.15,4.325899,3950853.54,0.0,0.0,136
3911561000130,2005-11-14,3910757.95,4.344089599999998,3967467.02,0.0,0.0,136
3911561000130,2005-11-16,3991605.12,4.4320653,4047815.48,0.0,0.0,136
3911561000130,2005-11-17,4136193.43,4.589820099999999,4191893.27,0.0,0.0,136
3911561000130,2005-11-18,4127119.77,4.5793273,4182310.21,0.0,0.0,136
3911561000130,2005-11-21,4160160.53,4.614944,4214838.96,0.0,0.0,136
3911561000130,2005-11-22,4225071.85,4.6854510000000005,4279233.18,0.0,0.0,136
3911561000130,2005-11-23,4351447.95,4.8232465,4405082.14,0.0,0.0,136
3911561000130,2005-11-24,4359447.05,4.831427099999999,4412553.53,0.0,0.0,136
3911561000130,2005-11-25,4346957.55,4.8171753,4399537.32,0.0,0.0,136
3911561000130,2005-11-28,4245685.36,4.705721700000002,4297746.5,0.0,0.0,136
3911561000130,2005-11-29,4242302.04,4.7014497,4293844.85,0.0,0.0,136
3911561000130,2005-11-30,4267374.19,4.7283322,4318396.71,0.0,0.0,136
3911561000130,2005-12-01,4398303.92,4.8711242,4448808.99,0.0,0.0,136
3911561000130,2005-12-02,4521266.49,5.004977200000001,4571057.21,0.0,0.0,136
3911561000130,2005-12-05,4552030.25,5.0380814,4601291.41,0.0,0.0,136
3911561000130,2005-12-06,4565720.61,5.0524904,4614451.15,0.0,0.0,136
3911561000130,2005-12-07,4557850.2,5.0540289000000005,4615856.23,0.0,0.0,136
3911561000130,2005-12-08,4573808.84,5.070476,4630877.46,0.0,0.0,136
3911561000130,2005-12-09,4579524.0,5.0761508,4636060.24,0.0,0.0,136
3911561000130,2005-12-12,4619386.45,5.119211,4675387.19,0.0,0.0,136
3911561000130,2005-12-13,4606889.82,5.1046681,4662105.19,0.0,0.0,136
3911561000130,2005-12-14,4666102.15,5.1689110000000005,4720778.38,0.0,0.0,136
3911561000130,2005-12-15,4616043.6,5.1135138,4670183.94,0.0,0.0,136
3911561000130,2005-12-16,4646799.56,5.1465931,4700395.35,0.0,0.0,136
3911561000130,2005-12-19,4625196.55,5.122346,4678250.46,0.0,0.0,136
3911561000130,2005-12-20,4580828.66,5.073176999999999,4633344.27,0.0,0.0,136
3911561000130,2005-12-21,4658252.49,5.1573544,4710223.67,0.0,0.0,136
3911561000130,2005-12-22,4694699.75,5.1966623,4746123.66,0.0,0.0,136
3911561000130,2005-12-23,4630981.93,5.1263022000000005,4681863.63,0.0,0.0,136
3911561000130,2005-12-26,4624176.1,5.1182573,4674516.19,0.0,0.0,136
3911561000130,2005-12-27,4626476.18,5.120181,4676273.1,0.0,0.0,136
3911561000130,2005-12-28,4670891.17,5.1682152000000015,4720142.85,0.0,0.0,136
3911561000130,2005-12-29,4710711.25,5.2224933,4769715.22,0.0,0.0,136
3911561000130,2005-12-30,4710728.18,5.2219948,4769259.92,0.0,0.0,136
3911561000130,2006-01-02,4747168.76,5.323617400000002,4862072.02,0.0,0.0,136
3911561000130,2006-01-03,4927027.72,5.519907,5041343.77,0.0,0.0,136
3911561000130,2006-01-04,4965744.8,5.5616889,5079503.33,0.0,0.0,136
3911561000130,2006-01-05,4963485.23,5.5586046,5076686.44,0.0,0.0,136
3911561000130,2006-01-06,5123574.1,5.673874400000001,5181962.6,0.0,0.0,136
3911561000130,2006-01-09,5188506.31,5.744291099999999,5246274.32,0.0,0.0,136
3911561000130,2006-01-10,5211324.24,5.7686403,5268512.53,0.0,0.0,136
3911561000130,2006-01-11,5358209.72,5.9288181,5367372.7,0.0,47430.54,135
3911561000130,2006-01-12,5533551.68,6.1218371,5542113.21,0.0,0.0,135
3911561000130,2006-01-13,5474415.79,6.0558507000000015,5482375.58,0.0,0.0,135
3911561000130,2006-01-16,5560480.8,6.1960527,5609300.81,0.0,0.0,135
3911561000130,2006-01-17,5532050.26,6.1639436,5580232.31,0.0,0.0,135
3911561000130,2006-01-18,5452399.04,6.0752992999999975,5499982.46,0.0,0.0,135
3911561000130,2006-01-19,5596981.3,6.2343315000000015,5643954.68,0.0,0.0,135
3911561000130,2006-01-20,5607250.34,6.245,5653612.89,0.0,0.0,135
3911561000130,2006-01-23,5657357.61,6.2996696,5703105.4,0.0,0.0,135
3911561000130,2006-01-24,5799662.6,6.4561687,5844784.36,0.0,0.0,135
3911561000130,2006-01-25,5799687.25,6.4555044000000015,5844183.03,0.0,0.0,135
3911561000130,2006-01-26,5702534.42,6.3530163,5751400.28,0.0,0.0,135
3911561000130,2006-01-27,5784440.03,6.4427975,5832679.43,0.0,0.0,135
3911561000130,2006-01-30,5756033.54,6.4107316,5803650.13,0.0,0.0,135
3911561000130,2006-01-31,5861821.35,6.526888,5908806.79,0.0,0.0,135
3911561000130,2006-02-01,5893688.62,6.5613572,5940011.8,0.0,0.0,135
3911561000130,2006-02-02,5707205.89,6.3546526,5752881.64,0.0,0.0,135
3911561000130,2006-02-03,5584408.61,6.218306,5629446.73,0.0,0.0,135
3911561000130,2006-02-06,5685647.74,6.3294219000000025,5730040.24,0.0,0.0,135
3911561000130,2006-02-07,5556582.08,6.200613,5613429.28,0.0,0.0,135
3911561000130,2006-02-08,5404208.44,6.0311922,5460052.23,0.0,0.0,135
3911561000130,2006-02-09,5400813.23,6.0267527,5456033.1,0.0,0.0,135
3911561000130,2006-02-10,5274596.14,5.8866603,5329207.14,0.0,0.0,135
3911561000130,2006-02-13,5206378.44,5.8106192000000005,5260366.92,0.0,0.0,135
3911561000130,2006-02-14,5121102.12,5.7157630999999975,5174493.54,0.0,0.0,135
3911561000130,2006-02-15,5204137.31,5.8068094000000015,5256917.96,0.0,0.0,135
3911561000130,2006-02-16,5319015.21,5.933018,5371174.84,0.0,0.0,135
3911561000130,2006-02-17,5490755.15,6.1220225999999975,5542281.21,0.0,0.0,135
3911561000130,2006-02-20,5574927.58,6.2142926,5625813.42,0.0,0.0,135
3911561000130,2006-02-21,5635218.01,6.2801772000000025,5685458.87,0.0,0.0,135
3911561000130,2006-02-22,5479432.83,6.1073976,5529041.13,0.0,0.0,135
3911561000130,2006-02-23,5449881.25,6.0740587,5498859.36,0.0,0.0,135
3911561000130,2006-02-24,5592052.97,6.2303935999999975,5640389.67,0.0,0.0,135
3911561000130,2006-03-01,5505639.38,6.1342778,5553375.82,0.0,0.0,135
3911561000130,2006-03-02,5567540.2,6.212790900000001,5624453.88,0.0,0.0,135
3911561000130,2006-03-03,5611831.28,6.2610407,5668134.57,0.0,0.0,135
3911561000130,2006-03-06,5560762.26,6.20396,5616459.25,0.0,0.0,135
3911561000130,2006-03-07,5313296.68,5.9295987,5368079.35,0.0,0.0,135
3911561000130,2006-03-08,5195248.51,5.7985663,5249455.43,0.0,0.0,135
3911561000130,2006-03-09,5220240.53,5.8254879,5273827.66,0.0,0.0,135
3911561000130,2006-03-10,5143101.97,5.7745511,5227714.47,0.0,0.0,135
3911561000130,2006-03-13,5178093.54,5.8125203,5228131.29,0.0,38346.08,134
3911561000130,2006-03-14,5270625.31,5.9147997000000005,5320127.54,0.0,0.0,134
3911561000130,2006-03-15,5402645.45,6.0609209,5451557.78,0.0,0.0,134
3911561000130,2006-03-16,5393635.6,6.0502494,5441959.17,0.0,0.0,134
3911561000130,2006-03-17,5369958.6,6.0255511,5419743.99,0.0,0.0,134
3911561000130,2006-03-20,5368846.55,6.0236622,5418045.05,0.0,0.0,134
3911561000130,2006-03-21,5331630.72,5.981611,5380221.69,0.0,0.0,134
3911561000130,2006-03-22,5245900.63,5.8856567,5252538.38,0.0,46735.21,133
3911561000130,2006-03-23,5230121.38,5.867334,5236186.65,0.0,0.0,133
3911561000130,2006-03-24,5258343.55,5.898314,5241420.54,0.0,25317.57,131
3911561000130,2006-03-27,5254974.99,5.8938789000000025,5237479.38,0.0,0.0,131
3911561000130,2006-03-28,5261760.61,5.9008684,5243690.46,0.0,0.0,131
3911561000130,2006-03-29,5311419.37,5.9561014000000005,5292772.21,0.0,0.0,131
3911561000130,2006-03-30,5368975.79,6.0201379999999975,5349677.08,0.0,0.0,131
3911561000130,2006-03-31,5301297.64,5.9433295999999975,5281422.8,0.0,0.0,131
3911561000130,2006-04-03,5428805.04,6.0861011,5408293.85,0.0,0.0,131
3911561000130,2006-04-04,5379178.63,6.108868599999999,5428525.81,0.0,0.0,131
3911561000130,2006-04-05,5354627.04,6.110723999999999,5430174.56,0.0,0.0,131
3911561000130,2006-04-06,5443758.0,6.2103166,5518675.53,0.0,0.0,131
3911561000130,2006-04-07,5417808.48,6.180036299999999,5491767.55,0.0,0.0,131
3911561000130,2006-04-10,5440373.28,6.2046651,5513653.4,0.0,0.0,131
3911561000130,2006-04-11,5423449.68,6.1849077,5496096.45,0.0,0.0,131
3911561000130,2006-04-12,5358011.76,6.1105675999999995,5430035.53,0.0,0.0,131
3911561000130,2006-04-13,5338831.68,6.0882893,5410238.37,0.0,0.0,131
3911561000130,2006-04-17,5436988.56,6.1980379999999995,5507764.36,0.0,0.0,131
3911561000130,2006-04-18,5679560.16,6.4702773,5749684.46,0.0,0.0,131
3911561000130,2006-04-19,5810436.0,6.6168122,5879899.83,0.0,0.0,131
3911561000130,2006-04-20,5814948.96,6.621147200000001,5883752.01,0.0,0.0,131
3911561000130,2006-04-24,5818333.68,6.6242122000000005,5886475.74,0.0,0.0,131
3911561000130,2006-04-25,5754024.0,6.5511047,5821510.19,0.0,0.0,131
3911561000130,2006-04-26,5848796.16,6.657004700000001,5915616.12,0.0,0.0,131
3911561000130,2006-04-27,5714535.6,6.5051832,5780702.92,0.0,0.0,131
3911561000130,2006-04-28,5782230.0,6.580621099999999,5847739.35,0.0,0.0,131
3911561000130,2006-05-02,5898438.72,6.710675900000001,5963309.98,0.0,0.0,131
3911561000130,2006-05-03,5854195.52,6.6715462,5928538.13,0.0,0.0,131
3911561000130,2006-05-04,5901497.6,6.7240574,5975201.16,0.0,0.0,131
3911561000130,2006-05-05,6043403.84,6.8830166,6116457.13,0.0,0.0,131
3911561000130,2006-05-08,6072686.08,6.9152283,6145081.4,0.0,0.0,131
3911561000130,2006-05-09,6192067.52,7.0487785,6263758.16,0.0,0.0,131
3911561000130,2006-05-10,6143639.2,6.9934277,6214571.74,0.0,0.0,131
3911561000130,2006-05-11,6126304.32,7.0717076,6277825.69,0.0,6307.96,130
3911561000130,2006-05-12,5975311.68,6.9008107,6054283.44,0.0,71830.53,129
3911561000130,2006-05-15,5835421.44,6.740638900000001,5913760.08,0.0,0.0,129
3911561000130,2006-05-16,5873169.6,6.7829397,5950871.78,0.0,0.0,129
3911561000130,2006-05-17,5707743.84,6.593673599999999,5784823.1,0.0,0.0,129
3911561000130,2006-05-18,5585617.44,6.4537154,5662033.66,0.0,0.0,129
3911561000130,2006-05-19,5447947.68,6.2961099,5523761.69,0.0,0.0,129
3911561000130,2006-05-22,5330262.24,6.1629192,5406909.59,0.0,0.0,129
3911561000130,2006-05-23,5540097.6,6.4013995,5616135.38,0.0,0.0,129
3911561000130,2006-05-24,5496603.48,6.2539211,5486748.23,0.0,0.0,129
3911561000130,2006-05-25,5543087.62,6.30644,5532824.59,0.0,0.0,129
3911561000130,2006-05-26,5678735.7,6.4600243,5667568.66,0.0,0.0,129
3911561000130,2006-05-29,5766767.68,6.560611200000001,5755816.46,0.0,0.0,129
3911561000130,2006-05-30,5676621.82,6.4561986,5664212.2,0.0,0.0,129
3911561000130,2006-05-31,5624446.47,6.3960829000000015,5611471.0,0.0,0.0,129
3911561000130,2006-06-01,5589553.73,6.3563417,5576604.84,0.0,0.0,129
3911561000130,2006-06-02,5683721.08,6.4628919,5670084.48,0.0,0.0,129
3911561000130,2006-06-05,5598095.39,6.369860900000001,5588465.64,0.0,0.0,129
3911561000130,2006-06-06,5386104.52,6.1275261,5311764.29,0.0,64093.92,128
3911561000130,2006-06-07,5264964.49,5.9988312000000015,5200202.67,0.0,0.0,128
3911561000130,2006-06-08,5018537.56,5.7138425999999995,4953154.78,0.0,0.0,128
3911561000130,2006-06-09,5033077.3,5.7939192,5022570.72,0.0,0.0,128
3911561000130,2006-06-12,4856560.26,5.5895989,4845451.74,0.0,0.0,128
3911561000130,2006-06-13,4582335.08,5.2727069,4570747.78,0.0,0.0,128
3911561000130,2006-06-14,4566417.12,5.2708273000000005,4569118.37,0.0,0.0,128
3911561000130,2006-06-16,4842866.88,5.589099,4845018.39,0.0,0.0,128
3911561000130,2006-06-19,4802898.24,5.5423609,4694791.51,0.0,109711.03,127
3911561000130,2006-06-20,4731667.52,5.5694263,4717717.95,0.0,0.0,127
3911561000130,2006-06-21,4814373.76,5.6664195,4799878.36,0.0,0.0,127
3911561000130,2006-06-22,4848109.2,5.705589700000001,4833058.39,0.0,0.0,127
3911561000130,2006-06-23,4925374.24,5.7961408,4889863.76,0.0,19898.15,126
3911561000130,2006-06-26,4941097.72,5.830214,4918609.34,0.0,0.0,126
3911561000130,2006-06-27,4983422.08,5.8797994000000005,4960441.65,0.0,0.0,126
3911561000130,2006-06-28,4991018.76,5.888133,4967472.22,0.0,0.0,126
3911561000130,2006-06-29,5120162.32,6.0405562,5096062.7,0.0,0.0,126
3911561000130,2006-06-30,5216983.0,6.1770379,5211204.33,0.0,0.0,126
3911561000130,2006-07-03,5233201.6,6.195558599999999,5226829.16,0.0,0.0,126
3911561000130,2006-07-04,5217046.16,6.1868099,5219448.36,0.0,0.0,126
3911561000130,2006-07-05,5164769.6,6.1298358,5171382.63,0.0,0.0,126
3911561000130,2006-07-06,5212212.16,6.1854501,5212938.44,0.0,5362.78,125
3911561000130,2006-07-07,5183099.68,6.1500629,5183114.99,0.0,0.0,125
3911561000130,2006-07-10,5141048.32,6.099401,5140418.41,0.0,0.0,125
3911561000130,2006-07-11,5171239.04,6.1344178,5169929.73,0.0,0.0,125
3911561000130,2006-07-12,5301706.08,6.2886278,5299893.92,0.0,0.0,125
3911561000130,2006-07-13,5230542.24,6.2035004,5228150.74,0.0,0.0,125
3911561000130,2006-07-14,5301706.08,6.2872463,5298729.62,0.0,0.0,125
3911561000130,2006-07-17,5183099.68,6.1458231,5179541.77,0.0,0.0,125
3911561000130,2006-07-18,5080263.84,6.0286743,5080811.78,0.0,0.0,125
3911561000130,2006-07-19,5175060.96,6.1404674,5168605.24,0.0,6422.92,124
3911561000130,2006-07-20,5126585.16,6.082192,5119553.12,0.0,0.0,124
3911561000130,2006-07-21,5023170.12,5.9586567000000015,5015569.99,0.0,0.0,124
3911561000130,2006-07-24,5131971.36,6.0872309,5123794.53,0.0,0.0,124
3911561000130,2006-07-25,5244004.32,6.219633999999999,5235241.94,0.0,0.0,124
3911561000130,2006-07-26,5318333.88,6.3073552,5309079.4,0.0,0.0,124
3911561000130,2006-07-27,5376504.84,6.3757608,5366658.33,0.0,0.0,124
3911561000130,2006-07-28,5305440.96,6.3919848,5380314.49,0.0,0.0,124
3911561000130,2006-07-31,5292718.08,6.3757128,5270982.26,0.0,95635.69,123
3911561000130,2006-08-01,5277874.72,6.3570676,5255567.7,0.0,0.0,123
3911561000130,2006-08-02,5384711.52,6.5098866,5381907.48,0.0,0.0,123
3911561000130,2006-08-03,5426961.12,6.5602834,5423572.0,0.0,0.0,123
3911561000130,2006-08-04,5447029.68,6.5838494999999995,5443054.73,0.0,0.0,123
3911561000130,2006-08-07,5434354.8,6.5678107999999975,5429795.05,0.0,0.0,123
3911561000130,2006-08-08,5471323.2,6.6117614,5466130.32,0.0,0.0,123
3911561000130,2006-08-09,5480829.36,6.6225479000000025,5475047.77,0.0,0.0,123
3911561000130,2006-08-10,5379786.72,6.5120974,5383735.2,0.0,0.0,123
3911561000130,2006-08-11,5385057.92,6.5177233,5388386.34,0.0,0.0,123
3911561000130,2006-08-14,5259603.36,6.3652901,5262365.47,0.0,0.0,123
3911561000130,2006-08-15,5293339.04,6.4054081,5295532.2,0.0,0.0,123
3911561000130,2006-08-16,5287013.6,6.3970725,5288640.89,0.0,0.0,123
3911561000130,2006-08-17,5196348.96,6.2867305,5197418.05,0.0,0.0,123
3911561000130,2006-08-18,5187915.04,6.2758546,5188426.62,0.0,0.0,123
3911561000130,2006-08-21,5219542.24,6.3134331,5219493.84,0.0,0.0,123
3911561000130,2006-08-22,5206891.36,6.2974547,5206284.01,0.0,0.0,123
3911561000130,2006-08-23,5128877.6,6.2024217,5127717.54,0.0,0.0,123
3911561000130,2006-08-24,5080382.56,6.1430988,5078673.67,0.0,0.0,123
3911561000130,2006-08-25,5152070.88,6.2291414000000005,5149807.5,0.0,0.0,123
3911561000130,2006-08-28,5099358.88,6.1642544,5096163.63,0.0,0.0,123
3911561000130,2006-08-29,5065623.2,6.1227859,5061880.42,0.0,0.0,123
3911561000130,2006-08-30,5016073.92,6.0621942,5011787.56,0.0,0.0,123
3911561000130,2006-08-31,5026061.28,6.0794219000000025,5026030.17,0.0,0.0,123
3911561000130,2006-09-01,5093468.64,6.1602698,5092869.41,0.0,0.0,123
3911561000130,2006-09-04,5125461.04,6.2041564000000005,5129151.68,0.0,0.0,123
3911561000130,2006-09-05,5078110.24,6.145802,5080908.48,0.0,0.0,123
3911561000130,2006-09-06,4950789.2,5.9911223,4953030.39,0.0,0.0,123
3911561000130,2006-09-08,4813998.0,5.8250008,4815693.03,0.0,0.0,123
3911561000130,2006-09-11,4580400.72,5.5417476,4581519.61,0.0,0.0,123
3911561000130,2006-09-12,4584609.68,5.5461997000000025,4585200.28,0.0,0.0,123
3911561000130,2006-09-13,4655109.76,5.63083,4655166.53,0.0,0.0,123
3911561000130,2006-09-14,4631960.48,5.6021854000000015,4631485.26,0.0,0.0,123
3911561000130,2006-09-15,4501482.72,5.4437303,4500485.93,0.0,0.0,123
3911561000130,2006-09-18,4613020.16,5.578003,4611492.95,0.0,0.0,123
3911561000130,2006-09-19,4561777.44,5.5414097,4581240.23,0.0,0.0,123
3911561000130,2006-09-20,4482187.2,5.4445073,4477515.48,0.0,23612.82,122
3911561000130,2006-09-21,4438203.12,5.390396400000001,4433015.14,0.0,0.0,122
3911561000130,2006-09-22,4435061.4,5.3859487,4429357.42,0.0,0.0,122
3911561000130,2006-09-25,4385841.12,5.325475900000002,4379625.08,0.0,0.0,122
3911561000130,2006-09-26,4548163.32,5.5217537000000005,4541042.2,0.0,0.0,122
3911561000130,2006-09-27,4597383.6,5.5809390999999975,4589715.8,0.0,0.0,122
3911561000130,2006-09-28,4739808.24,5.7534503,4731587.52,0.0,0.0,122
3911561000130,2006-09-29,4747138.92,5.7616912000000005,4738364.72,0.0,0.0,122
3911561000130,2006-10-02,4751327.88,5.7661204,4742007.32,0.0,0.0,122
3911561000130,2006-10-03,4503807.12,5.4803337999999995,4506978.85,0.0,0.0,122
3911561000130,2006-10-04,4486055.04,5.4577202000000025,4488381.66,0.0,0.0,122
3911561000130,2006-10-05,4605098.4,5.6018292999999995,4606895.69,0.0,0.0,122
3911561000130,2006-10-06,4564373.04,5.551668900000001,4565644.26,0.0,0.0,122
3911561000130,2006-10-09,4684460.64,5.696991099999999,4685155.98,0.0,0.0,122
3911561000130,2006-10-10,4661487.36,5.6684074,4661649.0,0.0,0.0,122
3911561000130,2006-10-11,4630394.28,5.6462246,4643406.03,0.0,0.0,122
3911561000130,2006-10-13,4766796.72,5.8114586,4765522.93,0.0,13770.11,122
3911561000130,2006-10-16,4810528.8,5.8642039000000015,4808775.24,0.0,0.0,122
3911561000130,2006-10-17,4745971.92,5.7848527,4740506.44,0.0,3199.02,121
3911561000130,2006-10-18,4750136.88,5.7893096,4744158.73,0.0,0.0,121
3911561000130,2006-10-19,4759508.04,5.800107,4753006.92,0.0,0.0,121
3911561000130,2006-10-20,4773229.32,5.8274657,4775426.45,0.0,0.0,121
3911561000130,2006-10-23,4685933.16,5.7203143,4687619.26,0.0,0.0,121
3911561000130,2006-10-24,4804406.52,5.8642525999999995,4805572.2,0.0,0.0,121
3911561000130,2006-10-25,4963410.24,6.0571709,4963662.76,0.0,0.0,121
3911561000130,2006-10-26,5007058.32,6.1097785,5006773.0,0.0,0.0,121
3911561000130,2006-10-27,4975881.12,6.0710812999999995,4975061.91,0.0,0.0,121
3911561000130,2006-10-30,4881310.28,5.9550339999999995,4879964.7,0.0,0.0,121
3911561000130,2006-10-31,4875074.84,5.9467832000000005,4873203.43,0.0,0.0,121
3911561000130,2006-11-01,4854240.36,6.0702777,4974403.34,0.0,0.0,121
3911561000130,2006-11-03,4910143.32,6.1378949999999985,5009478.74,0.0,20334.84,120
3911561000130,2006-11-06,4991242.24,6.242121900000001,5094544.18,0.0,0.0,120
3911561000130,2006-11-07,5012961.28,6.268122,5115764.28,0.0,0.0,120
3911561000130,2006-11-08,5024337.92,6.2814489,5126641.11,0.0,0.0,120
3911561000130,2006-11-09,5158789.12,6.4454916,5260525.54,0.0,0.0,120
3911561000130,2006-11-10,5135202.8,6.42202,5241369.06,0.0,0.0,120
3911561000130,2006-11-13,5045310.92,6.3112647000000015,5150975.42,0.0,0.0,120
3911561000130,2006-11-14,5051510.36,6.318245200000002,5156672.63,0.0,0.0,120
3911561000130,2006-11-16,5048410.64,6.3138322,5153070.97,0.0,0.0,120
3911561000130,2006-11-17,4933721.0,6.1727042,5037888.53,0.0,0.0,120
3911561000130,2006-11-20,4933721.0,6.1721005,5037395.76,0.0,0.0,120
3911561000130,2006-11-21,5032912.04,6.2930215,5136086.19,0.0,0.0,120
3911561000130,2006-11-22,5063909.24,6.3303847,5166580.34,0.0,0.0,120
3911561000130,2006-11-23,5090773.48,6.3626812999999975,5192939.44,0.0,0.0,120
3911561000130,2006-11-24,5073208.4,6.3405424,5174870.64,0.0,0.0,120
3911561000130,2006-11-27,5058743.04,6.3222029000000015,5159902.74,0.0,0.0,120
3911561000130,2006-11-28,5071141.92,6.3367778,5171798.15,0.0,0.0,120
3911561000130,2006-11-29,5217862.0,6.5159164,5318003.13,0.0,0.0,120
3911561000130,2006-11-30,5271590.48,6.5811112000000005,5371212.29,0.0,0.0,120
3911561000130,2006-12-01,5213729.04,6.5095857000000015,5312836.29,0.0,0.0,120
3911561000130,2006-12-04,5266542.68,6.5859271999999995,5375142.83,0.0,0.0,120
3911561000130,2006-12-05,5376885.36,6.7187952000000015,5483583.81,0.0,0.0,120
3911561000130,2006-12-06,5389260.24,6.7333092999999975,5495429.61,0.0,0.0,120
3911561000130,2006-12-07,5365182.72,6.735105,5496895.22,0.0,0.0,120
3911561000130,2006-12-08,5407258.56,6.785485799999999,5510953.25,0.0,27060.51,119
3911561000130,2006-12-11,5383655.04,6.7557728,5486821.32,0.0,0.0,119
3911561000130,2006-12-12,5368261.44,6.7361699999999995,5470900.57,0.0,0.0,119
3911561000130,2006-12-13,5320028.16,6.6761367,5422143.46,0.0,0.0,119
3911561000130,2006-12-14,5379550.08,6.7487505999999975,5481118.07,0.0,0.0,119
3911561000130,2006-12-15,5390838.72,6.761951299999999,5491839.33,0.0,0.0,119
3911561000130,2006-12-18,5360051.52,6.7233946,5460524.8,0.0,0.0,119
3911561000130,2006-12-19,5295398.4,6.6431466,5395349.96,0.0,0.0,119
3911561000130,2006-12-20,5450360.64,6.8332899000000005,5549778.21,0.0,0.0,119
3911561000130,2006-12-21,5412389.76,6.7858837,5511276.39,0.0,0.0,119
3911561000130,2006-12-22,5410337.28,6.782703,5508693.15,0.0,0.0,119
3911561000130,2006-12-26,5435993.28,6.8136193,5533802.4,0.0,0.0,119
3911561000130,2006-12-27,5512961.28,6.9072564,5609851.38,0.0,0.0,119
3911561000130,2006-12-28,5571456.96,6.978609599999999,5667802.22,0.0,0.0,119
3911561000130,2006-12-29,5571456.96,6.9779406,5667258.87,0.0,0.0,119
3911561000130,2007-01-02,5659713.6,7.1429630999999985,5801284.8,0.0,0.0,119
3911561000130,2007-01-03,5588903.04,7.055084299999999,5729912.5,0.0,0.0,119
3911561000130,2007-01-04,5382628.8,6.8004330999999985,5523092.93,0.0,0.0,119
3911561000130,2007-01-05,5356468.67,6.6443535,5396330.14,0.0,0.0,119
3911561000130,2007-01-08,5368693.65,6.6715516,5418419.6,0.0,0.0,119
3911561000130,2007-01-09,5241486.4,6.5125263,5289264.33,0.0,0.0,119
3911561000130,2007-01-10,5185849.24,6.4437041,5233369.14,0.0,0.0,119
3911561000130,2007-01-11,5281337.48,6.560612599999999,5328318.48,0.0,0.0,119
3911561000130,2007-01-12,5252646.71,6.524636900000001,5299100.21,0.0,0.0,119
3911561000130,2007-01-15,5284503.43,6.563209599999999,5330427.67,0.0,0.0,119
3911561000130,2007-01-16,5164476.56,6.4147839000000015,5209881.13,0.0,0.0,119
3911561000130,2007-01-17,5137077.8,6.3800834,5181698.46,0.0,0.0,119
3911561000130,2007-01-18,5138157.53,6.3807633,5182250.65,0.0,0.0,119
3911561000130,2007-01-19,5161803.86,6.4092397000000005,5205378.28,0.0,0.0,119
3911561000130,2007-01-22,5289861.9,6.566589,5333172.29,0.0,0.0,119
3911561000130,2007-01-23,5389718.39,6.6885481,5432223.58,0.0,0.0,119
3911561000130,2007-01-24,5419256.02,6.724581,5461488.37,0.0,0.0,119
3911561000130,2007-01-25,5419561.49,6.72397,5460992.11,0.0,0.0,119
3911561000130,2007-01-26,5398816.31,6.6976188,5439590.54,0.0,0.0,119
3911561000130,2007-01-29,5343429.06,6.6287811,5383682.71,0.0,0.0,119
3911561000130,2007-01-30,5348852.95,6.6344941,5385914.33,0.0,2408.32,118
3911561000130,2007-01-31,5377640.67,6.6692827,5414155.87,0.0,0.0,118
3911561000130,2007-02-01,5439140.05,6.7482877000000006,5478292.56,0.0,0.0,118
3911561000130,2007-02-02,5418657.37,6.7223689,5457251.49,0.0,0.0,118
3911561000130,2007-02-05,5449487.93,6.757863,5486065.83,0.0,0.0,118
3911561000130,2007-02-06,5376210.83,6.682645599999999,5425003.97,0.0,0.0,118
3911561000130,2007-02-07,5250386.59,6.5265277,5298266.68,0.0,0.0,118
3911561000130,2007-02-08,5236067.28,6.508103,5283309.43,0.0,0.0,118
3911561000130,2007-02-09,5256631.53,6.5326277,5272161.09,0.0,31057.61,118
3911561000130,2007-02-12,5185868.91,6.444259099999999,5200843.15,0.0,0.0,118
3911561000130,2007-02-13,5182833.72,6.4398194,5197260.08,0.0,0.0,118
3911561000130,2007-02-14,5154257.29,6.4417375,5198808.12,0.0,0.0,118
3911561000130,2007-02-15,5118367.12,6.3965805,5162364.11,0.0,0.0,118
3911561000130,2007-02-16,5073240.63,6.339990900000001,5116693.42,0.0,0.0,118
3911561000130,2007-02-21,5026056.78,6.2808633,5068974.49,0.0,0.0,118
3911561000130,2007-02-22,5131794.66,6.4111928,5174156.99,0.0,0.0,118
3911561000130,2007-02-23,5193864.45,6.4931953,5240337.12,0.0,0.0,118
3911561000130,2007-02-26,5212351.05,6.5149573,5257900.14,0.0,0.0,118
3911561000130,2007-02-27,5016359.9,6.2714449,5061373.35,0.0,0.0,118
3911561000130,2007-02-28,4964033.76,6.2059625,5008525.78,0.0,0.0,118
3911561000130,2007-03-01,4829608.74,6.0387901,4873609.18,0.0,0.0,118
3911561000130,2007-03-02,4793702.69,5.9918906,4835758.89,0.0,0.0,118
3911561000130,2007-03-05,4672635.4,5.8412646,4714196.05,0.0,0.0,118
3911561000130,2007-03-06,4796831.1,5.9945389,4837896.23,0.0,0.0,118
3911561000130,2007-03-07,4778174.09,5.9812339,4827158.36,0.0,0.0,118
3911561000130,2007-03-08,4874656.97,6.100109400000001,4923096.92,0.0,0.0,118
3911561000130,2007-03-09,4894162.25,6.1236638,4942106.55,0.0,0.0,118
3911561000130,2007-03-12,4845945.3,6.0632979,4893388.23,0.0,0.0,118
3911561000130,2007-03-13,4786441.26,5.9889504,4833386.02,0.0,0.0,118
3911561000130,2007-03-14,4739247.36,5.9298667,4785702.49,0.0,0.0,118
3911561000130,2007-03-15,4734134.0,5.9229184,4780094.86,0.0,0.0,118
3911561000130,2007-03-16,4695151.59,5.8740119,4740624.8,0.0,0.0,118
3911561000130,2007-03-19,4713635.61,5.8963128,4758622.8,0.0,0.0,118
3911561000130,2007-03-20,4783436.2,5.9822769000000005,4828000.14,0.0,0.0,118
3911561000130,2007-03-21,4899416.08,6.125361,4943476.25,0.0,0.0,118
3911561000130,2007-03-22,5030791.08,6.287506099999999,5074335.56,0.0,0.0,118
3911561000130,2007-03-23,5067751.96,6.3326611,5110777.9,0.0,0.0,118
3911561000130,2007-03-26,5063660.28,6.3269528,5106171.0,0.0,0.0,118
3911561000130,2007-03-27,5055466.61,6.3174279,5098483.97,0.0,0.0,118
3911561000130,2007-03-28,5063689.85,6.3269614,5106177.95,0.0,0.0,118
3911561000130,2007-03-29,5244322.89,6.5501220999999985,5286279.96,0.0,0.0,118
3911561000130,2007-03-30,5363248.91,6.6372155,5356568.71,0.0,0.0,118
3911561000130,2007-04-02,5348940.04,6.6187857,5341694.98,0.0,0.0,118
3911561000130,2007-04-03,5303822.13,6.6080627000000005,5333040.93,0.0,0.0,118
3911561000130,2007-04-04,5320289.26,6.6259781,5347499.59,0.0,0.0,118
3911561000130,2007-04-05,5393189.04,6.7156261,5419850.08,0.0,0.0,118
3911561000130,2007-04-09,5427282.79,6.7747512999999975,5467567.08,0.0,0.0,118
3911561000130,2007-04-10,5422176.31,6.7676898,5458172.95,0.0,3695.15,117
3911561000130,2007-04-11,5427346.04,6.7733977,5462776.39,0.0,0.0,117
3911561000130,2007-04-12,5466365.05,6.8211029000000005,5501250.81,0.0,0.0,117
3911561000130,2007-04-13,5544783.74,6.923571400000001,5583892.12,0.0,0.0,117
3911561000130,2007-04-16,5638199.73,7.038694099999999,5676739.17,0.0,0.0,117
3911561000130,2007-04-17,5594107.16,6.9833115999999995,5632072.92,0.0,0.0,117
3911561000130,2007-04-18,5535639.63,6.9101214,5573044.69,0.0,0.0,117
3911561000130,2007-04-19,61711.06,6.7656852,5456556.25,0.0,0.0,117
3911561000130,2007-04-20,5451581.15,6.8044787,5487843.34,0.0,0.0,117
3911561000130,2007-04-23,5450585.18,6.8025539,5486290.95,0.0,0.0,117
3911561000130,2007-04-24,5404434.68,6.744645599999999,5439587.67,0.0,0.0,117
3911561000130,2007-04-25,5506053.15,6.869960799999999,5540654.95,0.0,0.0,117
3911561000130,2007-04-26,5477357.48,6.8336771999999995,5511392.09,0.0,0.0,117
3911561000130,2007-04-27,5392201.04,6.7274171,5425692.82,0.0,0.0,117
3911561000130,2007-04-30,5392228.93,6.726770599999999,5425171.4,0.0,0.0,117
3911561000130,2007-05-02,5354286.03,6.679058199999999,5386691.11,0.0,0.0,117
3911561000130,2007-05-03,5399477.26,6.7326072,5429878.67,0.0,0.0,117
3911561000130,2007-05-04,5429273.06,6.7688696,5454663.79,0.0,4460.68,116
3911561000130,2007-05-07,5297949.07,6.6052366,5322800.8,0.0,0.0,116
3911561000130,2007-05-08,5241426.58,6.5498549000000015,5278171.73,0.0,0.0,116
3911561000130,2007-05-09,5271563.69,6.592465400000001,5312509.19,0.0,0.0,116
3911561000130,2007-05-10,5214114.43,6.5205207000000005,5254532.89,0.0,0.0,116
3911561000130,2007-05-11,5306499.23,6.634497200000001,5346380.35,0.0,0.0,116
3911561000130,2007-05-14,5295232.18,6.6198519000000005,5334578.5,0.0,0.0,116
3911561000130,2007-05-15,5294226.03,6.6186421000000015,5333603.57,0.0,0.0,116
3911561000130,2007-05-16,5326061.36,6.6567797,5364336.63,0.0,0.0,116
3911561000130,2007-05-17,5433467.04,6.7472512999999985,5437242.76,0.0,0.0,116
3911561000130,2007-05-18,5460194.89,6.7797326,5463417.64,0.0,0.0,116
3911561000130,2007-05-21,5501277.44,6.830038799999999,5503956.66,0.0,0.0,116
3911561000130,2007-05-22,5509520.04,6.8395924,5511655.42,0.0,0.0,116
3911561000130,2007-05-23,5562924.67,6.9051746,5564504.54,0.0,0.0,116
3911561000130,2007-05-24,5504461.83,6.8319517,5505498.19,0.0,0.0,116
3911561000130,2007-05-25,5448041.36,6.7612814,5448548.84,0.0,0.0,116
3911561000130,2007-05-28,5477112.14,6.7963084,5476775.23,0.0,0.0,116
3911561000130,2007-05-29,5437859.7,6.747288799999999,5437273.01,0.0,0.0,116
3911561000130,2007-05-30,5419422.89,6.7237409,5418297.01,0.0,0.0,116
3911561000130,2007-05-31,5444085.56,6.7536773,5419337.06,0.0,23084.06,115
3911561000130,2007-06-01,5493383.02,6.8144287,5468085.66,0.0,0.0,115
3911561000130,2007-06-04,5555006.82,6.8905080000000005,5529133.76,0.0,0.0,115
3911561000130,2007-06-05,5626113.21,7.0017606,5618405.92,0.0,0.0,115
3911561000130,2007-06-06,5556352.02,6.914030499999999,5548008.89,0.0,0.0,115
3911561000130,2007-06-08,5512860.14,6.871066000000001,5513532.97,0.0,0.0,115
3911561000130,2007-06-11,5621121.07,7.0057335000000025,5621593.87,0.0,0.0,115
3911561000130,2007-06-12,5635050.91,7.0215957,5634322.17,0.0,0.0,115
3911561000130,2007-06-13,5742825.44,7.1550505000000015,5741409.95,0.0,0.0,115
3911561000130,2007-06-14,5859836.31,7.3000418000000025,5857754.96,0.0,0.0,115
3911561000130,2007-06-15,5904106.77,7.4553557,5982383.16,0.0,0.0,115
3911561000130,2007-06-18,5933485.06,7.4911202,5861259.17,0.0,149822.4,114
3911561000130,2007-06-19,5982095.88,7.5523909,5909199.04,0.0,0.0,114
3911561000130,2007-06-20,6042348.92,7.5269845,5889320.41,0.0,0.0,114
3911561000130,2007-06-21,5821472.08,7.559839999999999,5915027.45,0.0,0.0,114
3911561000130,2007-06-22,5821472.08,7.5589829,5796950.69,0.0,117406.12,112
3911561000130,2007-06-25,5813534.16,7.547770799999999,5788352.15,0.0,0.0,112
3911561000130,2007-06-26,5777813.52,7.5003348,5751973.74,0.0,0.0,112
3911561000130,2007-06-27,5758960.96,7.4748962,5732464.96,0.0,0.0,112
3911561000130,2007-06-28,5817503.12,7.550371000000001,5790346.28,0.0,0.0,112
3911561000130,2007-06-29,5791268.16,7.5769800000000025,5810752.62,0.0,0.0,112
3911561000130,2007-07-02,5845401.36,7.646729799999999,5833419.45,0.0,30823.96,111
3911561000130,2007-07-03,6000911.28,7.849724799999999,5988277.13,0.0,0.0,111
3911561000130,2007-07-04,6065871.12,7.9340156,6052579.59,0.0,0.0,111
3911561000130,2007-07-05,6083688.0,7.980909,6088352.92,0.0,0.0,111
3911561000130,2007-07-06,6161205.96,8.0816498,6165204.53,0.0,0.0,111
3911561000130,2007-07-09,6161205.96,8.0807045,6164483.37,0.0,0.0,111
3911561000130,2007-07-10,6035416.8,7.971545,6081209.42,0.0,0.0,111
3911561000130,2007-07-11,6051978.88,7.9923822,6050206.12,0.0,46899.29,110
3911561000130,2007-07-12,6159145.28,8.1330248,6156672.11,0.0,0.0,110
3911561000130,2007-07-13,6269234.4,8.2775628,6266086.84,0.0,0.0,110
3911561000130,2007-07-16,6241955.68,8.2406388,6238135.54,0.0,0.0,110
3911561000130,2007-07-17,6278002.56,8.2873654,6273507.41,0.0,0.0,110
3911561000130,2007-07-18,6274105.6,8.2813263,6268935.79,0.0,0.0,110
3911561000130,2007-07-19,6356916.0,8.3898198,6351065.0,0.0,0.0,110
3911561000130,2007-07-20,6317946.4,8.3374448,6311417.35,0.0,0.0,110
3911561000130,2007-07-23,6376400.8,8.4137619,6369189.1,0.0,0.0,110
3911561000130,2007-07-24,6226367.84,8.214680900000001,6218485.45,0.0,0.0,110
3911561000130,2007-07-25,6137712.0,8.096689,6129165.98,0.0,0.0,110
3911561000130,2007-07-26,5989627.52,7.9002068,5980429.68,0.0,0.0,110
3911561000130,2007-07-27,5953580.64,7.851731299999999,5943733.87,0.0,0.0,110
3911561000130,2007-07-30,5954554.88,7.852161,5944059.14,0.0,0.0,110
3911561000130,2007-07-31,6080231.84,8.0173109,6069077.05,0.0,0.0,110
3911561000130,2007-08-01,5842979.84,7.7269209000000005,5849252.84,0.0,0.0,110
3911561000130,2007-08-02,5885714.4,7.7825357,5891353.04,0.0,0.0,110
3911561000130,2007-08-03,5789561.64,7.6546744,5794562.45,0.0,0.0,110
3911561000130,2007-08-06,5621537.12,7.4318799,5625907.75,0.0,0.0,110
3911561000130,2007-08-07,5740999.64,7.588876299999999,5744753.5,0.0,0.0,110
3911561000130,2007-08-08,5936218.88,7.845865400000001,5939293.41,0.0,0.0,110
3911561000130,2007-08-09,5797331.56,7.6615463,5799764.45,0.0,0.0,110
3911561000130,2007-08-10,5651645.56,7.4682606,5653447.87,0.0,0.0,110
3911561000130,2007-08-13,5718661.12,7.555971,5719844.3,0.0,0.0,110
3911561000130,2007-08-14,5740028.4,7.5833726,5740587.21,0.0,0.0,110
3911561000130,2007-08-15,5580745.04,7.3722628,5580777.84,0.0,0.0,110
3911561000130,2007-08-16,5262178.32,6.9506222000000015,5261597.33,0.0,0.0,110
3911561000130,2007-08-17,5335992.56,7.0473548,5334823.58,0.0,0.0,110
3911561000130,2007-08-20,5274224.64,7.0364307,5326554.12,0.0,0.0,110
3911561000130,2007-08-21,5273254.4,7.0343655,5316640.93,0.0,8349.79,109
3911561000130,2007-08-22,5483796.48,7.3121467,5526590.64,0.0,0.0,109
3911561000130,2007-08-23,5533278.72,7.3768100999999975,5575463.85,0.0,0.0,109
3911561000130,2007-08-24,5600225.28,7.4645750999999985,5641797.49,0.0,0.0,109
3911561000130,2007-08-27,5611868.16,7.4791617,5652822.2,0.0,0.0,109
3911561000130,2007-08-28,5549772.8,7.3961852,5590107.77,0.0,0.0,109
3911561000130,2007-08-29,5600225.28,7.4621257,5639946.19,0.0,0.0,109
3911561000130,2007-08-30,5660380.16,7.540897900000001,5699483.03,0.0,0.0,109
3911561000130,2007-08-31,5904880.64,7.863568799999999,5943360.75,0.0,0.0,109
3911561000130,2007-09-03,5946930.08,7.9344969,5996968.91,0.0,0.0,109
3911561000130,2007-09-04,6056341.2,8.078361099999999,6105702.82,0.0,0.0,109
3911561000130,2007-09-05,6019548.08,8.0287733,6068223.91,0.0,0.0,109
3911561000130,2007-09-06,6157038.16,8.2097808,6205031.14,0.0,0.0,109
3911561000130,2007-09-10,6036976.4,8.0500112,6084275.68,0.0,0.0,109
3911561000130,2007-09-11,6134768.64,8.178425200000001,6181332.27,0.0,0.0,109
3911561000130,2007-09-12,6239338.56,8.3158648,6285210.39,0.0,0.0,109
3911561000130,2007-09-13,6280004.64,8.3687432,6325176.39,0.0,0.0,109
3911561000130,2007-09-14,6222878.48,8.29223,6267347.01,0.0,0.0,109
3911561000130,2007-09-17,6130895.68,8.1696046,6174665.56,0.0,0.0,109
3911561000130,2007-09-18,6270722.56,8.4395793,6378714.99,0.0,0.0,109
3911561000130,2007-09-19,6408709.12,8.621211099999998,6442075.81,0.0,73918.26,108
3911561000130,2007-09-20,6364630.08,8.5612681,6397284.26,0.0,0.0,108
3911561000130,2007-09-21,6510282.56,8.7552411,6542227.78,0.0,0.0,108
3911561000130,2007-09-24,6671266.88,8.9697168,6702491.66,0.0,0.0,108
3911561000130,2007-09-25,6598440.64,8.871274699999997,6628932.23,0.0,0.0,108
3911561000130,2007-09-26,6633895.52,8.9177494,6663659.78,0.0,0.0,108
3911561000130,2007-09-27,6742176.64,9.0616812,6771210.78,0.0,0.0,108
3911561000130,2007-09-28,6645868.0,8.9502684,6687959.13,0.0,0.0,108
3911561000130,2007-10-01,6718505.38,9.0606761,6770459.68,0.0,0.0,108
3911561000130,2007-10-02,6723279.08,9.0661077,6774518.39,0.0,0.0,108
3911561000130,2007-10-03,6699410.58,9.033207899999999,6749934.48,0.0,0.0,108
3911561000130,2007-10-04,6584841.78,8.878929600000003,6634652.22,0.0,0.0,108
3911561000130,2007-10-05,6788201.4,9.150136300000002,6837307.52,0.0,0.0,108
3911561000130,2007-10-08,6816843.6,9.2513241,6912918.65,0.0,0.0,108
3911561000130,2007-10-09,6991561.02,9.4841703,7086909.67,0.0,0.0,108
3911561000130,2007-10-10,7128088.84,9.6658905,7222697.44,0.0,0.0,108
3911561000130,2007-10-11,7247431.34,9.824590800000001,7341283.95,0.0,0.0,108
3911561000130,2007-10-15,7367728.58,9.984563099999999,7460820.96,0.0,0.0,108
3911561000130,2007-10-16,7409737.14,10.039884800000001,7502159.31,0.0,0.0,108
3911561000130,2007-10-17,7323810.54,9.9238577,7415459.69,0.0,0.0,108
3911561000130,2007-10-18,7311398.92,9.906222300000001,7402281.94,0.0,0.0,108
3911561000130,2007-10-19,7139545.72,9.675213099999999,7229663.64,0.0,0.0,108
3911561000130,2007-10-22,6848350.02,9.2845103,6937716.55,0.0,0.0,108
3911561000130,2007-10-23,7043799.98,9.5569138,7141266.18,0.0,0.0,108
3911561000130,2007-10-24,7121036.72,9.659281,7208495.03,0.0,9263.52,108
3911561000130,2007-10-25,7371817.74,9.9943194,7458526.33,0.0,0.0,108
3911561000130,2007-10-26,7668368.68,10.3906622,7754307.72,0.0,0.0,108
3911561000130,2007-10-29,7942034.66,10.756308099999998,8027180.67,0.0,0.0,108
3911561000130,2007-10-30,7817120.92,10.5878338,7901452.24,0.0,0.0,108
3911561000130,2007-10-31,7832377.56,10.607199000000001,7915904.02,0.0,0.0,108
3911561000130,2007-11-01,7786607.64,10.5447746,7869318.2,0.0,0.0,108
3911561000130,2007-11-05,7547615.28,10.2448189,7645468.25,0.0,0.0,108
3911561000130,2007-11-06,7667509.32,10.4044103,7764567.6,0.0,0.0,108
3911561000130,2007-11-07,7856865.78,10.6570677,7953119.9,0.0,0.0,108
3911561000130,2007-11-08,8666626.32,11.7410378,8762061.33,0.0,0.0,108
3911561000130,2007-11-09,9289885.02,12.5749293,9384375.02,0.0,0.0,108
3911561000130,2007-11-12,8674238.64,11.748722,8767795.93,0.0,0.0,108
3911561000130,2007-11-13,8541974.58,11.5703058,8634648.09,0.0,0.0,108
3911561000130,2007-11-14,8890238.22,12.0358041,8982038.53,0.0,0.0,108
3911561000130,2007-11-16,8736088.74,11.8280389,8826988.28,0.0,0.0,108
3911561000130,2007-11-19,8649498.6,11.7109528,8739609.66,0.0,0.0,108
3911561000130,2007-11-20,8649498.6,11.7097716,8738728.13,0.0,0.0,108
3911561000130,2007-11-21,8580987.72,11.6167868,8669335.77,0.0,0.0,108
3911561000130,2007-11-22,8515331.46,11.5276326,8602802.06,0.0,0.0,108
3911561000130,2007-11-23,8605727.76,11.6475956,8692327.67,0.0,0.0,108
3911561000130,2007-11-26,8596212.36,11.6336689,8681934.49,0.0,0.0,108
3911561000130,2007-11-27,8291719.56,11.2244778,8376564.73,0.0,0.0,108
3911561000130,2007-11-28,8327878.08,11.271787,8411870.52,0.0,0.0,108
3911561000130,2007-11-29,8295525.72,11.2272889,8378662.63,0.0,0.0,108
3911561000130,2007-11-30,8242239.48,11.1547432,8324523.46,0.0,0.0,108
3911561000130,2007-12-03,8108072.34,10.9738239,8189507.64,0.0,0.0,108
3911561000130,2007-12-04,8300878.68,11.2544699,8398947.18,0.0,0.0,108
3911561000130,2007-12-05,8656006.64,11.729177,8753209.91,0.0,0.0,108
3911561000130,2007-12-06,8882946.7,12.0321049,8979277.9,0.0,0.0,108
3911561000130,2007-12-07,9098492.28,12.319726,9193922.84,0.0,0.0,108
3911561000130,2007-12-10,8825974.3,11.953241,8920423.63,0.0,0.0,108
3911561000130,2007-12-11,8974102.54,12.1505301,9067655.9,0.0,0.0,108
3911561000130,2007-12-12,9294097.52,12.5781026,9386743.24,0.0,0.0,108
3911561000130,2007-12-13,9186799.5,12.4330744,9278512.04,0.0,0.0,108
3911561000130,2007-12-14,9232377.42,12.4929092,9323165.37,0.0,0.0,108
3911561000130,2007-12-17,8886744.86,12.028522800000001,8976604.67,0.0,0.0,108
3911561000130,2007-12-18,8819327.52,11.9369771,8908286.25,0.0,0.0,108
3911561000130,2007-12-19,8982648.4,12.154625099999999,9070711.91,0.0,0.0,108
3911561000130,2007-12-20,9262762.7,12.5287575,9349918.12,0.0,0.0,108
3911561000130,2007-12-21,9579909.06,12.9524826,9666134.2,0.0,0.0,108
3911561000130,2007-12-24,9579909.06,12.9512024,9665178.86,0.0,0.0,108
3911561000130,2007-12-26,9738482.24,13.1624081,9822796.74,0.0,0.0,108
3911561000130,2007-12-27,9773615.22,13.208189,9856961.94,0.0,0.0,108
3911561000130,2007-12-28,9875216.0,13.3430321,9957592.2,0.0,0.0,108
3911561000130,2007-12-31,9875216.0,13.341721,9956613.72,0.0,0.0,108
3911561000130,2008-01-02,9865720.6,13.3277057,9946154.41,0.0,0.0,108
3911561000130,2008-01-03,9806525.76,13.2679457,9901556.96,0.0,0.0,108
3911561000130,2008-01-04,9394128.36,12.714053300000002,9488200.02,0.0,0.0,108
3911561000130,2008-01-07,9021548.64,12.2135599,9114693.57,0.0,0.0,108
3911561000130,2008-01-08,9282259.64,12.5617069,9374507.46,0.0,0.0,108
3911561000130,2008-01-09,9412141.12,12.7345165,9503471.23,0.0,0.0,108
3911561000130,2008-01-10,9379484.16,12.7026232,9479670.03,0.0,0.0,108
3911561000130,2008-01-11,9253480.08,12.5720388,9382217.96,0.0,0.0,108
3911561000130,2008-01-14,9143971.44,12.4621448,9273437.91,0.0,26768.68,107
3911561000130,2008-01-15,8739438.48,11.954527699999998,8895705.54,0.0,0.0,107
3911561000130,2008-01-16,8351730.0,11.432322,8472100.15,0.0,35017.2,106
3911561000130,2008-01-17,8060948.64,11.0387975,8180472.71,0.0,0.0,106
3911561000130,2008-01-18,7914146.4,10.839590800000002,8032847.52,0.0,0.0,106
3911561000130,2008-01-21,7430451.84,10.1861093,7548574.83,0.0,0.0,106
3911561000130,2008-01-22,7939554.48,10.8720538,8056904.68,0.0,0.0,106
3911561000130,2008-01-23,7958853.06,10.8290516,8025037.22,0.0,0.0,106
3911561000130,2008-01-24,8586519.55,11.6749744,8651921.48,0.0,0.0,106
3911561000130,2008-01-25,8585798.0,11.673842,8651082.29,0.0,0.0,106
3911561000130,2008-01-28,8871184.08,12.1247748,8985253.11,0.0,0.0,106
3911561000130,2008-01-29,9165563.67,12.4537384,9229036.71,0.0,0.0,106
3911561000130,2008-01-30,9132626.24,12.4080992,9195215.05,0.0,0.0,106
3911561000130,2008-01-31,9011274.46,12.243098,9072938.31,0.0,0.0,106
3911561000130,2008-02-01,9254049.46,12.5695091,9314830.34,0.0,0.0,106
3911561000130,2008-02-06,8975501.1,12.192195300000002,9035216.1,0.0,0.0,106
3911561000130,2008-02-07,9184429.57,12.4728852,9243225.73,0.0,0.0,106
3911561000130,2008-02-08,9273895.45,12.592282199999998,9331706.76,0.0,0.0,106
3911561000130,2008-02-11,9418350.9,12.8132576,9495463.99,0.0,0.0,106
3911561000130,2008-02-12,9497441.4,12.9186479,9573565.1,0.0,0.0,106
3911561000130,2008-02-13,9514412.51,12.9402206,9589551.91,0.0,0.0,106
3911561000130,2008-02-14,9611393.75,13.069618199999999,9685444.02,0.0,0.0,106
3911561000130,2008-02-15,9417542.74,12.806733300000001,9490629.02,0.0,0.0,106
3911561000130,2008-02-18,9553982.28,12.9876664,9624712.34,0.0,0.0,106
3911561000130,2008-02-19,9688604.71,13.167772699999999,9758182.91,0.0,0.0,106
3911561000130,2008-02-20,9650014.48,13.114212799999999,9718491.49,0.0,0.0,106
3911561000130,2008-02-21,9641573.45,13.1012923,9708916.55,0.0,0.0,106
3911561000130,2008-02-22,9491028.3,12.8966259,9557245.34,0.0,0.0,106
3911561000130,2008-02-25,9561609.61,12.9903898,9626730.55,0.0,0.0,106
3911561000130,2008-02-26,9590771.04,13.028273,9654804.52,0.0,0.0,106
3911561000130,2008-02-27,9734778.49,13.221074599999998,9797683.13,0.0,0.0,106
3911561000130,2008-02-28,9809134.7,13.3198922,9870913.42,0.0,0.0,106
3911561000130,2008-02-29,9379488.37,12.7521784,9450200.3,0.0,0.0,106
3911561000130,2008-03-03,9259681.84,12.6025803,9302154.16,0.0,37184.14,106
3911561000130,2008-03-04,8913367.68,12.1725544,8984745.55,0.0,0.0,106
3911561000130,2008-03-05,9067370.24,12.3799246,9137808.61,0.0,0.0,106
3911561000130,2008-03-06,9088029.12,12.406624,9157515.87,0.0,0.0,106
3911561000130,2008-03-07,8877684.16,12.1203568,8946217.7,0.0,0.0,106
3911561000130,2008-03-10,8786597.28,11.9956834,8854194.39,0.0,0.0,106
3911561000130,2008-03-11,8891681.16,12.1495387,8967757.32,0.0,0.0,106
3911561000130,2008-03-12,9013626.36,12.3134793,9088764.39,0.0,0.0,106
3911561000130,2008-03-13,8793186.96,12.0135435,8867377.24,0.0,0.0,106
3911561000130,2008-03-14,8728462.2,11.9244586,8801622.31,0.0,0.0,106
3911561000130,2008-03-17,8364502.68,11.430112199999998,8436737.84,0.0,0.0,106
3911561000130,2008-03-18,8464872.96,11.5648802,8536212.13,0.0,0.0,106
3911561000130,2008-03-19,8060577.72,11.0159155,8131012.99,0.0,0.0,106
3911561000130,2008-03-20,7758528.84,10.605518,7828092.39,0.0,0.0,106
3911561000130,2008-03-24,7978030.2,10.9017504,8046746.05,0.0,0.0,106
3911561000130,2008-03-25,8295087.72,11.3301288,8362938.53,0.0,0.0,106
3911561000130,2008-03-26,8455492.56,11.5462396,8522453.22,0.0,0.0,106
3911561000130,2008-03-27,8431103.52,11.5136545,8498401.61,0.0,0.0,106
3911561000130,2008-03-28,8316662.64,11.3573891,8383059.83,0.0,0.0,106
3911561000130,2008-03-31,8361688.56,11.4171823,8427194.03,0.0,0.0,106
3911561000130,2008-04-01,8476129.44,11.571034599999999,8540754.75,0.0,0.0,106
3911561000130,2008-04-02,8800554.28,11.9421915,8814711.28,0.0,0.0,106
3911561000130,2008-04-03,8908565.88,12.1544899,8971411.92,0.0,0.0,106
3911561000130,2008-04-04,9011717.0,12.2256779,9023956.83,0.0,0.0,106
3911561000130,2008-04-07,8998617.72,12.3000911,9078882.32,0.0,0.0,106
3911561000130,2008-04-08,8986423.2,12.2823074,9065755.89,0.0,0.0,106
3911561000130,2008-04-09,9105546.44,12.4017779,9153938.85,0.0,0.0,106
3911561000130,2008-04-10,9092386.84,12.3826772,9139840.35,0.0,0.0,106
3911561000130,2008-04-11,9004229.36,12.2619609,9050737.84,0.0,0.0,106
3911561000130,2008-04-14,9487942.05,12.9542661,9503623.51,0.0,58115.23,106
3911561000130,2008-04-15,9586030.08,13.127575699999998,9630768.4,0.0,0.0,106
3911561000130,2008-04-16,9551433.6,13.0790841,9595193.61,0.0,0.0,106
3911561000130,2008-04-17,9610341.12,13.1580468,9653122.9,0.0,0.0,106
3911561000130,2008-04-18,9744986.88,13.340241,9786785.81,0.0,0.0,106
3911561000130,2008-04-22,9932929.92,13.5950696,9973735.42,0.0,0.0,106
3911561000130,2008-04-23,9799219.2,13.411435800000001,9839016.39,0.0,0.0,106
3911561000130,2008-04-24,9606600.96,13.1475206,9645400.58,0.0,0.0,106
3911561000130,2008-04-25,9595383.36,13.1587927,9653670.08,0.0,0.0,106
3911561000130,2008-04-28,9683089.12,13.2782388,9716615.0,0.0,24684.24,105
3911561000130,2008-04-29,9399444.96,12.889275,9431982.97,0.0,0.0,105
3911561000130,2008-04-30,9417475.91,12.8446043,9399294.34,0.0,0.0,105
3911561000130,2008-05-02,9584186.88,13.1773672,9642800.2,0.0,0.0,105
3911561000130,2008-05-05,9819544.65,13.5049739,9882532.89,0.0,0.0,105
3911561000130,2008-05-06,10054664.92,13.8835743,10159581.28,0.0,0.0,105
3911561000130,2008-05-07,10118069.51,13.7597767,10068989.93,0.0,0.0,105
3911561000130,2008-05-08,10028313.92,13.781480800000002,10084872.27,0.0,0.0,105
3911561000130,2008-05-09,10045108.64,13.9942854,10240596.29,0.0,0.0,105
3911561000130,2008-05-12,10186930.72,14.0387671,10273146.65,0.0,0.0,105
3911561000130,2008-05-13,10457512.32,14.3739557,10518427.57,0.0,0.0,105
3911561000130,2008-05-14,10433253.28,14.1480976,10353151.39,0.0,0.0,105
3911561000130,2008-05-15,10425788.96,14.4117383,10546075.71,0.0,0.0,105
3911561000130,2008-05-16,10718763.52,14.7927989,10824924.4,0.0,0.0,105
3911561000130,2008-05-19,11039729.28,15.2477819,11157867.27,0.0,0.0,105
3911561000130,2008-05-20,11252462.4,15.707829,11494515.88,0.0,0.0,105
3911561000130,2008-05-21,11776830.88,15.9102804,11642663.7,0.0,0.0,105
3911561000130,2008-05-23,11131167.2,15.3094369,11202984.55,0.0,0.0,105
3911561000130,2008-05-26,11412945.28,15.7541786,11528433.1,0.0,0.0,105
3911561000130,2008-05-27,11035997.12,15.1150961,11060771.81,0.0,0.0,105
3911561000130,2008-05-28,11119970.72,15.4425491,11300391.99,0.0,0.0,105
3911561000130,2008-05-29,11062122.24,14.8085915,10836480.95,0.0,0.0,105
3911561000130,2008-05-30,10847523.04,14.6520436,10721923.94,0.0,0.0,105
3911561000130,2008-06-02,10830728.32,14.9157941,10914928.6,0.0,0.0,105
3911561000130,2008-06-03,10504164.32,14.1620372,10363352.03,0.0,0.0,105
3911561000130,2008-06-04,10026447.84,13.6531489,9990962.91,0.0,0.0,105
3911561000130,2008-06-05,10280234.72,14.324993300000004,10482598.39,0.0,0.0,105
3911561000130,2008-06-06,10548950.24,14.3261104,10483415.81,0.0,0.0,105
3911561000130,2008-06-09,10453780.16,14.2762255,10446911.55,0.0,0.0,105
3911561000130,2008-06-10,10186930.72,13.8514812,10136096.45,0.0,0.0,105
3911561000130,2008-06-11,10233582.72,13.875352300000001,10153564.65,0.0,0.0,105
3911561000130,2008-06-12,10188796.8,13.9094226,10170354.06,0.0,8142.17,105
3911561000130,2008-06-13,10377270.88,14.1808666,10368829.74,0.0,0.0,105
3911561000130,2008-06-16,10446315.84,14.2258666,10401733.03,0.0,0.0,105
3911561000130,2008-06-17,10463110.56,14.2821891,10442915.18,0.0,0.0,105
3911561000130,2008-06-18,10311958.08,14.096771799999999,10307340.9,0.0,0.0,105
3911561000130,2008-06-19,10024581.76,13.6076654,9949713.87,0.0,0.0,105
3911561000130,2008-06-20,9860366.72,13.353394,9763794.59,0.0,0.0,105
3911561000130,2008-06-23,10000322.72,13.609569400000002,9951106.05,0.0,0.0,105
3911561000130,2008-06-24,9990992.32,13.554364199999998,9910740.91,0.0,0.0,105
3911561000130,2008-06-25,10011519.2,13.933026000000002,10187612.55,0.0,0.0,105
3911561000130,2008-06-26,10144010.88,13.959463500000002,10206943.19,0.0,0.0,105
3911561000130,2008-06-27,10272770.4,14.008868,10243067.0,0.0,0.0,105
3911561000130,2008-06-30,10550816.32,14.3772852,10512447.96,0.0,0.0,105
3911561000130,2008-07-01,10509579.52,14.337559699999998,10483401.28,0.0,0.0,105
3911561000130,2008-07-02,10278681.6,13.750416,10054090.9,0.0,0.0,105
3911561000130,2008-07-03,9844816.96,13.2015188,9652745.82,0.0,0.0,105
3911561000130,2008-07-04,9803851.2,13.3911973,9791435.77,0.0,0.0,105
3911561000130,2008-07-07,9725643.84,13.0486083,9540940.0,0.0,0.0,105
3911561000130,2008-07-08,9252675.52,12.6576599,9255084.58,0.0,0.0,105
3911561000130,2008-07-09,9252675.52,12.6563819,9254150.12,0.0,0.0,105
3911561000130,2008-07-10,9116743.68,12.4768375,9122870.1,0.0,0.0,105
3911561000130,2008-07-11,9276882.56,12.5850803,9202015.56,0.0,0.0,105
3911561000130,2008-07-14,9273158.4,12.6194613,9227154.4,0.0,0.0,105
3911561000130,2008-07-15,9042260.48,12.4127607,9076018.12,0.0,0.0,105
3911561000130,2008-07-16,8913776.96,12.2179558,8933579.77,0.0,0.0,105
3911561000130,2008-07-17,8641913.28,11.6997402,8554668.57,0.0,0.0,105
3911561000130,2008-07-18,8581606.88,11.701084800000002,8499919.48,0.0,55732.26,104
3911561000130,2008-07-21,8696373.84,11.9589338,8687226.51,0.0,0.0,104
3911561000130,2008-07-22,8453882.36,11.5729285,8406824.01,0.0,0.0,104
3911561000130,2008-07-23,8242859.24,11.186954,8126443.78,0.0,0.0,104
3911561000130,2008-07-24,7950388.6,10.6404723,7729467.75,0.0,0.0,104
3911561000130,2008-07-25,7709748.2,10.5985811,7699037.07,0.0,0.0,104
3911561000130,2008-07-28,7915218.08,10.6917487,7766716.04,0.0,0.0,104
3911561000130,2008-07-29,7809706.52,10.8078429,7851049.37,0.0,0.0,104
3911561000130,2008-07-30,8087875.92,11.334016,8233272.82,0.0,0.0,104
3911561000130,2008-07-31,8135952.0,11.1622952,8108531.09,0.0,0.0,104
3911561000130,2008-08-01,7943647.68,10.741875,7803128.86,0.0,0.0,104
3911561000130,2008-08-04,7566673.08,10.1884466,7401106.59,0.0,0.0,104
3911561000130,2008-08-05,7384010.16,10.0705103,7315435.11,0.0,0.0,104
3911561000130,2008-08-06,7524236.24,10.338656,7510221.92,0.0,0.0,104
3911561000130,2008-08-07,7695828.68,10.4924823,7621964.66,0.0,0.0,104
3911561000130,2008-08-08,7561137.84,10.406786,7559713.0,0.0,0.0,104
3911561000130,2008-08-11,7454123.2,10.116114300000001,7348562.82,0.0,0.0,104
3911561000130,2008-08-12,7487334.64,10.201241699999999,7410401.24,0.0,0.0,104
3911561000130,2008-08-13,7583278.8,10.466840300000001,7603337.73,0.0,0.0,104
3911561000130,2008-08-14,7594349.28,10.377099000000001,7538147.71,0.0,0.0,104
3911561000130,2008-08-15,7382165.08,10.1600916,7380508.89,0.0,0.0,104
3911561000130,2008-08-18,7289911.08,9.8668625,7167500.95,0.0,0.0,104
3911561000130,2008-08-19,7350798.72,10.1553472,7377062.45,0.0,0.0,104
3911561000130,2008-08-20,7697673.76,10.6520855,7737903.87,0.0,0.0,104
3911561000130,2008-08-21,7989196.4,10.983687199999999,7978786.47,0.0,0.0,104
3911561000130,2008-08-22,7967055.44,10.931728900000001,7941042.84,0.0,0.0,104
3911561000130,2008-08-25,7775167.12,10.559740099999999,7670822.15,0.0,0.0,104
3911561000130,2008-08-26,7795463.0,10.650053100000001,7736427.46,0.0,0.0,104
3911561000130,2008-08-27,7922773.52,10.9511755,7955169.22,0.0,0.0,104
3911561000130,2008-08-28,8011337.36,10.9754185,7972779.87,0.0,0.0,104
3911561000130,2008-08-29,7957830.04,10.811702699999998,7853853.22,0.0,0.0,104
3911561000130,2008-09-01,7717969.64,10.5946597,7696188.5,0.0,0.0,104
3911561000130,2008-09-02,7549848.24,10.3387705,7510305.07,0.0,0.0,104
3911561000130,2008-09-03,7402641.84,10.15528,7377013.64,0.0,0.0,104
3911561000130,2008-09-04,7185512.4,9.7818235,7105726.8,0.0,0.0,104
3911561000130,2008-09-05,6984943.68,9.8010232,7119673.88,0.0,0.0,104
3911561000130,2008-09-08,7089828.24,9.3440033,6787684.81,0.0,0.0,104
3911561000130,2008-09-09,6526763.76,8.6894398,6312195.84,0.0,0.0,104
3911561000130,2008-09-10,6377717.28,8.8883302,6456674.1,0.0,0.0,104
3911561000130,2008-09-11,6830376.96,9.7967101,7116540.77,0.0,0.0,104
3911561000130,2008-09-12,7330878.72,10.2314581,7432351.02,0.0,0.0,104
3911561000130,2008-09-15,6935261.52,9.2120739,6691848.47,0.0,0.0,104
3911561000130,2008-09-16,6760453.92,9.740479400000002,7075693.58,0.0,0.0,104
3911561000130,2008-09-17,6892939.68,9.288543,6747397.24,0.0,0.0,104
3911561000130,2008-09-18,7150550.88,9.9435961,7223241.93,0.0,0.0,104
3911561000130,2008-09-19,7732016.16,10.8493717,7881216.78,0.0,0.0,104
3911561000130,2008-09-22,8054030.16,10.8735571,7898785.58,0.0,0.0,104
3911561000130,2008-09-23,7741216.56,10.3683279,7531776.25,0.0,0.0,104
3911561000130,2008-09-24,7783538.4,10.6534582,7738901.03,0.0,0.0,104
3911561000130,2008-09-25,7973066.64,11.1412119,8093215.76,0.0,0.0,104
3911561000130,2008-09-26,7820340.0,10.8766036,7900998.61,0.0,0.0,104
3911561000130,2008-09-29,7229674.32,9.986346800000002,7254296.94,0.0,0.0,104
3911561000130,2008-09-30,7549848.24,10.6742663,7754016.46,0.0,0.0,104
3911561000130,2008-10-01,7590330.0,10.5161031,7639123.32,0.0,0.0,104
3911561000130,2008-10-02,7168286.16,9.8307077,7141237.35,0.0,0.0,104
3911561000130,2008-10-03,7309434.48,9.6527599,7011972.28,0.0,0.0,104
3911561000130,2008-10-06,6301426.56,9.386333800000001,6818434.58,0.0,0.0,104
3911561000130,2008-10-07,6663134.32,8.8292584,6413763.06,0.0,0.0,104
3911561000130,2008-10-08,6417099.6,8.4137711,6111944.13,0.0,0.0,104
3911561000130,2008-10-09,6165556.64,7.8390799,5694476.14,0.0,0.0,104
3911561000130,2008-10-10,5420108.16,7.6006009999999975,5521239.91,0.0,0.0,104
3911561000130,2008-10-13,5868111.68,8.486908900000001,6165073.03,0.0,0.0,104
3911561000130,2008-10-14,6275721.44,8.5845451,6235998.08,0.0,0.0,104
3911561000130,2008-10-15,5453157.6,7.393122,5370522.7,0.0,0.0,104
3911561000130,2008-10-16,4898661.44,6.7502756999999995,4903545.35,0.0,0.0,104
3911561000130,2008-10-17,5168565.2,6.9188254,5025983.48,0.0,0.0,104
3911561000130,2008-10-20,5460501.92,7.7344192,5618448.35,0.0,0.0,104
3911561000130,2008-10-21,5532109.04,7.6577167,5562729.98,0.0,0.0,104
3911561000130,2008-10-22,5164893.04,7.0502308000000005,5121439.21,0.0,0.0,104
3911561000130,2008-10-23,4961088.16,6.809290700000001,4946415.09,0.0,0.0,104
3911561000130,2008-10-24,4509412.48,6.1134072999999995,4440910.45,0.0,0.0,104
3911561000130,2008-10-27,4237672.64,5.5439576,4027249.93,0.0,0.0,104
3911561000130,2008-10-28,4188098.48,6.0967934,4428841.76,0.0,0.0,104
3911561000130,2008-10-29,4720561.68,6.5535377,4760630.68,0.0,0.0,104
3911561000130,2008-10-30,5054728.24,7.0860729000000005,5147475.65,0.0,0.0,104
3911561000130,2008-10-31,5207122.88,7.2116273,5238681.06,0.0,0.0,104
3911561000130,2008-11-03,5214915.84,7.1048179000000005,5161092.41,0.0,0.0,104
3911561000130,2008-11-04,5582962.92,7.8122710999999985,5675001.66,0.0,0.0,104
3911561000130,2008-11-05,5570145.36,7.5115413,5456545.01,0.0,0.0,104
3911561000130,2008-11-06,5125192.92,6.9964298,5082357.0,0.0,0.0,104
3911561000130,2008-11-07,5207591.52,7.1064892,5162306.53,0.0,0.0,104
3911561000130,2008-11-10,5443800.84,7.377863799999999,5359438.83,0.0,0.0,104
3911561000130,2008-11-11,5205760.44,7.2408658,5259920.53,0.0,0.0,104
3911561000130,2008-11-12,4786443.12,6.2796145,4561646.98,0.0,0.0,104
3911561000130,2008-11-13,4606997.28,6.4527480000000015,4687414.82,0.0,0.0,104
3911561000130,2008-11-14,4614321.6,6.3183441,4589780.95,0.0,0.0,104
3911561000130,2008-11-17,4517274.36,6.3074644,4581877.72,0.0,0.0,104
3911561000130,2008-11-18,4389098.76,5.8630278,4259029.38,0.0,0.0,104
3911561000130,2008-11-19,4174862.4,5.6101984000000025,4075368.73,0.0,0.0,104
3911561000130,2008-11-20,4174862.4,5.6094577,4074830.66,0.0,0.0,104
3911561000130,2008-11-21,3706105.92,5.0818938,3691596.91,0.0,0.0,104
3911561000130,2008-11-24,4121761.08,5.7113664,4148859.31,0.0,0.0,104
3911561000130,2008-11-25,4158434.08,5.8090665,4219830.78,0.0,0.0,104
3911561000130,2008-11-26,4328352.52,6.0900376,4417880.72,0.0,6053.49,103
3911561000130,2008-11-27,4350277.48,5.9381133,4307670.66,0.0,0.0,103
3911561000130,2008-11-28,4370375.36,5.9700883000000005,4330866.21,0.0,0.0,103
3911561000130,2008-12-01,4017748.92,5.4681406,3966739.56,0.0,0.0,103
3911561000130,2008-12-02,4024974.72,5.4376857,3944646.74,0.0,0.0,103
3911561000130,2008-12-03,3988533.12,5.7383947,4162789.26,0.0,0.0,103
3911561000130,2008-12-04,4077815.04,5.4739398,3970946.47,0.0,0.0,103
3911561000130,2008-12-05,3799036.8,5.4003977,3917596.98,0.0,0.0,103
3911561000130,2008-12-08,4298286.72,6.1425939000000005,4456006.48,0.0,0.0,103
3911561000130,2008-12-09,4476850.56,6.0765338,4408084.72,0.0,0.0,103
3911561000130,2008-12-10,4803002.88,6.693670399999999,4855772.54,0.0,0.0,103
3911561000130,2008-12-11,5112756.48,6.7606852,4904386.92,0.0,0.0,103
3911561000130,2008-12-12,5028940.8,6.928164,5025880.66,0.0,0.0,103
3911561000130,2008-12-15,5056272.0,6.9650194,5052616.59,0.0,0.0,103
3911561000130,2008-12-16,5256700.8,7.2405333,5252481.91,0.0,0.0,103
3911561000130,2008-12-17,5400645.12,7.4381148,5395812.97,0.0,0.0,103
3911561000130,2008-12-18,5120044.8,7.0504469,5114588.03,0.0,0.0,103
3911561000130,2008-12-19,5081781.12,6.9968702,5075722.04,0.0,0.0,103
3911561000130,2008-12-22,4759272.96,6.5514675,4752614.66,0.0,0.0,103
3911561000130,2008-12-23,4717365.12,6.492907,4710133.24,0.0,0.0,103
3911561000130,2008-12-24,4717365.12,6.492121,4709563.04,0.0,0.0,103
3911561000130,2008-12-26,4892284.8,6.7324613,4883912.56,0.0,0.0,103
3911561000130,2008-12-29,4936014.72,6.9928767999999994,5072825.06,0.0,0.0,103
3911561000130,2008-12-30,5008897.92,7.0925202999999994,5145109.25,0.0,0.0,103
3911561000130,2008-12-31,5008897.92,7.0916866999999995,5144504.54,0.0,0.0,103
3911561000130,2009-01-02,5428786.88,7.6859872,5575626.41,0.0,0.0,103
3911561000130,2009-01-05,5548780.16,7.8505299,5694990.23,0.0,0.0,103
3911561000130,2009-01-06,5639684.16,7.9749601,5785255.3,0.0,0.0,103
3911561000130,2009-01-07,5345155.2,7.5680619999999985,5490080.26,0.0,0.0,103
3911561000130,2009-01-08,5626957.6,7.955667599999999,5771259.98,0.0,0.0,103
3911561000130,2009-01-09,5617867.2,7.9422474,5761524.59,0.0,0.0,103
3911561000130,2009-01-12,5206981.12,7.3749539,5349994.3,0.0,0.0,103
3911561000130,2009-01-13,5225161.92,7.3991731,5367563.56,0.0,0.0,103
3911561000130,2009-01-14,5024141.44,7.1326477,5174218.72,0.0,0.0,103
3911561000130,2009-01-15,5189313.72,7.359513400000001,5333041.64,0.0,5751.75,103
3911561000130,2009-01-16,5263732.0,7.4613674,5406849.72,0.0,0.0,103
3911561000130,2009-01-19,5167532.76,7.3277638,5310034.41,0.0,0.0,103
3911561000130,2009-01-20,4974159.6,7.071436500000001,5124287.87,0.0,0.0,103
3911561000130,2009-01-21,5256844.08,7.461068400000001,5395441.42,0.0,11191.6,102
3911561000130,2009-01-22,5129998.48,7.284809700000001,5267980.66,0.0,0.0,102
3911561000130,2009-01-23,5117313.92,7.2664322,5254691.06,0.0,0.0,102
3911561000130,2009-01-26,5180736.72,7.353300999999999,5317509.87,0.0,0.0,102
3911561000130,2009-01-27,5137246.8,7.292319,5273410.98,0.0,0.0,102
3911561000130,2009-01-28,5517783.6,7.8177058000000015,5653342.31,0.0,0.0,102
3911561000130,2009-01-29,5439864.16,7.7090762,5574787.24,0.0,0.0,102
3911561000130,2009-01-30,5503286.96,7.7959098,5637580.65,0.0,0.0,102
3911561000130,2009-02-02,5377870.08,7.6423337,5526522.71,0.0,0.0,102
3911561000130,2009-02-03,5585684.28,7.9285163,5733474.44,0.0,0.0,102
3911561000130,2009-02-04,5630861.28,7.990063900000001,5777982.39,0.0,0.0,102
3911561000130,2009-02-05,5686002.0,8.0742127,5838834.25,0.0,0.0,102
3911561000130,2009-02-06,5992865.6,8.4976213,6137661.48,0.0,7358.94,101
3911561000130,2009-02-09,6060151.88,8.5992322,6211053.06,0.0,0.0,101
3911561000130,2009-02-10,6018681.04,8.5408369,6163490.07,0.0,5385.19,100
3911561000130,2009-02-11,5940264.0,8.4451424,6094432.19,0.0,0.0,100
3911561000130,2009-02-12,5895262.0,8.3818153,6038352.87,0.0,10379.35,100
3911561000130,2009-02-13,6105871.36,8.673198699999999,6248268.74,0.0,0.0,100
3911561000130,2009-02-16,6165274.0,8.7546695,6306961.21,0.0,0.0,100
3911561000130,2009-02-17,5816058.48,8.2689325,5957030.88,0.0,0.0,100
3911561000130,2009-02-18,5682852.56,8.0830762,5823137.91,0.0,0.0,100
3911561000130,2009-02-19,5796257.6,8.239554400000001,5935866.53,0.0,0.0,100
3911561000130,2009-02-20,5670252.0,8.0636951,5809175.56,0.0,0.0,100
3911561000130,2009-02-25,5805258.0,8.2501591,5943506.25,0.0,0.0,100
3911561000130,2009-02-26,5850260.0,8.3116739,5987822.26,0.0,0.0,100
3911561000130,2009-02-27,5886261.6,8.3606906,6023134.38,0.0,0.0,100
3911561000130,2009-03-02,5501169.44,7.855098700000001,5658900.41,0.0,0.0,100
3911561000130,2009-03-03,5468894.0,7.809133,5625786.21,0.0,0.0,100
3911561000130,2009-03-04,5829303.08,8.3085462,5985569.0,0.0,0.0,100
3911561000130,2009-03-05,5755786.8,8.2055895,5911397.87,0.0,0.0,100
3911561000130,2009-03-06,5649995.08,8.0578396,5804957.18,0.0,0.0,100
3911561000130,2009-03-09,5664339.72,8.076862299999998,5818661.31,0.0,0.0,100
3911561000130,2009-03-10,5974542.56,8.506563,6128222.53,0.0,0.0,100
3911561000130,2009-03-11,6012197.24,8.5579067,6165211.04,0.0,0.0,100
3911561000130,2009-03-12,6150264.4,8.7486284,6298223.6,0.0,4385.48,100
3911561000130,2009-03-13,6168195.2,8.7725913,6315474.72,0.0,0.0,100
3911561000130,2009-03-16,6024748.8,8.5723892,6171347.28,0.0,0.0,100
3911561000130,2009-03-17,6204056.8,8.8205292,6349985.69,0.0,0.0,100
3911561000130,2009-03-18,6275780.0,8.919207400000003,6421025.1,0.0,0.0,100
3911561000130,2009-03-19,6512466.56,9.2470222,6657022.25,0.0,0.0,100
3911561000130,2009-03-20,6512466.56,9.2460029,6656288.44,0.0,0.0,100
3911561000130,2009-03-23,6964250.76,9.9049635,7130680.63,0.0,0.0,100
3911561000130,2009-03-24,6817710.2,9.7003379,6960243.96,0.0,23124.71,100
3911561000130,2009-03-25,6849877.64,9.7441127,6991653.52,0.0,0.0,100
3911561000130,2009-03-26,6823071.44,9.7056938,6964086.96,0.0,0.0,100
3911561000130,2009-03-27,6621131.4,9.4231978,6761388.75,0.0,0.0,100
3911561000130,2009-03-30,6394172.24,9.1058556,6533687.49,0.0,0.0,100
3911561000130,2009-03-31,6322689.04,9.005222,6461480.28,0.0,0.0,100
3911561000130,2009-04-01,6529732.8,9.3079655,6678706.54,0.0,0.0,100
3911561000130,2009-04-02,6850867.2,9.7541842,6998880.08,0.0,0.0,100
3911561000130,2009-04-03,6845608.0,9.7780361,7015994.41,0.0,0.0,100
3911561000130,2009-04-06,6769150.56,9.6705437,6911788.34,0.0,27077.52,99
3911561000130,2009-04-07,6706917.76,9.5818179,6848373.64,0.0,0.0,99
3911561000130,2009-04-08,6681820.8,9.5508797,6826261.35,0.0,0.0,99
3911561000130,2009-04-09,6895070.4,9.9328269,7099248.89,0.0,0.0,99
3911561000130,2009-04-13,6912841.2,9.956605699999999,7116244.24,0.0,0.0,99
3911561000130,2009-04-14,6855974.64,9.8759547,7058600.87,0.0,0.0,99
3911561000130,2009-04-15,6681820.8,9.631209,6883674.8,0.0,0.0,99
3911561000130,2009-04-16,6717362.4,9.679875599999999,6918458.06,0.0,0.0,99
3911561000130,2009-04-17,6637393.8,9.566923599999999,6837728.36,0.0,0.0,99
3911561000130,2009-04-20,6433029.6,9.2834266,6635105.7,0.0,0.0,99
3911561000130,2009-04-22,6345853.32,9.1804516,6561506.79,0.0,0.0,99
3911561000130,2009-04-23,6473515.08,9.3581001,6672302.09,0.0,16174.67,99
3911561000130,2009-04-24,6489472.8,9.3794412,6687518.24,0.0,0.0,99
3911561000130,2009-04-27,6331668.68,9.1572023,6529062.45,0.0,0.0,99
3911561000130,2009-04-28,6347626.4,9.178559300000002,6544289.98,0.0,0.0,99
3911561000130,2009-04-29,6544438.28,9.453567999999999,6740370.45,0.0,0.0,99
3911561000130,2009-04-30,6601881.36,9.4351128,6727211.94,0.0,0.0,99
3911561000130,2009-05-04,7162282.51,10.2199291,7286784.05,0.0,0.0,99
3911561000130,2009-05-05,7250947.05,10.342901,7365650.51,0.0,8812.15,98
3911561000130,2009-05-06,7348506.76,10.4787547,7462398.12,0.0,0.0,98
3911561000130,2009-05-07,7208456.52,10.280968199999998,7321545.35,0.0,0.0,98
3911561000130,2009-05-08,7434516.77,10.6284575,7569008.28,0.0,0.0,98
3911561000130,2009-05-11,7370746.26,10.537566900000002,7456821.68,0.0,47459.3,98
3911561000130,2009-05-12,7220131.2,10.3234765,7305322.38,0.0,0.0,98
3911561000130,2009-05-13,7022075.48,10.0467627,7109508.14,0.0,0.0,98
3911561000130,2009-05-14,7007212.16,10.0882827,7138889.44,0.0,0.0,98
3911561000130,2009-05-15,6911465.84,9.9518761,7042362.45,0.0,0.0,98
3911561000130,2009-05-18,7243031.8,10.4193344,7373155.4,0.0,0.0,98
3911561000130,2009-05-19,7269628.0,10.4557892,7398952.34,0.0,0.0,98
3911561000130,2009-05-20,7358282.0,10.5799377,7486805.03,0.0,0.0,98
3911561000130,2009-05-21,7216435.6,10.378346,7344150.35,0.0,0.0,98
3911561000130,2009-05-22,7305089.6,10.5025007,7432007.39,0.0,0.0,98
3911561000130,2009-05-25,7335231.96,10.5439602,7461345.82,0.0,0.0,98
3911561000130,2009-05-26,7508993.8,10.7883714,7634301.41,0.0,0.0,98
3911561000130,2009-05-27,7533816.92,10.8222913,7658304.55,0.0,0.0,98
3911561000130,2009-05-28,7712898.0,11.074197300000002,7836563.74,0.0,0.0,98
3911561000130,2009-05-29,7652613.28,10.9878249,7775442.98,0.0,0.0,98
3911561000130,2009-06-01,7872475.2,11.2973546,7994479.15,0.0,0.0,98
3911561000130,2009-06-02,7641974.8,10.970136199999999,7762925.77,0.0,0.0,98
3911561000130,2009-06-03,7303316.52,10.4903976,7423442.72,0.0,0.0,98
3911561000130,2009-06-04,7532043.84,10.8124912,7651369.54,0.0,0.0,98
3911561000130,2009-06-05,7481816.72,10.7760852,7625607.14,0.0,0.0,98
3911561000130,2009-06-08,7420339.2,10.7893024,7634960.21,0.0,0.0,98
3911561000130,2009-06-09,7350336.0,10.6892228,7484344.67,0.0,79795.04,97
3911561000130,2009-06-10,7411588.8,10.7755549,7544792.4,0.0,0.0,97
3911561000130,2009-06-12,7392337.92,10.746903999999999,7524731.67,0.0,0.0,97
3911561000130,2009-06-15,7245331.2,10.535782800000002,7376909.57,0.0,0.0,97
3911561000130,2009-06-16,7087824.0,10.309691699999998,7218605.85,0.0,0.0,97
3911561000130,2009-06-17,6942567.36,10.1011149,7072565.23,0.0,0.0,97
3911561000130,2009-06-18,6886564.8,10.020028300000002,7015790.3,0.0,0.0,97
3911561000130,2009-06-19,6972318.72,10.141406300000002,7100776.32,0.0,0.0,97
3911561000130,2009-06-22,6685305.6,9.7355373,6816596.29,0.0,0.0,97
3911561000130,2009-06-23,6776309.76,9.864436300000001,6906848.38,0.0,0.0,97
3911561000130,2009-06-24,6757332.9,9.735878300000001,6816835.08,0.0,0.0,97
3911561000130,2009-06-25,7026174.09,10.119759599999998,7085619.77,0.0,0.0,97
3911561000130,2009-06-26,7036694.55,10.1336864,7095371.03,0.0,0.0,97
3911561000130,2009-06-29,7201222.05,10.3675667,7259128.57,0.0,0.0,97
3911561000130,2009-06-30,7086170.53,10.201511199999999,7142860.34,0.0,0.0,97
3911561000130,2009-07-01,6905498.52,9.9430108,6961864.4,0.0,0.0,97
3911561000130,2009-07-02,6760261.88,9.7342207,6815674.43,0.0,0.0,97
3911561000130,2009-07-03,6702529.25,9.650721,6757209.93,0.0,0.0,97
3911561000130,2009-07-06,6459288.14,9.377267300000002,6565743.97,0.0,0.0,97
3911561000130,2009-07-07,6381138.74,9.2862975,6502049.07,0.0,0.0,97
3911561000130,2009-07-08,6291900.33,9.1578352,6412102.74,0.0,0.0,97
3911561000130,2009-07-09,6291916.01,9.1568567,6411417.67,0.0,0.0,97
3911561000130,2009-07-10,6437527.77,9.3633355,6555989.28,0.0,0.0,97
3911561000130,2009-07-13,6425292.89,9.3448445,6543042.33,0.0,0.0,97
3911561000130,2009-07-14,6399057.38,9.3063592,6516095.78,0.0,0.0,97
3911561000130,2009-07-15,6635531.92,9.6427994,6751663.36,0.0,0.0,97
3911561000130,2009-07-16,6705550.87,9.741762,6820954.72,0.0,0.0,97
3911561000130,2009-07-17,6845573.03,9.940702,6960247.83,0.0,0.0,97
3911561000130,2009-07-20,6980606.5,10.1396204,7099525.84,0.0,0.0,97
3911561000130,2009-07-21,6970502.63,10.1235649,7088284.22,0.0,0.0,97
3911561000130,2009-07-22,6907514.2,10.0325265,7024541.19,0.0,0.0,97
3911561000130,2009-07-23,7086036.82,10.2864239,7202314.29,0.0,0.0,97
3911561000130,2009-07-24,7077300.88,10.2728552,7192813.79,0.0,0.0,97
3911561000130,2009-07-27,7068564.95,10.2592876,7183314.06,0.0,0.0,97
3911561000130,2009-07-28,6926822.94,10.0557603,7040809.0,0.0,0.0,97
3911561000130,2009-07-29,6673287.32,9.6947758,6788056.07,0.0,0.0,97
3911561000130,2009-07-30,6738054.32,9.7862257,6852087.16,0.0,0.0,97
3911561000130,2009-07-31,6797048.25,9.8676704,6909112.84,0.0,0.0,97
3911561000130,2009-08-03,7007072.34,10.1665513,7118382.27,0.0,0.0,97
3911561000130,2009-08-04,6891581.56,10.0002049,7001910.4,0.0,0.0,97
3911561000130,2009-08-05,6803308.14,10.062228900000001,7045338.13,0.0,0.0,97
3911561000130,2009-08-06,6631338.24,9.9259815,6761347.27,0.0,188593.64,96
3911561000130,2009-08-07,6660037.64,9.9846705,6708527.11,0.0,92797.67,95
3911561000130,2009-08-10,6801302.97,9.9987329,6717975.42,0.0,0.0,95
3911561000130,2009-08-11,6506198.15,9.6876528,6508966.08,0.0,0.0,95
3911561000130,2009-08-12,6563829.6,9.8986623,6650739.7,0.0,0.0,95
3911561000130,2009-08-13,6665594.4,10.049733,6752241.53,0.0,0.0,95
3911561000130,2009-08-14,6707321.56,9.9981375,6717575.36,0.0,0.0,95
3911561000130,2009-08-17,6638593.67,9.8960957,6649015.26,0.0,0.0,95
3911561000130,2009-08-18,6672536.46,9.9455533,6682244.96,0.0,0.0,95
3911561000130,2009-08-19,6757826.86,10.0707085,6766334.57,0.0,0.0,95
3911561000130,2009-08-20,6825691.25,10.1706103,6833456.86,0.0,0.0,95
3911561000130,2009-08-21,6963094.92,10.374003300000002,6970113.11,0.0,0.0,95
3911561000130,2009-08-24,6917321.96,10.3047483,6923581.89,0.0,0.0,95
3911561000130,2009-08-25,6840655.1,10.2455963,6883838.68,0.0,0.0,95
3911561000130,2009-08-26,6799959.79,10.1839062,6842390.16,0.0,0.0,95
3911561000130,2009-08-27,6703293.84,10.0389168,6744974.29,0.0,0.0,95
3911561000130,2009-08-28,6701843.52,10.0353035,6742546.61,0.0,0.0,95
3911561000130,2009-08-31,6403344.05,9.5899261,6443305.23,0.0,0.0,95
3911561000130,2009-09-01,6369433.07,9.538385,6408675.62,0.0,0.0,95
3911561000130,2009-09-02,6459335.92,9.6708145,6497652.74,0.0,0.0,95
3911561000130,2009-09-03,6444081.82,9.6470349,6481675.67,0.0,0.0,95
3911561000130,2009-09-04,6559118.53,9.8176338,6596298.06,0.0,0.0,95
3911561000130,2009-09-08,6684132.09,10.0260844,6736352.44,0.0,0.0,95
3911561000130,2009-09-09,6772334.33,10.156255300000002,6823812.02,0.0,0.0,95
3911561000130,2009-09-10,6835092.8,10.2485504,6885823.49,0.0,0.0,95
3911561000130,2009-09-11,6763884.26,10.141413,6813839.72,0.0,0.0,95
3911561000130,2009-09-14,6782554.97,10.1680757,6831753.9,0.0,0.0,95
3911561000130,2009-09-15,6853796.41,10.2729952,6902247.55,0.0,0.0,95
3911561000130,2009-09-16,6975907.43,10.4535354,7023549.32,0.0,0.0,95
3911561000130,2009-09-17,6984350.57,10.465027,7031270.37,0.0,0.0,95
3911561000130,2009-09-18,6969192.72,10.4739934,7032666.99,0.0,4627.72,95
3911561000130,2009-09-21,6979369.2,10.4880068,7042076.16,0.0,0.0,95
3911561000130,2009-09-22,7009898.64,10.5323315,7071837.57,0.0,0.0,95
3911561000130,2009-09-23,6862339.68,10.3114194,6923508.19,0.0,0.0,95
3911561000130,2009-09-24,6724957.2,10.1056811,6785367.07,0.0,0.0,95
3911561000130,2009-09-25,6702168.0,10.1300736,6801745.19,0.0,0.0,95
3911561000130,2009-09-28,6879206.4,10.3926275,6926071.48,0.0,51963.13,94
3911561000130,2009-09-29,6885950.72,10.4016088,6932056.95,0.0,0.0,94
3911561000130,2009-09-30,6887636.8,10.4029994,6932983.72,0.0,0.0,94
3911561000130,2009-10-01,6742633.92,10.2348809,6820942.72,0.0,0.0,94
3911561000130,2009-10-02,6702024.56,10.1904296,6791318.55,0.0,0.0,94
3911561000130,2009-10-05,6727270.76,10.227255900000001,6815861.11,0.0,0.0,94
3911561000130,2009-10-06,6786178.56,10.3143429,6873899.44,0.0,0.0,94
3911561000130,2009-10-07,6816474.0,10.3586683,6903439.69,0.0,0.0,94
3911561000130,2009-10-08,6993197.4,10.622706599999999,7079405.56,0.0,0.0,94
3911561000130,2009-10-09,7001612.8,10.6341763,7087049.46,0.0,0.0,94
3911561000130,2009-10-13,7019408.64,10.6911544,7125021.99,0.0,0.0,94
3911561000130,2009-10-14,7123449.6,10.846105699999999,7221342.95,0.0,6944.94,94
3911561000130,2009-10-15,7224134.4,10.9961538,7321245.04,0.0,0.0,94
3911561000130,2009-10-16,7182182.4,10.9319515,7272710.91,0.0,5788.19,94
3911561000130,2009-10-19,7349409.84,11.228094500000001,7469726.26,0.0,0.0,94
3911561000130,2009-10-20,7219065.6,11.0309618,7320054.69,0.0,18524.9,94
3911561000130,2009-10-21,7185644.0,10.9794058,7285842.53,0.0,0.0,94
3911561000130,2009-10-22,7212381.28,11.0185103,7311791.99,0.0,0.0,94
3911561000130,2009-10-23,7087050.28,10.8284524,7185671.11,0.0,0.0,94
3911561000130,2009-10-26,7118800.8,10.875123599999998,7216641.75,0.0,0.0,94
3911561000130,2009-10-27,6939995.24,10.6044935,7037053.86,0.0,0.0,94
3911561000130,2009-10-28,6726097.0,10.2810019,6822387.52,0.0,0.0,94
3911561000130,2009-10-29,6985114.4,10.6701966,7080653.88,0.0,0.0,94
3911561000130,2009-10-30,6767874.0,10.3416633,6862641.94,0.0,0.0,94
3911561000130,2009-11-03,6859783.4,10.4790202,6943379.29,0.0,10411.54,94
3911561000130,2009-11-04,6884849.6,10.5153729,6967466.49,0.0,0.0,94
3911561000130,2009-11-05,7027525.44,10.761138,7130310.01,0.0,0.0,94
3911561000130,2009-11-06,6930892.8,10.6141158,7032893.36,0.0,0.0,94
3911561000130,2009-11-09,7114161.6,10.889535400000002,7215385.89,0.0,0.0,94
3911561000130,2009-11-10,7214126.4,11.0393608,7314659.92,0.0,0.0,94
3911561000130,2009-11-11,7264108.8,11.1135895,7363843.69,0.0,0.0,94
3911561000130,2009-11-12,7064179.2,10.8106425,7153852.89,0.0,9258.66,94
3911561000130,2009-11-13,7130822.4,10.9102296,7219753.82,0.0,0.0,94
3911561000130,2009-11-16,7164144.0,10.9593792,7252278.18,0.0,0.0,94
3911561000130,2009-11-17,7355743.2,11.2477176,7443083.69,0.0,0.0,94
3911561000130,2009-11-18,7294098.24,11.153349,7380636.05,0.0,0.0,94
3911561000130,2009-11-19,7292141.2,11.1820487,7399627.88,0.0,0.0,94
3911561000130,2009-11-20,7292141.2,11.1808316,7384927.01,0.0,13895.47,94
3911561000130,2009-11-23,7308752.0,11.2047629,7400733.61,0.0,0.0,94
3911561000130,2009-11-24,7355262.24,11.2739603,7446438.38,0.0,0.0,94
3911561000130,2009-11-25,7333333.8,11.4160838,7540310.84,0.0,0.0,94
3911561000130,2009-11-26,7128948.8,11.1004868,7198653.47,0.0,133205.84,93
3911561000130,2009-11-27,7231958.84,11.2617881,7303257.18,0.0,0.0,93
3911561000130,2009-11-30,7370845.82,11.230302,7282838.51,0.0,0.0,93
3911561000130,2009-12-01,7435195.64,11.4788017,7443990.26,0.0,0.0,93
3911561000130,2009-12-02,7353461.89,11.3512269,7354379.7,0.0,6878.45,93
3911561000130,2009-12-03,7258647.5,11.203678199999999,7258783.93,0.0,0.0,93
3911561000130,2009-12-04,7113145.65,10.977906800000001,7112508.27,0.0,0.0,93
3911561000130,2009-12-07,7115701.74,11.0120933,7134657.46,0.0,0.0,93
3911561000130,2009-12-08,6924410.9,10.7156635,6942602.7,0.0,0.0,93
3911561000130,2009-12-09,6939140.14,10.737242,6956583.27,0.0,0.0,93
3911561000130,2009-12-10,6973164.17,10.7891031,6981179.5,0.0,9004.2,92
3911561000130,2009-12-11,6924122.25,10.7121576,6931391.22,0.0,0.0,92
3911561000130,2009-12-14,6861536.19,10.6151571,6868626.26,0.0,0.0,92
3911561000130,2009-12-15,6888592.04,10.7176381,6934937.44,0.0,0.0,92
3911561000130,2009-12-16,6932739.2,10.7847094,6978336.48,0.0,0.0,92
3911561000130,2009-12-17,6770866.28,10.533446699999999,6815754.84,0.0,0.0,92
3911561000130,2009-12-18,6759420.72,10.5144619,6803470.61,0.0,0.0,92
3911561000130,2009-12-21,6573021.6,10.275789199999998,6649035.4,0.0,0.0,92
3911561000130,2009-12-22,6743068.29,10.4768235,6779116.37,0.0,0.0,92
3911561000130,2009-12-23,6767867.6,10.5136105,6802919.71,0.0,0.0,92
3911561000130,2009-12-24,6728354.2,10.5124906,6802195.07,0.0,0.0,92
3911561000130,2009-12-28,6767887.8,10.5113507,6801457.49,0.0,0.0,92
3911561000130,2009-12-29,6864626.76,10.6138357,6867771.25,0.0,0.0,92
3911561000130,2009-12-30,6880050.05,10.6354655,6881766.97,0.0,0.0,92
3911561000130,2009-12-31,6880073.08,10.634351400000002,6881046.09,0.0,0.0,92
3911561000130,2010-01-04,6879395.17,10.6331925,6880296.19,0.0,0.0,92
3911561000130,2010-01-05,6838535.75,10.5685846,6838491.14,0.0,0.0,92
3911561000130,2010-01-06,6905591.61,10.677594699999998,6909027.03,0.0,0.0,92
3911561000130,2010-01-07,6865200.06,10.6132761,6867409.17,0.0,0.0,92
3911561000130,2010-01-08,6804056.38,10.5337971,6815981.57,0.0,0.0,92
3911561000130,2010-01-11,6810611.64,10.5427621,6821782.44,0.0,0.0,92
3911561000130,2010-01-12,6726004.66,10.4081311,6734668.38,0.0,0.0,92
3911561000130,2010-01-13,6664981.87,10.3135016,6673437.55,0.0,0.0,92
3911561000130,2010-01-14,6558607.21,10.1481249,6566429.16,0.0,0.0,92
3911561000130,2010-01-15,6598330.86,10.2077299,6604997.06,0.0,0.0,92
3911561000130,2010-01-18,6747001.65,10.4365649,6753066.71,0.0,0.0,92
3911561000130,2010-01-19,6709410.35,10.3773102,6714725.44,0.0,0.0,92
3911561000130,2010-01-20,6526296.94,10.0931623,6530865.14,0.0,0.0,92
3911561000130,2010-01-21,6321754.61,9.8107522,6348129.34,0.0,0.0,92
3911561000130,2010-01-22,6336431.88,9.8323259,6263765.54,0.0,98323.25,91
3911561000130,2010-01-25,6336447.44,9.8305729,6262648.76,0.0,0.0,91
3911561000130,2010-01-26,6224056.48,9.653035,6149546.78,0.0,0.0,91
3911561000130,2010-01-27,6167704.0,9.6925377,6174712.27,0.0,0.0,91
3911561000130,2010-01-28,6297550.4,9.8952477,6303850.4,0.0,0.0,91
3911561000130,2010-01-29,6203411.76,9.7463493,6208993.41,0.0,0.0,91
3911561000130,2010-02-01,6219642.56,9.7706858,6224497.16,0.0,0.0,91
3911561000130,2010-02-02,6216396.4,9.763910599999999,6220180.96,0.0,0.0,91
3911561000130,2010-02-03,6214773.32,9.7602201,6217829.95,0.0,0.0,91
3911561000130,2010-02-04,5916126.6,9.2902876,5918455.49,0.0,0.0,91
3911561000130,2010-02-05,5810626.4,9.123577300000001,5812251.3,0.0,0.0,91
3911561000130,2010-02-08,5840513.12,9.2037099,5863300.46,0.0,0.0,91
3911561000130,2010-02-09,5940710.08,9.360109399999999,5940378.17,0.0,22557.86,90
3911561000130,2010-02-10,6013562.24,9.4910961,6023508.69,0.0,0.0,90
3911561000130,2010-02-11,6099055.48,9.624687400000001,6108292.21,0.0,0.0,90
3911561000130,2010-02-12,6170031.0,9.7354609,6178594.42,0.0,0.0,90
3911561000130,2010-02-17,6192614.12,9.769896699999999,6200449.02,0.0,0.0,90
3911561000130,2010-02-18,6242619.6,9.8475486,6249730.66,0.0,0.0,90
3911561000130,2010-02-19,6226488.8,9.8209799,6232868.91,0.0,0.0,90
3911561000130,2010-02-22,6271655.04,9.8909976,6277305.53,0.0,0.0,90
3911561000130,2010-02-23,6153900.2,9.704299,6158817.55,0.0,0.0,90
3911561000130,2010-02-24,6152287.12,9.700616900000002,6156480.74,0.0,0.0,90
3911561000130,2010-02-25,6181322.56,9.7452273,6184792.62,0.0,0.0,90
3911561000130,2010-02-26,6231009.6,9.840429400000001,6238320.0,0.0,6892.47,90
3911561000130,2010-03-01,6287362.4,9.9282345,6293983.89,0.0,0.0,90
3911561000130,2010-03-02,6324394.24,9.9850163,6329980.61,0.0,0.0,90
3911561000130,2010-03-03,6345325.28,10.0169351,6350215.45,0.0,0.0,90
3911561000130,2010-03-04,6309903.52,9.9599595,6314095.87,0.0,0.0,90
3911561000130,2010-03-05,6438709.92,10.1620446,6442207.34,0.0,0.0,90
3911561000130,2010-03-08,6435489.76,10.1558528,6438282.06,0.0,0.0,90
3911561000130,2010-03-09,6554635.68,10.3426838,6556723.19,0.0,0.0,90
3911561000130,2010-03-10,6649630.4,10.4914035,6651003.72,0.0,0.0,90
3911561000130,2010-03-11,6649630.4,10.4902651,6650282.04,0.0,0.0,90
3911561000130,2010-03-12,6680221.92,10.5373824,6680151.92,0.0,0.0,90
3911561000130,2010-03-15,6614208.64,10.432031,6613364.66,0.0,0.0,90
3911561000130,2010-03-16,6688272.32,10.547721,6686706.07,0.0,0.0,90
3911561000130,2010-03-17,6689882.4,10.5491123,6687588.07,0.0,0.0,90
3911561000130,2010-03-18,6665731.2,10.5098671,6662708.7,0.0,0.0,90
3911561000130,2010-03-19,6528874.4,10.2928415,6525125.73,0.0,0.0,90
3911561000130,2010-03-22,6528874.4,10.2917132,6524410.46,0.0,0.0,90
3911561000130,2010-03-23,6424219.2,10.1255002,6419040.06,0.0,0.0,90
3911561000130,2010-03-24,6488622.4,10.2259759,6482736.42,0.0,0.0,90
3911561000130,2010-03-25,6351765.6,10.0089727,6345167.72,0.0,0.0,90
3911561000130,2010-03-26,6319564.0,9.957736099999998,6312686.38,0.0,0.0,90
3911561000130,2010-03-29,6351765.6,10.0067653,6343768.34,0.0,0.0,90
3911561000130,2010-03-30,6327614.4,9.9675633,6318916.27,0.0,0.0,90
3911561000130,2010-03-31,6372167.6,10.0677885,6382453.84,0.0,0.0,90
3911561000130,2010-04-01,6444396.2,10.1806623,6454009.95,0.0,0.0,90
3911561000130,2010-04-05,6484523.2,10.2422039,6493024.15,0.0,0.0,90
3911561000130,2010-04-06,6515019.72,10.2891617,6522792.96,0.0,0.0,90
3911561000130,2010-04-07,6482918.12,10.237372500000001,6489961.29,0.0,0.0,90
3911561000130,2010-04-08,6449211.44,10.1830555,6455527.15,0.0,0.0,90
3911561000130,2010-04-09,6372167.6,10.0603821,6377758.57,0.0,0.0,90
3911561000130,2010-04-12,6185978.32,9.7655506,6190850.74,0.0,0.0,90
3911561000130,2010-04-13,6158691.96,9.721398599999999,6162860.66,0.0,0.0,90
3911561000130,2010-04-14,6203634.2,9.7911846,6207101.38,0.0,0.0,90
3911561000130,2010-04-15,6094488.76,9.617899699999999,6097247.75,0.0,0.0,90
3911561000130,2010-04-16,5950031.56,9.3889271,5952091.07,0.0,0.0,90
3911561000130,2010-04-19,6051151.6,9.547350400000001,6052523.16,0.0,0.0,90
3911561000130,2010-04-20,6187583.4,9.761462400000001,6188259.02,0.0,0.0,90
3911561000130,2010-04-22,6115354.8,9.6464862,6115370.15,0.0,0.0,90
3911561000130,2010-04-23,6144246.24,9.7550859,6184216.7,0.0,0.0,90
3911561000130,2010-04-26,6020655.08,9.558942199999999,6059871.77,0.0,0.0,90
3911561000130,2010-04-27,5831255.64,9.259207400000001,5869855.51,0.0,0.0,90
3911561000130,2010-04-28,5842491.2,9.2758474,5880404.39,0.0,0.0,90
3911561000130,2010-04-29,5953241.72,9.4494625,5990467.37,0.0,0.0,90
3911561000130,2010-04-30,5930770.6,9.4129179,5967300.01,0.0,0.0,90
3911561000130,2010-05-03,5681983.2,9.0194022,5717831.54,0.0,0.0,90
3911561000130,2010-05-04,5490978.68,8.716526400000001,5525824.0,0.0,0.0,90
3911561000130,2010-05-05,5473322.8,8.687656599999999,5507522.1,0.0,0.0,90
3911561000130,2010-05-06,5458877.08,8.6638386,5492422.67,0.0,0.0,90
3911561000130,2010-05-07,5402699.28,8.5741935,5435592.35,0.0,0.0,90
3911561000130,2010-05-10,5495793.92,8.720020300000002,5528038.97,0.0,0.0,90
3911561000130,2010-05-11,5380228.16,8.5366912,5411817.87,0.0,0.0,90
3911561000130,2010-05-12,5434800.88,8.6217559,5465744.46,0.0,0.0,90
3911561000130,2010-05-13,5441221.2,8.6308574,5471514.36,0.0,0.0,90
3911561000130,2010-05-14,5462087.24,8.6627498,5491732.45,0.0,0.0,90
3911561000130,2010-05-17,5397884.04,8.560439,5426872.75,0.0,0.0,90
3911561000130,2010-05-18,5282318.28,8.3771162,5310655.62,0.0,0.0,90
3911561000130,2010-05-19,5166752.52,8.1938079,5194447.71,0.0,0.0,90
3911561000130,2010-05-20,4985378.48,7.906707099999997,5012440.75,0.0,0.0,90
3911561000130,2010-05-21,5046371.52,8.001942999999999,5072815.32,0.0,0.0,90
3911561000130,2010-05-24,4959697.2,7.9148762,5017619.5,0.0,0.0,90
3911561000130,2010-05-25,4877838.12,7.784774,4935141.53,0.0,0.0,90
3911561000130,2010-05-26,4983773.4,7.9509122,5040464.47,0.0,0.0,90
3911561000130,2010-05-27,5142676.32,8.200589200000001,5198746.69,0.0,0.0,90
3911561000130,2010-05-28,5202064.28,8.2932696,5257501.22,0.0,0.0,90
3911561000130,2010-05-31,5470112.64,8.7150872,5524911.67,0.0,0.0,90
3911561000130,2010-06-01,5293553.84,8.4355665,5347710.09,0.0,0.0,90
3911561000130,2010-06-02,5348126.56,8.5201196,5401312.36,0.0,0.0,90
3911561000130,2010-06-04,5425170.4,8.640651400000001,5477723.25,0.0,0.0,90
3911561000130,2010-06-07,5455666.92,8.6877491,5507580.74,0.0,0.0,90
3911561000130,2010-06-08,5521475.2,8.790544500000001,5572747.64,0.0,0.0,90
3911561000130,2010-06-09,5545551.4,8.827502800000003,5596177.28,0.0,0.0,90
3911561000130,2010-06-10,5608149.52,8.9252233,5658126.99,0.0,0.0,90
3911561000130,2010-06-11,5545551.4,8.8254494,5594875.52,0.0,0.0,90
3911561000130,2010-06-14,5404304.36,8.6016213,5452980.17,0.0,0.0,90
3911561000130,2010-06-15,5438011.04,8.6537812,5486046.8,0.0,0.0,90
3911561000130,2010-06-16,5550366.64,8.8299989,5597759.71,0.0,0.0,90
3911561000130,2010-06-17,5519870.12,8.780865499999999,5566611.65,0.0,0.0,90
3911561000130,2010-06-18,5497399.0,8.744399900000001,5543494.38,0.0,0.0,90
3911561000130,2010-06-21,5484558.36,8.7231157,5530001.31,0.0,0.0,90
3911561000130,2010-06-22,5335285.92,8.4866235,5380077.52,0.0,0.0,90
3911561000130,2010-06-23,5235770.96,8.3286382,5279923.09,0.0,0.0,90
3911561000130,2010-06-24,5075262.96,8.0744541,5118783.59,0.0,0.0,90
3911561000130,2010-06-25,5139466.16,8.174753299999999,5182368.06,0.0,0.0,90
3911561000130,2010-06-28,5033530.88,8.0066653,5075809.02,0.0,0.0,90
3911561000130,2010-06-29,4982168.32,7.924674499999999,5023831.14,0.0,0.0,90
3911561000130,2010-06-30,4975748.0,7.9135829,5016799.64,0.0,0.0,90
3911561000130,2010-07-01,4845736.52,7.7075588,4886191.11,0.0,0.0,90
3911561000130,2010-07-02,4863392.4,7.7339449999999985,4902918.54,0.0,0.0,90
3911561000130,2010-07-05,4815240.0,7.657061,4854178.12,0.0,0.0,90
3911561000130,2010-07-06,4974142.92,7.906795699999999,5012496.89,0.0,0.0,90
3911561000130,2010-07-07,5035396.6,8.0222503,5061838.98,0.0,23850.15,89
3911561000130,2010-07-08,5091434.4,8.1100016,5094359.58,0.0,22848.25,89
3911561000130,2010-07-09,5091434.4,8.109042200000001,5093756.93,0.0,0.0,89
3911561000130,2010-07-12,5038598.76,8.0239708,5040318.68,0.0,0.0,89
3911561000130,2010-07-13,4993768.52,7.9516504,4994890.06,0.0,0.0,89
3911561000130,2010-07-14,5009779.32,7.9761921,5010306.11,0.0,0.0,89
3911561000130,2010-07-15,4966550.16,7.9064243,4966480.92,0.0,0.0,89
3911561000130,2010-07-16,4886928.64,7.793353,4889749.86,0.0,5704.49,89
3911561000130,2010-07-19,4894366.4,7.8482115000000015,4892776.64,0.0,31392.84,88
3911561000130,2010-07-20,5069165.2,8.127648200000001,5066984.62,0.0,0.0,88
3911561000130,2010-07-21,5011958.32,8.0349162,5009173.11,0.0,0.0,88
3911561000130,2010-07-22,5064397.96,8.118069,5061012.7,0.0,0.0,88
3911561000130,2010-07-23,5050096.24,8.094835,5046528.06,0.0,0.0,88
3911561000130,2010-07-26,5073932.44,8.132102,5069761.24,0.0,0.0,88
3911561000130,2010-07-27,5053274.4,8.0979954,5048498.33,0.0,0.0,88
3911561000130,2010-07-28,5005602.0,8.020559500000001,5000222.79,0.0,0.0,88
3911561000130,2010-07-29,4970642.24,7.963328999999999,4964543.82,0.0,0.0,88
3911561000130,2010-07-30,5072188.32,8.155711,5084479.71,0.0,0.0,88
3911561000130,2010-08-02,5173505.44,8.3680557,5216860.83,0.0,0.0,88
3911561000130,2010-08-03,5303318.0,8.5783003,5347932.72,0.0,0.0,88
3911561000130,2010-08-04,5366641.2,8.678813,5410594.91,0.0,0.0,88
3911561000130,2010-08-05,5350810.4,8.6524449,5394156.38,0.0,0.0,88
3911561000130,2010-08-06,5306484.16,8.580371099999999,5349223.71,0.0,0.0,88
3911561000130,2010-08-09,5247910.2,8.4854491,5290046.89,0.0,0.0,88
3911561000130,2010-08-10,5208333.2,8.4210065,5249871.72,0.0,0.0,88
3911561000130,2010-08-11,5010448.2,8.102636500000001,5051391.74,0.0,0.0,88
3911561000130,2010-08-12,5018363.6,8.1144041,5058727.91,0.0,0.0,88
3911561000130,2010-08-13,5027862.08,8.128708900000001,5067645.89,0.0,0.0,88
3911561000130,2010-08-16,5016780.52,8.109991800000001,5055977.22,0.0,0.0,88
3911561000130,2010-08-17,5114931.48,8.2664896,5153541.97,0.0,0.0,88
3911561000130,2010-08-18,4988285.08,8.062391,5026301.63,0.0,0.0,88
3911561000130,2010-08-19,4806230.88,7.7694322,4843663.59,0.0,0.0,88
3911561000130,2010-08-20,4796732.4,7.7532830000000015,4833595.76,0.0,0.0,88
3911561000130,2010-08-23,4777735.44,7.7217951000000005,4813965.43,0.0,0.0,88
3911561000130,2010-08-24,4679584.48,7.5633436000000005,4715182.67,0.0,0.0,88
3911561000130,2010-08-25,4708079.92,7.6080505999999986,4743054.16,0.0,0.0,88
3911561000130,2010-08-26,4606762.8,7.444529400000001,4641110.87,0.0,0.0,88
3911561000130,2010-08-27,4741324.6,7.659380599999999,4775054.58,0.0,0.0,88
3911561000130,2010-08-30,4614678.2,7.4552261,4647779.47,0.0,0.0,88
3911561000130,2010-08-31,4684333.72,7.5659642000000025,4716816.39,0.0,0.0,88
3911561000130,2010-09-01,4947125.0,7.9864845,4978979.59,0.0,0.0,88
3911561000130,2010-09-02,4945541.92,7.9823564,4976406.01,0.0,0.0,88
3911561000130,2010-09-03,5178254.68,8.3545968,5202755.05,0.0,5715.19,88
3911561000130,2010-09-06,5277988.72,8.5136078,5301777.78,0.0,0.0,88
3911561000130,2010-09-08,5043692.88,8.1362929,5066808.14,0.0,0.0,88
3911561000130,2010-09-09,4947125.0,7.980171899999997,4969585.1,0.0,0.0,88
3911561000130,2010-09-10,4910714.16,7.9206637,4932526.83,0.0,0.0,88
3911561000130,2010-09-13,5012031.28,8.082324,5033199.45,0.0,0.0,88
3911561000130,2010-09-14,4771403.12,7.694875,4772549.02,0.0,19369.8,87
3911561000130,2010-09-15,4746073.84,7.653017399999999,4746587.93,0.0,0.0,87
3911561000130,2010-09-16,4744490.76,7.649453599999997,4744377.56,0.0,0.0,87
3911561000130,2010-09-17,4779318.52,7.704592,4778575.74,0.0,0.0,87
3911561000130,2010-09-20,4875886.4,7.8592709,4874511.36,0.0,0.0,87
3911561000130,2010-09-21,4717578.4,7.602996000000001,4715563.45,0.0,0.0,87
3911561000130,2010-09-22,4698581.44,7.5712913,4695899.4,0.0,0.0,87
3911561000130,2010-09-23,4788817.0,7.715771000000001,4785509.23,0.0,0.0,87
3911561000130,2010-09-24,5238562.0,7.5616048,5234621.43,544729.8,0.0,87
3911561000130,2010-09-27,5344570.0,7.7137716,5339960.93,0.0,0.0,87
3911561000130,2010-09-28,5314534.4,7.6694064,5309248.5,0.0,0.0,87
3911561000130,2010-09-29,5452771.0,7.8905679000000015,5462350.5,0.0,0.0,87
3911561000130,2010-09-30,5355872.0,7.7492984,5364554.77,0.0,0.0,87
3911561000130,2010-10-01,5391108.0,7.7994474,5399271.11,0.0,0.0,87
3911561000130,2010-10-04,5384060.8,7.7878900999999985,5391270.42,0.0,0.0,87
3911561000130,2010-10-05,5354110.2,7.743727199999999,5360698.04,0.0,0.0,87
3911561000130,2010-10-06,5140932.4,7.434841499999999,5146867.86,0.0,0.0,87
3911561000130,2010-10-07,4987655.8,7.212558500000001,4992989.44,0.0,0.0,87
3911561000130,2010-10-08,5109220.0,7.3873107000000005,5113964.03,0.0,0.0,87
3911561000130,2010-10-11,5063413.2,7.3202755,5067558.02,0.0,0.0,87
3911561000130,2010-10-13,5038748.0,7.2838344,5042331.19,0.0,0.0,87
3911561000130,2010-10-14,5126838.0,7.4101576,5129780.05,0.0,0.0,87
3911561000130,2010-10-15,5045795.2,7.292212400000001,5048130.92,0.0,0.0,87
3911561000130,2010-10-18,5056366.0,7.3066157999999986,5058101.89,0.0,0.0,87
3911561000130,2010-10-19,4871377.0,7.0385881999999995,4872556.21,0.0,0.0,87
3911561000130,2010-10-20,4844950.0,6.9995036,4845499.36,0.0,0.0,87
3911561000130,2010-10-21,4700482.4,6.7899156000000005,4700409.34,0.0,0.0,87
3911561000130,2010-10-22,4712815.0,6.8069039,4712169.7,0.0,0.0,87
3911561000130,2010-10-25,4793857.8,6.9231453,4792639.33,0.0,0.0,87
3911561000130,2010-10-26,5012321.0,7.237886299999999,5010522.97,0.0,0.0,87
3911561000130,2010-10-27,5072222.2,7.3235535999999986,5069827.33,0.0,0.0,87
3911561000130,2010-10-28,5073984.0,7.3252296,5070987.57,0.0,0.0,87
3911561000130,2010-10-29,5029939.0,7.2607358999999985,5026340.93,0.0,0.0,87
3911561000130,2010-11-01,5126838.0,7.399851400000001,5122645.48,0.0,0.0,87
3911561000130,2010-11-03,5141564.0,7.4848794,5181507.25,0.0,0.0,87
3911561000130,2010-11-04,5299496.0,7.7121424,5338833.05,0.0,0.0,87
3911561000130,2010-11-05,5255626.0,7.6478768,5294344.36,0.0,0.0,87
3911561000130,2010-11-08,5315289.2,7.7331739,5353392.4,0.0,0.0,87
3911561000130,2010-11-09,5246852.0,7.633418400000001,5284335.36,0.0,0.0,87
3911561000130,2010-11-10,5253871.2,7.6426705,5290740.2,0.0,0.0,87
3911561000130,2010-11-11,5176660.0,7.5302478000000015,5212914.13,0.0,0.0,87
3911561000130,2010-11-12,5004689.6,7.2809509000000014,5040335.04,0.0,0.0,87
3911561000130,2010-11-16,4906420.8,7.1381384999999975,4941471.24,0.0,0.0,87
3911561000130,2010-11-17,4929233.2,7.1702437,4963696.49,0.0,0.0,87
3911561000130,2010-11-18,5006444.4,7.2809275,5040318.79,0.0,0.0,87
3911561000130,2010-11-19,4992406.0,7.259789,5025685.39,0.0,0.0,87
3911561000130,2010-11-22,4843248.0,7.043466900000001,4875933.56,0.0,0.0,87
3911561000130,2010-11-23,4795868.4,6.974184700000001,4827972.01,0.0,0.0,87
3911561000130,2010-11-24,4892382.4,7.112767599999999,4923907.87,0.0,0.0,87
3911561000130,2010-11-25,4825700.0,7.0155962,4856639.71,0.0,0.0,87
3911561000130,2010-11-26,4778320.4,6.9463162,4808679.7,0.0,0.0,87
3911561000130,2010-11-29,4825700.0,7.013924900000001,4855482.7,0.0,0.0,87
3911561000130,2010-11-30,4802887.6,6.980133199999999,4832089.98,0.0,0.0,87
3911561000130,2010-12-01,4941516.8,7.179651299999999,4970209.05,0.0,0.0,87
3911561000130,2010-12-02,4950290.8,7.1910158,4978076.25,0.0,0.0,87
3911561000130,2010-12-03,5015218.4,7.283989,5042438.19,0.0,0.0,87
3911561000130,2010-12-06,5039785.6,7.318452099999999,5066295.73,0.0,0.0,87
3911561000130,2010-12-07,4915194.8,7.1378495,4941271.16,0.0,0.0,87
3911561000130,2010-12-08,4859041.2,7.055920599999999,4884554.83,0.0,0.0,87
3911561000130,2010-12-09,4929233.2,7.1565092,4954188.6,0.0,0.0,87
3911561000130,2010-12-10,4971348.4,7.2165318,4995740.03,0.0,0.0,87
3911561000130,2010-12-13,5034521.2,7.3069681,5058345.77,0.0,0.0,87
3911561000130,2010-12-14,4999425.2,7.2554443,5022677.73,0.0,0.0,87
3911561000130,2010-12-15,4906420.8,7.1202709,4929102.13,0.0,0.0,87
3911561000130,2010-12-16,4908175.6,7.1219914000000015,4930293.16,0.0,0.0,87
3911561000130,2010-12-17,5022237.6,7.2859436,5043791.31,0.0,0.0,87
3911561000130,2010-12-20,4971348.4,7.2116048,4992329.23,0.0,0.0,87
3911561000130,2010-12-21,4992406.0,7.2412016,5012818.04,0.0,0.0,87
3911561000130,2010-12-22,4999425.2,7.3012146,5054362.84,0.0,0.0,87
3911561000130,2010-12-23,5008199.2,7.3130602,5062563.13,0.0,0.0,87
3911561000130,2010-12-24,5008199.2,7.312230499999999,5061988.76,0.0,0.0,87
3911561000130,2010-12-27,5043295.2,7.3620984,5096510.44,0.0,0.0,87
3911561000130,2010-12-28,5195962.8,7.5817988,5248600.99,0.0,0.0,87
3911561000130,2010-12-29,5281948.0,7.7051566,5333997.06,0.0,0.0,87
3911561000130,2010-12-30,5360914.0,7.8183650999999985,5412367.16,0.0,0.0,87
3911561000130,2010-12-31,5360914.0,7.817495299999999,5411765.04,0.0,0.0,87
3911561000130,2011-01-03,5317044.0,7.7532345,5367279.64,0.0,0.0,87
3911561000130,2011-01-04,5274928.8,7.69102,5324210.81,0.0,0.0,87
3911561000130,2011-01-05,5374952.4,7.8346289,5423625.97,0.0,0.0,87
3911561000130,2011-01-06,5343366.0,7.788110799999999,5391423.22,0.0,0.0,87
3911561000130,2011-01-07,5264400.0,7.6731549,5311843.44,0.0,0.0,87
3911561000130,2011-01-10,5301250.8,7.725509700000001,5348086.78,0.0,0.0,87
3911561000130,2011-01-11,5352140.0,7.7981394,5398365.64,0.0,0.0,87
3911561000130,2011-01-12,5522355.6,8.043134700000001,5567966.91,0.0,0.0,87
3911561000130,2011-01-13,5352140.0,7.7962672999999985,5397069.62,0.0,0.0,87
3911561000130,2011-01-14,5399519.6,7.8638216,5443834.99,0.0,0.0,87
3911561000130,2011-01-17,5346875.6,7.7868827,5390573.04,0.0,0.0,87
3911561000130,2011-01-18,5431106.0,7.9076701,5474189.72,0.0,0.0,87
3911561000130,2011-01-19,5288967.2,7.7014492,5331430.58,0.0,0.0,87
3911561000130,2011-01-20,5281948.0,7.69043,5323802.34,0.0,0.0,87
3911561000130,2011-01-21,5241587.6,7.631249,5282833.53,0.0,0.0,87
3911561000130,2011-01-24,5266154.8,7.665863000000001,5306795.55,0.0,0.0,87
3911561000130,2011-01-25,5266154.8,7.664975900000001,5306181.4,0.0,0.0,87
3911561000130,2011-01-26,5176660.0,7.5348102,5216072.47,0.0,0.0,87
3911561000130,2011-01-27,5195962.8,7.561817,5234768.31,0.0,0.0,87
3911561000130,2011-01-28,5150338.0,7.4950314,5188535.07,0.0,0.0,87
3911561000130,2011-01-31,5273174.0,7.6715989,5310766.29,0.0,0.0,87
3911561000130,2011-02-01,5385481.2,7.8329344,5422452.91,0.0,0.0,87
3911561000130,2011-02-02,5439880.0,7.9097656,5475640.35,0.0,0.0,87
3911561000130,2011-02-03,5531129.6,8.0406637,5566256.28,0.0,0.0,87
3911561000130,2011-02-04,5439880.0,7.907924499999999,5474365.82,0.0,0.0,87
3911561000130,2011-02-07,5353894.8,7.7828005000000005,5387747.05,0.0,0.0,87
3911561000130,2011-02-08,5267909.6,7.6576864,5301135.16,0.0,0.0,87
3911561000130,2011-02-09,5109977.6,7.4286524000000025,5142583.32,0.0,0.0,87
3911561000130,2011-02-10,5162621.6,7.5037357999999985,5194560.84,0.0,0.0,87
3911561000130,2011-02-11,5188943.6,7.5408683000000005,5220266.31,0.0,0.0,87
3911561000130,2011-02-14,5294231.6,7.6920033,5324891.49,0.0,0.0,87
3911561000130,2011-02-15,5374952.4,7.8076954,5404980.91,0.0,0.0,87
3911561000130,2011-02-16,5424086.8,7.8777506,5453477.56,0.0,0.0,87
3911561000130,2011-02-17,5378462.0,7.8109171,5407211.17,0.0,0.0,87
3911561000130,2011-02-18,5429351.2,7.8835070000000025,5457462.46,0.0,0.0,87
3911561000130,2011-02-21,5431106.0,7.8851042,5458568.14,0.0,0.0,87
3911561000130,2011-02-22,5534639.2,8.0337239,5561452.11,0.0,0.0,87
3911561000130,2011-02-23,5792594.8,8.4054007,5818750.33,0.0,0.0,87
3911561000130,2011-02-24,5687306.8,8.2523292,5712784.54,0.0,0.0,87
3911561000130,2011-02-25,5766272.8,8.3654315,5791081.13,0.0,0.0,87
3911561000130,2011-02-28,5720648.0,8.2985489,5737929.93,0.0,6850.8,87
3911561000130,2011-03-01,5641682.0,8.1833959,5658308.79,0.0,0.0,87
3911561000130,2011-03-02,5825936.0,8.4480955,5841332.08,0.0,0.0,87
3911561000130,2011-03-03,5818916.8,8.4369845,5833649.52,0.0,0.0,87
3911561000130,2011-03-04,5904902.0,8.5603831,5918971.97,0.0,0.0,87
3911561000130,2011-03-09,5757498.8,8.3462312,5770899.27,0.0,0.0,87
3911561000130,2011-03-10,5568708.0,8.1651678,5645705.22,0.0,0.0,87
3911561000130,2011-03-11,5589525.6,8.1943386,5613357.49,0.0,52517.51,86
3911561000130,2011-03-14,5629426.0,8.251643,5652612.65,0.0,0.0,86
3911561000130,2011-03-15,5573912.4,8.169484700000002,5596331.88,0.0,0.0,86
3911561000130,2011-03-16,5516664.0,8.0849736,5538439.33,0.0,0.0,86
3911561000130,2011-03-17,5589525.6,8.1904028,5610661.37,0.0,0.0,86
3911561000130,2011-03-18,5546155.6,8.1261496,5566646.08,0.0,0.0,86
3911561000130,2011-03-21,5594730.0,8.1961213,5614578.67,0.0,0.0,86
3911561000130,2011-03-22,5655448.0,8.3233522,5701735.54,0.0,0.0,86
3911561000130,2011-03-23,5723105.2,8.420290099999999,5768140.75,0.0,0.0,86
3911561000130,2011-03-24,5681470.0,8.358542,5725841.54,0.0,0.0,86
3911561000130,2011-03-25,5724840.0,8.420888900000001,5768550.93,0.0,0.0,86
3911561000130,2011-03-28,5638100.0,8.293297099999998,5681146.91,0.0,0.0,86
3911561000130,2011-03-29,5624221.6,8.272225200000001,5666712.08,0.0,0.0,86
3911561000130,2011-03-30,5624221.6,8.2712676,5666056.1,0.0,0.0,86
3911561000130,2011-03-31,5658917.6,8.3209592,5700096.24,0.0,0.0,86
3911561000130,2011-04-01,5740453.2,8.439021,5780971.99,0.0,0.0,86
3911561000130,2011-04-04,5690144.0,8.3637579,5729414.61,0.0,0.0,86
3911561000130,2011-04-05,5608608.4,8.2437662,5647216.83,0.0,0.0,86
3911561000130,2011-04-06,5565238.4,8.179497900000001,5603191.17,0.0,0.0,86
3911561000130,2011-04-07,5490642.0,8.0696506,5527942.61,0.0,0.0,86
3911561000130,2011-04-08,5459415.6,8.0231232,5496070.01,0.0,0.0,86
3911561000130,2011-04-11,5381349.6,7.9082234,5417360.34,0.0,0.0,86
3911561000130,2011-04-12,5190521.6,7.628723599999999,5225894.93,0.0,0.0,86
3911561000130,2011-04-13,5082964.0,7.4708034,5117715.11,0.0,0.0,86
3911561000130,2011-04-14,4999693.6,7.3483487000000025,5033830.08,0.0,0.0,86
3911561000130,2011-04-15,5141947.2,7.5551133,5175469.77,0.0,0.0,86
3911561000130,2011-04-18,4937240.8,7.255366800000001,4970134.83,0.0,0.0,86
3911561000130,2011-04-19,4991019.6,7.332978999999999,5023301.39,0.0,0.0,86
3911561000130,2011-04-20,5114190.4,7.5118829,5145855.73,0.0,0.0,86
3911561000130,2011-04-25,5091638.0,7.478047,5122677.15,0.0,0.0,86
3911561000130,2011-04-26,5093372.8,7.4796679999999975,5123787.59,0.0,0.0,86
3911561000130,2011-04-27,5018776.4,7.3697127999999985,5048465.12,0.0,0.0,86
3911561000130,2011-04-28,4987550.0,7.3232268,5016620.85,0.0,0.0,86
3911561000130,2011-04-29,5011837.2,7.389235799999999,5061838.93,0.0,0.0,86
3911561000130,2011-05-02,4977141.2,7.3377288,5026555.16,0.0,0.0,86
3911561000130,2011-05-03,4937240.8,7.2777791,4985487.88,0.0,0.0,86
3911561000130,2011-05-04,4911218.8,7.2389432,4958884.17,0.0,0.0,86
3911561000130,2011-05-05,4777639.2,7.0430985,4824724.95,0.0,0.0,86
3911561000130,2011-05-06,4722125.6,6.9612296,4768642.4,0.0,0.0,86
3911561000130,2011-05-09,4805396.0,7.0819630999999985,4851348.29,0.0,0.0,86
3911561000130,2011-05-10,4810600.4,7.0887267000000005,4855981.59,0.0,0.0,86
3911561000130,2011-05-11,4720390.8,6.9562051999999985,4765200.55,0.0,0.0,86
3911561000130,2011-05-12,4642324.8,6.8920765,4721270.5,0.0,0.0,86
3911561000130,2011-05-13,4579872.0,6.8000886,4658256.18,0.0,0.0,86
3911561000130,2011-05-16,4687429.6,6.9562829,4765253.78,0.0,0.0,86
3911561000130,2011-05-17,4762026.0,7.0643484,4839281.71,0.0,0.0,86
3911561000130,2011-05-18,4692634.0,6.962211999999999,4769315.35,0.0,0.0,86
3911561000130,2011-05-19,4607628.8,6.8372916,4683741.33,0.0,0.0,86
3911561000130,2011-05-20,4683960.0,6.9478990000000005,4759510.51,0.0,0.0,86
3911561000130,2011-05-23,4631916.0,6.8710963000000005,4706898.48,0.0,0.0,86
3911561000130,2011-05-24,4650998.8,6.8981301,4725417.42,0.0,0.0,86
3911561000130,2011-05-25,4668346.8,6.9226293000000005,4742200.1,0.0,0.0,86
3911561000130,2011-05-26,4716921.2,6.9927107,4790207.84,0.0,0.0,86
3911561000130,2011-05-27,4734269.2,7.0172022,4806985.21,0.0,0.0,86
3911561000130,2011-05-30,4680490.4,6.9378615,4752634.59,0.0,0.0,86
3911561000130,2011-05-31,4654468.4,6.8990464000000005,4726045.12,0.0,0.0,86
3911561000130,2011-06-01,4649264.0,6.890624400000001,4720275.83,0.0,0.0,86
3911561000130,2011-06-02,4611098.4,6.8332372,4680963.9,0.0,0.0,86
3911561000130,2011-06-03,4567728.4,6.769106599999999,4637032.59,0.0,0.0,86
3911561000130,2011-06-06,4470579.6,6.626475099999999,4539325.96,0.0,0.0,86
3911561000130,2011-06-07,4427209.6,6.562361,4495405.9,0.0,0.0,86
3911561000130,2011-06-08,4475784.0,6.6324716,4543433.71,0.0,0.0,86
3911561000130,2011-06-09,4555584.8,6.748160799999999,4622684.12,0.0,0.0,86
3911561000130,2011-06-10,4545176.0,6.7321534,4611718.63,0.0,0.0,86
3911561000130,2011-06-13,4463640.4,6.612371,4529664.22,0.0,0.0,86
3911561000130,2011-06-14,4536502.0,6.7179307,4601975.68,0.0,0.0,86
3911561000130,2011-06-15,4477518.8,6.6310160000000025,4542436.59,0.0,0.0,86
3911561000130,2011-06-16,4487927.6,6.6454061,4552294.24,0.0,0.0,86
3911561000130,2011-06-17,4453231.6,6.593954400000001,4517048.31,0.0,0.0,86
3911561000130,2011-06-20,4423740.0,6.5500939,4487002.6,0.0,0.0,86
3911561000130,2011-06-21,4467110.0,6.6125997000000005,4529820.91,0.0,0.0,86
3911561000130,2011-06-22,4460170.8,6.601659599999999,4522326.59,0.0,0.0,86
3911561000130,2011-06-24,4371696.0,6.4722777,4433696.29,0.0,0.0,86
3911561000130,2011-06-27,4411596.4,6.5297248,4473049.21,0.0,0.0,86
3911561000130,2011-06-28,4484458.0,6.635283900000001,4545360.22,0.0,0.0,86
3911561000130,2011-06-29,4467110.0,6.6091473,4527455.87,0.0,0.0,86
3911561000130,2011-06-30,4553850.0,6.734959599999999,4613640.96,0.0,0.0,86
3911561000130,2011-07-01,4562524.0,6.7468219,4621766.92,0.0,0.0,86
3911561000130,2011-07-04,4553850.0,6.732509200000001,4611962.34,0.0,0.0,86
3911561000130,2011-07-05,4512214.8,6.6709305999999975,4569779.23,0.0,0.0,86
3911561000130,2011-07-06,4503540.8,6.6574734,4560560.68,0.0,0.0,86
3911561000130,2011-07-07,4522623.6,6.6845365,4579099.65,0.0,0.0,86
3911561000130,2011-07-08,4498336.4,6.648286200000001,4554267.15,0.0,0.0,86
3911561000130,2011-07-11,4423740.0,6.5385978,4479127.43,0.0,0.0,86
3911561000130,2011-07-12,4423740.0,6.5378133,4478590.06,0.0,0.0,86
3911561000130,2011-07-13,4372584.0,6.6115246,4529084.4,0.0,0.0,86
3911561000130,2011-07-14,4287844.0,6.4870303,4345413.44,0.0,98388.78,85
3911561000130,2011-07-15,4301402.4,6.5064833,4358444.26,0.0,0.0,85
3911561000130,2011-07-18,4270896.0,6.460147,4327405.33,0.0,0.0,85
3911561000130,2011-07-19,4238694.8,6.4112843,4290628.56,0.0,4045.52,85
3911561000130,2011-07-20,4204798.8,6.3598473,4256205.39,0.0,0.0,85
3911561000130,2011-07-21,4313266.0,6.5211412000000015,4364148.2,0.0,0.0,85
3911561000130,2011-07-22,4321740.0,6.5330071,4372089.21,0.0,0.0,85
3911561000130,2011-07-25,4416648.8,6.6740274999999984,4466464.41,0.0,0.0,85
3911561000130,2011-07-26,4470882.4,6.7542577,4520156.9,0.0,0.0,85
3911561000130,2011-07-27,4465798.0,6.7458453999999985,4514527.15,0.0,0.0,85
3911561000130,2011-07-28,4416648.8,6.6715898000000005,4464833.02,0.0,0.0,85
3911561000130,2011-07-29,4414954.0,6.668249,4462597.26,0.0,0.0,85
3911561000130,2011-08-01,4431902.0,6.6927937,4479023.3,0.0,0.0,85
3911561000130,2011-08-02,4338688.0,6.551857,4384704.14,0.0,0.0,85
3911561000130,2011-08-03,4186156.0,6.3738141,4265552.37,0.0,0.0,85
3911561000130,2011-08-04,3892955.6,5.9349419999999995,3971845.65,0.0,0.0,85
3911561000130,2011-08-05,3818384.4,5.822792,3896791.44,0.0,0.0,85
3911561000130,2011-08-08,3516710.0,5.3713025000000005,3594640.82,0.0,0.0,85
3911561000130,2011-08-09,3615008.4,5.5174802000000005,3692467.41,0.0,0.0,85
3911561000130,2011-08-10,3711612.0,5.6611138,3788591.42,0.0,0.0,85
3911561000130,2011-08-11,3830248.0,5.837658,3906740.22,0.0,0.0,85
3911561000130,2011-08-12,3804826.0,5.798928,3880820.91,0.0,0.0,85
3911561000130,2011-08-15,3948884.0,6.0134674000000015,4024397.26,0.0,0.0,85
3911561000130,2011-08-16,3901429.6,5.9418218000000005,3976449.83,0.0,0.0,85
3911561000130,2011-08-17,3914988.0,5.9613504,3989518.99,0.0,0.0,85
3911561000130,2011-08-18,3762456.0,5.732696400000001,3836496.72,0.0,0.0,85
3911561000130,2011-08-19,3701443.2,5.640813400000001,3775005.8,0.0,0.0,85
3911561000130,2011-08-22,3640430.4,5.5489377,3713519.75,0.0,0.0,85
3911561000130,2011-08-23,3745508.0,5.7052504,3818129.02,0.0,0.0,85
3911561000130,2011-08-24,3762456.0,5.7298627,3834600.33,0.0,0.0,85
3911561000130,2011-08-25,3694664.0,5.6278502,3766330.37,0.0,0.0,85
3911561000130,2011-08-26,3696358.8,5.6296764999999995,3767552.6,0.0,0.0,85
3911561000130,2011-08-29,3830248.0,5.8290346,3900969.16,0.0,0.0,85
3911561000130,2011-08-30,3830248.0,5.8283125,3900485.91,0.0,0.0,85
3911561000130,2011-08-31,3930876.0,5.916922799999999,3959786.69,0.0,0.0,85
3911561000130,2011-09-01,3968557.6,5.972484,3996969.94,0.0,0.0,85
3911561000130,2011-09-02,3848661.6,5.7917105000000015,3875990.74,0.0,0.0,85
3911561000130,2011-09-05,3759596.0,5.6578892,3786433.44,0.0,0.0,85
3911561000130,2011-09-06,3855512.8,5.800489099999999,3881865.64,0.0,0.0,85
3911561000130,2011-09-08,3905184.0,5.873975,3931044.68,0.0,0.0,85
3911561000130,2011-09-09,3773298.4,5.6761633,3798663.01,0.0,0.0,85
3911561000130,2011-09-12,3812692.8,5.7343077000000005,3837575.0,0.0,0.0,85
3911561000130,2011-09-13,3819544.0,5.7438149,3843937.55,0.0,0.0,85
3911561000130,2011-09-14,3870928.0,5.8198647,3894832.39,0.0,0.0,85
3911561000130,2011-09-15,3876066.4,5.8268045,3899476.76,0.0,0.0,85
3911561000130,2011-09-16,3872640.8,5.8209471,3895556.76,0.0,0.0,85
3911561000130,2011-09-19,3924024.8,5.8969842,3946443.16,0.0,0.0,85
3911561000130,2011-09-20,3879492.0,5.8296914000000015,3901408.73,0.0,0.0,85
3911561000130,2011-09-21,3884630.4,5.8366252,3906049.04,0.0,0.0,85
3911561000130,2011-09-22,3665392.0,5.5082828,3686312.24,0.0,0.0,85
3911561000130,2011-09-23,3596880.0,5.4051898000000005,3617319.24,0.0,0.0,85
3911561000130,2011-09-26,3720201.6,5.5887529,3740165.31,0.0,0.0,85
3911561000130,2011-09-27,3677381.6,5.5214846,3695147.26,0.0,0.0,85
3911561000130,2011-09-28,3632848.8,5.4567809,3651845.56,0.0,0.0,85
3911561000130,2011-09-29,3615720.8,5.4304727,3634239.31,0.0,0.0,85
3911561000130,2011-09-30,3579752.0,5.3760137000000014,3597793.65,0.0,0.0,85
3911561000130,2011-10-03,3435876.8,5.1603162000000005,3453442.25,0.0,0.0,85
3911561000130,2011-10-04,3449579.2,5.1800966,3466679.92,0.0,0.0,85
3911561000130,2011-10-05,3391344.0,5.091507,3407393.03,0.0,0.0,85
3911561000130,2011-10-06,3526655.2,5.293013200000001,3542247.15,0.0,0.0,85
3911561000130,2011-10-07,3408472.0,5.115712599999998,3423592.16,0.0,0.0,85
3911561000130,2011-10-10,3538644.8,5.3095328,3553302.59,0.0,0.0,85
3911561000130,2011-10-11,3562624.0,5.344657499999999,3576809.13,0.0,0.0,85
3911561000130,2011-10-13,3603731.2,5.4053758,3617443.66,0.0,0.0,85
3911561000130,2011-10-14,3667104.8,5.499358,3680339.5,0.0,0.0,85
3911561000130,2011-10-17,3588316.0,5.3809004,3601064.03,0.0,0.0,85
3911561000130,2011-10-18,3617433.6,5.4236917,3629701.24,0.0,0.0,85
3911561000130,2011-10-19,3588316.0,5.3794614,3600101.0,0.0,0.0,85
3911561000130,2011-10-20,3504388.8,5.2533353,3515693.49,0.0,0.0,85
3911561000130,2011-10-21,3596880.0,5.3908328,3607711.08,0.0,0.0,85
3911561000130,2011-10-24,3682520.0,5.5180821,3692870.18,0.0,0.0,85
3911561000130,2011-10-25,3715063.2,5.5659766,3724922.71,0.0,0.0,85
3911561000130,2011-10-26,3737329.6,5.5985113,3746695.9,0.0,0.0,85
3911561000130,2011-10-27,3905184.0,5.8485887000000005,3914055.37,0.0,0.0,85
3911561000130,2011-10-28,3987398.4,5.9706784000000015,3995761.54,0.0,0.0,85
3911561000130,2011-10-31,3953142.4,5.9187222,3960990.85,0.0,0.0,85
3911561000130,2011-11-01,3896620.0,5.8335043,3903960.43,0.0,0.0,85
3911561000130,2011-11-03,4054197.6,6.0673432,4060452.64,0.0,0.0,85
3911561000130,2011-11-04,4093592.0,6.1254375,4099331.12,0.0,0.0,85
3911561000130,2011-11-07,4216913.6,6.3089357,4222133.72,0.0,0.0,85
3911561000130,2011-11-08,4179232.0,6.2518397000000006,4183923.38,0.0,0.0,85
3911561000130,2011-11-09,3982260.0,5.9567282,3986425.66,0.0,0.0,85
3911561000130,2011-11-10,4025080.0,6.019946599999999,4028733.38,0.0,0.0,85
3911561000130,2011-11-11,4085028.0,6.108757,4088167.99,0.0,0.0,85
3911561000130,2011-11-14,4067900.0,6.1335472,4104758.36,0.0,0.0,85
3911561000130,2011-11-16,4132986.4,6.2300261,4169325.02,0.0,0.0,85
3911561000130,2011-11-17,4013090.4,6.0500868,4048904.14,0.0,0.0,85
3911561000130,2011-11-18,4047346.4,6.100504,4082644.83,0.0,0.0,85
3911561000130,2011-11-21,4025080.0,6.0663382000000015,4059780.06,0.0,0.0,85
3911561000130,2011-11-22,4025080.0,6.0655642,4059262.07,0.0,0.0,85
3911561000130,2011-11-23,3992536.8,6.0161625,4026200.94,0.0,0.0,85
3911561000130,2011-11-24,4013090.4,6.0461047999999975,4046239.21,0.0,0.0,85
3911561000130,2011-11-25,3906896.8,5.8866523,3939528.69,0.0,0.0,85
3911561000130,2011-11-28,4021654.4,6.0573694000000025,4053777.86,0.0,0.0,85
3911561000130,2011-11-29,3985685.6,6.0028496,4017291.54,0.0,0.0,85
3911561000130,2011-11-30,4190014.94,6.2198935,4162544.0,0.0,0.0,85
3911561000130,2011-12-01,4290090.14,6.3686447,4262092.84,0.0,0.0,85
3911561000130,2011-12-02,4278028.89,6.3489901,4248939.37,0.0,0.0,85
3911561000130,2011-12-05,4341321.6,6.4874211,4341581.64,0.0,0.0,85
3911561000130,2011-12-06,4379267.2,6.5433495000000015,4379010.7,0.0,0.0,85
3911561000130,2011-12-07,4368918.4,6.5271095,4368142.39,0.0,0.0,85
3911561000130,2011-12-08,4198163.2,6.2711831,4196868.55,0.0,0.0,85
3911561000130,2011-12-09,4268880.0,6.3760972,4267080.29,0.0,0.0,85
3911561000130,2011-12-12,4127187.2,6.1921143,4143953.26,0.0,0.0,85
3911561000130,2011-12-13,4137488.0,6.2067578,4153753.19,0.0,0.0,85
3911561000130,2011-12-14,4000144.0,6.0007729,4015901.71,0.0,0.0,85
3911561000130,2011-12-15,3958940.8,5.938458,3974198.7,0.0,0.0,85
3911561000130,2011-12-16,3914304.0,5.8710191,3929066.47,0.0,0.0,85
3911561000130,2011-12-19,3897136.0,5.8446253,3911402.96,0.0,0.0,85
3911561000130,2011-12-20,4075683.2,6.1106817000000015,4089456.06,0.0,0.0,85
3911561000130,2011-12-21,4025896.0,6.0355276,4039160.62,0.0,0.0,85
3911561000130,2011-12-22,4084267.2,6.1219954,4097027.58,0.0,0.0,85
3911561000130,2011-12-23,4103152.0,6.1494538,4115403.54,0.0,0.0,85
3911561000130,2011-12-26,4082550.4,6.1179072,4094291.64,0.0,0.0,85
3911561000130,2011-12-27,4080833.6,6.1145819,4092066.24,0.0,0.0,85
3911561000130,2011-12-28,3912587.2,5.8624195,3923311.39,0.0,0.0,85
3911561000130,2011-12-29,3948640.0,5.915551799999999,3958869.16,0.0,0.0,85
3911561000130,2011-12-30,3948640.0,5.9148079000000005,3958371.28,0.0,0.0,85
3911561000130,2012-01-02,3984692.8,5.9679544999999985,3993938.67,0.0,0.0,85
3911561000130,2012-01-03,4123753.6,6.2255067,4166300.49,0.0,0.0,85
3911561000130,2012-01-04,4149505.6,6.2632258,4191543.28,0.0,0.0,85
3911561000130,2012-01-05,4063703.6,6.2245002000000005,4165626.89,0.0,0.0,85
3911561000130,2012-01-06,4060320.0,6.2186834000000015,4111854.08,0.0,49880.05,84
3911561000130,2012-01-09,4141526.4,6.3407347000000005,4192555.6,0.0,0.0,84
3911561000130,2012-01-10,4199047.6,6.4269553,4249565.5,0.0,0.0,84
3911561000130,2012-01-11,4204123.0,6.433845099999999,4254121.08,0.0,0.0,84
3911561000130,2012-01-12,4256568.8,6.5123824,4306050.71,0.0,0.0,84
3911561000130,2012-01-13,4292096.6,6.5653193,4341053.14,0.0,0.0,84
3911561000130,2012-01-16,4393604.6,6.7180331,4442028.95,0.0,0.0,84
3911561000130,2012-01-17,4361460.4,6.6686019,4409344.56,0.0,0.0,84
3911561000130,2012-01-18,4473119.2,6.836659299999999,4520465.75,0.0,0.0,84
3911561000130,2012-01-19,4464660.2,6.8230397,4511460.33,0.0,0.0,84
3911561000130,2012-01-20,4457893.0,6.8119798,4504147.41,0.0,0.0,84
3911561000130,2012-01-23,4618614.0,7.0542265,4664323.31,0.0,0.0,84
3911561000130,2012-01-24,4691361.4,7.1634045,4736512.87,0.0,0.0,84
3911561000130,2012-01-25,4691361.4,7.1625522,4735949.3,0.0,0.0,84
3911561000130,2012-01-26,4600004.2,7.023533099999999,4644028.57,0.0,0.0,84
3911561000130,2012-01-27,4544174.8,6.9382566999999975,4587642.96,0.0,0.0,84
3911561000130,2012-01-30,4534024.0,6.9220704,4576940.39,0.0,0.0,84
3911561000130,2012-01-31,4552633.8,6.949382300000001,4594999.29,0.0,0.0,84
3911561000130,2012-02-01,4601696.0,7.022727199999999,4643495.65,0.0,0.0,84
3911561000130,2012-02-02,4534024.0,6.9182901,4574440.83,0.0,0.0,84
3911561000130,2012-02-03,4544174.8,6.9327887000000015,4584027.43,0.0,0.0,84
3911561000130,2012-02-06,4598312.4,7.013810799999999,4637600.05,0.0,0.0,84
3911561000130,2012-02-07,4666995.0,7.1582129,4733080.11,0.0,0.0,84
3911561000130,2012-02-08,4640086.2,7.1166442,4705594.5,0.0,0.0,84
3911561000130,2012-02-09,4629995.4,7.1005139999999995,4694929.07,0.0,0.0,84
3911561000130,2012-02-10,4185945.0,6.523161,4251836.12,0.0,61341.51,83
3911561000130,2012-02-13,4308622.2,6.7105459000000005,4373974.7,0.0,0.0,83
3911561000130,2012-02-14,4126264.2,6.4299205000000015,4191061.4,0.0,0.0,83
3911561000130,2012-02-15,4089792.6,6.3731414000000015,4154052.4,0.0,0.0,83
3911561000130,2012-02-16,4225732.2,6.5808797000000006,4289457.54,0.0,0.0,83
3911561000130,2012-02-17,4204180.8,6.546973599999999,4267357.31,0.0,0.0,83
3911561000130,2012-02-22,4204180.8,6.546129799999999,4266807.34,0.0,0.0,83
3911561000130,2012-02-23,4202523.0,6.5427428,4264599.64,0.0,0.0,83
3911561000130,2012-02-24,4301991.0,6.694503,4363517.88,0.0,0.0,83
3911561000130,2012-02-27,4235679.0,6.5866967,4293249.04,0.0,0.0,83
3911561000130,2012-02-28,4252257.0,6.6112836999999995,4309275.03,0.0,0.0,83
3911561000130,2012-02-29,4260546.0,6.6231518,4317010.74,0.0,0.0,83
3911561000130,2012-03-01,4343436.0,6.7495228,4399380.12,0.0,0.0,83
3911561000130,2012-03-02,4409748.0,6.8492023,4464351.84,0.0,0.0,83
3911561000130,2012-03-05,4280439.6,6.6500009,4334511.14,0.0,0.0,83
3911561000130,2012-03-06,4117975.2,6.3999474,4171524.72,0.0,0.0,83
3911561000130,2012-03-07,4152789.0,6.4525777,4205829.46,0.0,0.0,83
3911561000130,2012-03-08,4157762.4,6.4594226,4210291.05,0.0,0.0,83
3911561000130,2012-03-09,4122948.6,6.4052256,4174965.09,0.0,0.0,83
3911561000130,2012-03-12,4091450.4,6.3561196,4142957.54,0.0,0.0,83
3911561000130,2012-03-13,4252257.0,6.6020512999999985,4303257.32,0.0,0.0,83
3911561000130,2012-03-14,4272150.6,6.6317738,4322630.62,0.0,0.0,83
3911561000130,2012-03-15,4161078.0,6.4605685,4211037.92,0.0,0.0,83
3911561000130,2012-03-16,4177656.0,6.4852154,4227102.95,0.0,0.0,83
3911561000130,2012-03-19,4185945.0,6.4971377,4234873.96,0.0,0.0,83
3911561000130,2012-03-20,4124606.4,6.4334362999999986,4193352.99,0.0,0.0,83
3911561000130,2012-03-21,4103055.0,6.3995815,4171286.27,0.0,0.0,83
3911561000130,2012-03-22,4069161.2,6.2945145,4102802.93,0.0,0.0,83
3911561000130,2012-03-23,4123286.0,6.3143793,4115750.92,0.0,0.0,83
3911561000130,2012-03-26,4216921.7,6.4572539,4208877.47,0.0,0.0,83
3911561000130,2012-03-27,4120987.0,6.3718435,4153206.43,0.0,0.0,83
3911561000130,2012-03-28,4040740.6,6.247943900000001,4072447.91,0.0,0.0,83
3911561000130,2012-03-29,4039068.8,6.2446031,4070270.39,0.0,0.0,83
3911561000130,2012-03-30,4062474.0,6.2797357000000025,4093170.05,0.0,0.0,83
3911561000130,2012-04-02,4067489.4,6.2868517,4097808.27,0.0,0.0,83
3911561000130,2012-04-03,3948791.6,6.102704599999999,3977780.08,0.0,0.0,83
3911561000130,2012-04-04,3843468.2,5.9403386,3871948.93,0.0,0.0,83
3911561000130,2012-04-05,3855170.8,5.9575266,3883152.19,0.0,0.0,83
3911561000130,2012-04-09,3773252.6,5.8310804,3800733.74,0.0,0.0,83
3911561000130,2012-04-10,3704708.8,5.7251631,3731696.24,0.0,0.0,83
3911561000130,2012-04-11,3736473.0,5.7730439,3762905.24,0.0,0.0,83
3911561000130,2012-04-12,3848483.6,5.9441375999999995,3874425.14,0.0,0.0,83
3911561000130,2012-04-13,3751519.2,5.794608599999999,3776961.2,0.0,0.0,83
3911561000130,2012-04-16,3739816.6,5.7758853,3764757.26,0.0,0.0,83
3911561000130,2012-04-17,3738144.8,5.7725528,3762585.09,0.0,0.0,83
3911561000130,2012-04-18,3798329.6,5.864122599999999,3822270.89,0.0,0.0,83
3911561000130,2012-04-19,3734801.2,5.7658758,3758233.03,0.0,0.0,83
3911561000130,2012-04-20,3741488.4,5.7753615,3764415.86,0.0,0.0,83
3911561000130,2012-04-23,3703037.0,5.7155949,3725459.63,0.0,0.0,83
3911561000130,2012-04-24,3711396.0,5.7276495,3733316.86,0.0,0.0,83
3911561000130,2012-04-25,3689662.6,5.693535400000001,3711081.09,0.0,0.0,83
3911561000130,2012-04-26,3724770.4,5.7466297,3745688.27,0.0,0.0,83
3911561000130,2012-04-27,3694678.0,5.6996897,3715092.49,0.0,0.0,83
3911561000130,2012-04-30,3743160.2,5.7733025,3763073.77,0.0,0.0,83
3911561000130,2012-05-02,3855170.8,5.944417,3874607.26,0.0,0.0,83
3911561000130,2012-05-03,3723631.2,5.7577531,3752938.6,0.0,0.0,83
3911561000130,2012-05-04,3566952.0,5.5167665,3595862.05,0.0,0.0,83
3911561000130,2012-05-07,3583620.0,5.5416269,3612066.22,0.0,0.0,83
3911561000130,2012-05-08,3516948.0,5.4386253,3544929.12,0.0,0.0,83
3911561000130,2012-05-09,3496946.4,5.4072335,3524467.74,0.0,0.0,83
3911561000130,2012-05-10,3463610.4,5.3553865,3490673.57,0.0,0.0,83
3911561000130,2012-05-11,3398605.2,5.2550596,3425279.89,0.0,0.0,83
3911561000130,2012-05-14,3301930.8,5.1571953,3361491.34,0.0,0.0,83
3911561000130,2012-05-15,3213590.4,5.0214193,3272991.75,0.0,0.0,83
3911561000130,2012-05-16,3330266.4,5.19975,3389228.77,0.0,0.0,83
3911561000130,2012-05-17,3200256.0,4.999600599999999,3258770.18,0.0,0.0,83
3911561000130,2012-05-18,3296930.4,5.1472496,3355008.66,0.0,0.0,83
3911561000130,2012-05-21,3536949.6,5.5147974,3594578.58,0.0,0.0,83
3911561000130,2012-05-22,3421940.4,5.337632,3479101.09,0.0,0.0,83
3911561000130,2012-05-23,3336933.6,5.2065103,3393635.18,0.0,0.0,83
3911561000130,2012-05-24,3248593.2,5.0702846,3304842.41,0.0,0.0,83
3911561000130,2012-05-25,3220257.6,5.026129,3276061.52,0.0,0.0,83
3911561000130,2012-05-28,3250260.0,5.071478900000002,3305620.9,0.0,0.0,83
3911561000130,2012-05-29,3276928.8,5.1117109,3331844.35,0.0,0.0,83
3911561000130,2012-05-30,3201922.8,4.9959504,3256390.91,0.0,0.0,83
3911561000130,2012-05-31,3400431.86,5.1461519,3354293.19,0.0,0.0,83
3911561000130,2012-06-01,3383551.33,5.1206275,3337656.24,0.0,0.0,83
3911561000130,2012-06-04,3429158.46,5.188649400000001,3381993.3,0.0,0.0,83
3911561000130,2012-06-05,3312008.0,5.092101,3319062.5,0.0,0.0,83
3911561000130,2012-06-06,3379600.0,5.1951018,3386199.04,0.0,0.0,83
3911561000130,2012-06-08,3335665.2,5.1269900999999996,3341803.43,0.0,0.0,83
3911561000130,2012-06-11,3235967.0,4.9733317999999995,3241647.97,0.0,0.0,83
3911561000130,2012-06-12,3252865.0,4.9985672999999995,3258096.65,0.0,0.0,83
3911561000130,2012-06-13,3317077.4,5.0962893,3321792.42,0.0,0.0,83
3911561000130,2012-06-14,3188652.6,4.898561,3192911.95,0.0,0.0,83
3911561000130,2012-06-15,3234277.2,4.9678682,3236995.97,0.0,1090.85,82
3911561000130,2012-06-18,3295110.0,5.060524900000001,3297369.77,0.0,0.0,82
3911561000130,2012-06-19,3453951.2,5.3035811,3455741.94,0.0,0.0,82
3911561000130,2012-06-20,3499575.8,5.3728627,3500884.91,0.0,0.0,82
3911561000130,2012-06-21,3374530.6,5.1802093000000005,3375354.54,0.0,0.0,82
3911561000130,2012-06-22,3406636.8,5.2287539,3406985.51,0.0,0.0,82
3911561000130,2012-06-25,3122750.4,4.7923358,3122621.37,0.0,0.0,82
3911561000130,2012-06-26,3134579.0,4.809790799999999,3133994.8,0.0,0.0,82
3911561000130,2012-06-27,3082195.2,4.728696599999999,3081154.96,0.0,0.0,82
3911561000130,2012-06-28,3092334.0,4.7435633,3090841.88,0.0,0.0,82
3911561000130,2012-06-29,3193722.0,4.898470400000001,3191777.24,0.0,0.0,82
3911561000130,2012-07-02,3202171.0,4.9107711,3199792.25,0.0,0.0,82
3911561000130,2012-07-03,3327216.2,5.100765,3323589.71,0.0,0.0,82
3911561000130,2012-07-04,3312008.0,5.0767426,3307937.05,0.0,0.0,82
3911561000130,2012-07-05,3437053.2,5.267971299999999,3432539.03,0.0,0.0,82
3911561000130,2012-07-06,3359322.4,5.1479812,3354355.14,0.0,0.0,82
3911561000130,2012-07-09,3359322.4,5.147295400000001,3353908.25,0.0,0.0,82
3911561000130,2012-07-10,3166166.0,4.9054268,3196309.96,0.0,0.0,82
3911561000130,2012-07-11,3189557.2,4.9412447,3219648.43,0.0,0.0,82
3911561000130,2012-07-12,3202923.6,4.9610899,3232579.26,0.0,0.0,82
3911561000130,2012-07-13,3383370.0,5.2373438,3412582.57,0.0,0.0,82
3911561000130,2012-07-16,3333246.0,5.159711799999998,3361998.63,0.0,0.0,82
3911561000130,2012-07-17,3323221.2,5.1436269,3351517.91,0.0,0.0,82
3911561000130,2012-07-18,3324892.0,5.1454927,3352733.63,0.0,0.0,82
3911561000130,2012-07-19,3386711.6,5.2396695,3414098.02,0.0,0.0,82
3911561000130,2012-07-20,3299830.0,5.1056249000000005,3326756.36,0.0,0.0,82
3911561000130,2012-07-23,3249706.0,5.028003400000001,3276179.23,0.0,0.0,82
3911561000130,2012-07-24,3224644.0,4.9888511,3250668.11,0.0,0.0,82
3911561000130,2012-07-25,3266414.0,5.05227,3291991.03,0.0,0.0,82
3911561000130,2012-07-26,3299830.0,5.1028629,3324956.65,0.0,0.0,82
3911561000130,2012-07-27,3475264.0,5.371409,3499937.67,0.0,0.0,82
3911561000130,2012-07-30,3508680.0,5.4219765,3532886.78,0.0,0.0,82
3911561000130,2012-07-31,3349954.0,5.1776567,3373691.3,0.0,0.0,82
3911561000130,2012-08-01,3408432.0,5.266734400000002,3431733.1,0.0,0.0,82
3911561000130,2012-08-02,3368332.8,5.2032691,3390379.98,0.0,0.0,82
3911561000130,2012-08-03,3453543.6,5.333372,3475153.27,0.0,0.0,82
3911561000130,2012-08-06,3458556.0,5.3403828,3479721.42,0.0,0.0,82
3911561000130,2012-08-07,3508680.0,5.4166265,3529400.81,0.0,0.0,82
3911561000130,2012-08-08,3699151.2,5.7082573,3719423.45,0.0,0.0,82
3911561000130,2012-08-09,3679101.6,5.6767753,3698910.23,0.0,0.0,82
3911561000130,2012-08-10,3677430.8,5.6736033,3696843.42,0.0,0.0,82
3911561000130,2012-08-13,3667406.0,5.6575093,3686356.78,0.0,0.0,82
3911561000130,2012-08-14,3645685.6,5.623466099999999,3664174.66,0.0,0.0,82
3911561000130,2012-08-15,3675760.0,5.6689158,3693789.1,0.0,0.0,82
3911561000130,2012-08-16,3752616.8,5.7861595999999995,3770183.59,0.0,0.0,82
3911561000130,2012-08-17,3762641.6,5.8008246,3649429.36,0.0,130309.72,82
3911561000130,2012-08-20,3759300.0,5.7947788000000005,3645625.79,0.0,0.0,82
3911561000130,2012-08-21,3697480.4,5.6957817,3583344.52,0.0,0.0,82
3911561000130,2012-08-22,3737579.6,5.758794,3622986.99,0.0,0.0,82
3911561000130,2012-08-23,3554241.6,5.6914644999999995,3580628.44,0.0,0.0,82
3911561000130,2012-08-24,3528532.8,5.6498743,3554463.11,0.0,0.0,82
3911561000130,2012-08-27,3559062.0,5.6976786,3584537.89,0.0,0.0,82
3911561000130,2012-08-28,3542994.0,5.6714120999999995,3568013.06,0.0,0.0,82
3911561000130,2012-08-29,3457638.6,5.6499752,3554526.58,0.0,0.0,82
3911561000130,2012-08-30,3416719.8,5.5842117,3434360.11,0.0,78793.22,82
3911561000130,2012-08-31,3352194.0,5.4785705,3369389.42,0.0,0.0,82
3911561000130,2012-09-03,3367932.0,5.5033987,3384659.08,0.0,0.0,82
3911561000130,2012-09-04,3320718.0,5.4245439000000015,3336162.39,0.0,0.0,82
3911561000130,2012-09-05,3352194.0,5.4749661,3367172.69,0.0,0.0,82
3911561000130,2012-09-06,3437179.2,5.6123894,3451689.71,0.0,0.0,82
3911561000130,2012-09-10,3465507.6,5.6576787,3479543.22,0.0,0.0,82
3911561000130,2012-09-11,3537902.4,5.7746157,3551460.92,0.0,0.0,82
3911561000130,2012-09-12,3600854.4,5.876189599999999,3613930.12,0.0,0.0,82
3911561000130,2012-09-13,3761382.0,6.1364117,3773969.97,0.0,0.0,82
3911561000130,2012-09-14,3832203.0,6.250751,3844290.07,0.0,0.0,82
3911561000130,2012-09-17,3808596.0,6.2115367,3820172.79,0.0,0.0,82
3911561000130,2012-09-18,3786562.8,6.1748845,3797631.24,0.0,0.0,82
3911561000130,2012-09-19,3682692.0,6.0051687000000005,3693253.88,0.0,0.0,82
3911561000130,2012-09-20,3714168.0,6.0555379,3724231.6,0.0,0.0,82
3911561000130,2012-09-21,3690561.0,6.0163391,3700123.85,0.0,0.0,82
3911561000130,2012-09-24,3731479.8,6.0820613,3740543.83,0.0,0.0,82
3911561000130,2012-09-25,3698430.0,6.0275066,3706992.0,0.0,0.0,82
3911561000130,2012-09-26,3714168.0,6.0522844000000005,3722230.64,0.0,0.0,82
3911561000130,2012-09-27,3711020.4,6.0463525,3718582.45,0.0,0.0,82
3911561000130,2012-09-28,3666954.0,5.9738878,3674015.76,0.0,0.0,82
3911561000130,2012-10-01,3674823.0,5.9859225,3681417.26,0.0,0.0,82
3911561000130,2012-10-02,3703151.4,6.0299008,3708464.46,0.0,0.0,82
3911561000130,2012-10-03,3646494.6,5.937013200000001,3651337.43,0.0,0.0,82
3911561000130,2012-10-04,3659085.0,5.9567277999999995,3663462.14,0.0,0.0,82
3911561000130,2012-10-05,3635478.0,5.917584400000001,3639388.48,0.0,0.0,82
3911561000130,2012-10-08,3668527.8,5.9705672,3671973.53,0.0,0.0,82
3911561000130,2012-10-09,3635478.0,5.9160665,3638454.92,0.0,0.0,82
3911561000130,2012-10-10,3611871.0,5.8769263,3614383.24,0.0,0.0,82
3911561000130,2012-10-11,3674823.0,5.9785328,3676872.46,0.0,0.0,82
3911561000130,2012-10-15,3726758.4,6.0622129000000005,3728336.78,0.0,0.0,82
3911561000130,2012-10-16,3726758.4,6.0614402,3727861.59,0.0,0.0,82
3911561000130,2012-10-17,3690561.0,6.0018113,3691189.08,0.0,0.0,82
3911561000130,2012-10-18,3698430.0,6.013833999999999,3698583.14,0.0,0.0,82
3911561000130,2012-10-19,3624461.4,5.8927891,3624139.03,0.0,0.0,82
3911561000130,2012-10-22,3611871.0,5.8715537000000015,3611079.02,0.0,0.0,82
3911561000130,2012-10-23,3541050.0,5.7556381,3539789.47,0.0,0.0,82
3911561000130,2012-10-24,3489263.6,5.6962663000000004,3503275.06,0.0,0.0,82
3911561000130,2012-10-25,3528433.6,5.7592080999999995,3541985.05,0.0,0.0,82
3911561000130,2012-10-26,3586405.2,5.8527159000000015,3599493.55,0.0,0.0,82
3911561000130,2012-10-29,3462628.0,5.6506959000000005,3475248.72,0.0,0.0,82
3911561000130,2012-10-30,3493964.0,5.7009034000000005,3506126.92,0.0,0.0,82
3911561000130,2012-10-31,3368620.0,5.4963478,3380322.7,0.0,0.0,82
3911561000130,2012-11-01,3392122.0,5.533808799999999,3403361.67,0.0,0.0,82
3911561000130,2012-11-05,3446960.0,5.6208965,3456921.68,0.0,0.0,82
3911561000130,2012-11-06,3515899.2,5.7322277,3525391.78,0.0,0.0,82
3911561000130,2012-11-07,3429725.2,5.5913386,3438743.24,0.0,0.0,82
3911561000130,2012-11-08,3309756.8,5.4307779,3339996.4,0.0,0.0,82
3911561000130,2012-11-09,3337779.2,5.4755942000000015,3367558.98,0.0,0.0,82
3911561000130,2012-11-12,3280177.6,5.3811838,3299093.54,0.0,10401.82,81
3911561000130,2012-11-13,3286404.8,5.3905963,3304864.16,0.0,0.0,81
3911561000130,2012-11-14,3175872.0,5.2095626,3193876.11,0.0,0.0,81
3911561000130,2012-11-16,3054441.6,5.0107637,3071996.56,0.0,0.0,81
3911561000130,2012-11-19,3074680.0,5.0430527000000005,3091792.31,0.0,0.0,81
3911561000130,2012-11-20,3074680.0,5.0423281,3091348.07,0.0,0.0,81
3911561000130,2012-11-21,2989056.0,4.9019414,3005279.87,0.0,0.0,81
3911561000130,2012-11-22,2996840.0,4.9139246,3012626.5,0.0,0.0,81
3911561000130,2012-11-23,3085577.6,5.057951,3100926.16,0.0,0.0,81
3911561000130,2012-11-26,3015521.6,4.9429562,3030425.2,0.0,0.0,81
3911561000130,2012-11-27,2968817.6,4.8660602,2983281.83,0.0,0.0,81
3911561000130,2012-11-28,2989056.0,4.8983607000000005,3003084.62,0.0,0.0,81
3911561000130,2012-11-29,3040430.4,4.9814449,3054021.82,0.0,0.0,81
3911561000130,2012-11-30,2973488.0,4.8715348,2986638.2,0.0,0.0,81
3911561000130,2012-12-03,3024862.4,4.9546441,3037590.83,0.0,0.0,81
3911561000130,2012-12-04,2982828.8,4.884061900000002,2994318.28,0.0,0.0,81
3911561000130,2012-12-05,3003067.2,4.916384,3014134.29,0.0,0.0,81
3911561000130,2012-12-06,2964147.2,4.8522096,2974790.33,0.0,0.0,81
3911561000130,2012-12-07,3008526.0,4.9552441,3037958.64,0.0,0.0,81
3911561000130,2012-12-10,3082772.4,5.0756535000000005,3111779.19,0.0,0.0,81
3911561000130,2012-12-11,3130723.2,5.153164299999999,3159299.46,0.0,0.0,81
3911561000130,2012-12-12,3102880.8,5.1070399,3131021.57,0.0,0.0,81
3911561000130,2012-12-13,3058023.6,5.0331700999999995,3085733.51,0.0,0.0,81
3911561000130,2012-12-14,3178674.0,5.2292621,3205953.46,0.0,0.0,81
3911561000130,2012-12-17,3127629.6,5.1452813,3154466.55,0.0,0.0,81
3911561000130,2012-12-18,3155472.0,5.1899802,3181870.52,0.0,0.0,81
3911561000130,2012-12-19,3268388.4,5.3734405,3294346.31,0.0,0.0,81
3911561000130,2012-12-20,3290043.6,5.4080293,3315551.97,0.0,0.0,81
3911561000130,2012-12-21,3229718.4,5.3088963,3254775.54,0.0,0.0,81
3911561000130,2012-12-24,3229718.4,5.3081681,3254329.14,0.0,0.0,81
3911561000130,2012-12-26,3122989.2,5.133353,3147153.59,0.0,0.0,81
3911561000130,2012-12-27,3016260.0,4.9585517999999995,3039986.55,0.0,0.0,81
3911561000130,2012-12-28,3023994.0,4.9704665,3047291.21,0.0,0.0,81
3911561000130,2012-12-31,3023994.0,4.9697653,3039406.65,0.0,7454.64,80
3911561000130,2013-01-02,3068851.2,5.0424357,3083850.35,0.0,0.0,80
3911561000130,2013-01-03,3183314.4,5.227584200000001,3197083.39,0.0,0.0,80
3911561000130,2013-01-04,3214250.4,5.2774714000000005,3227593.37,0.0,0.0,80
3911561000130,2013-01-07,3152378.4,5.1756033,3162316.96,0.0,2975.97,79
3911561000130,2013-01-08,3036924.0,5.0283140999999985,3072322.64,0.0,0.0,79
3911561000130,2013-01-09,3067600.0,5.0778389000000015,3102582.52,0.0,0.0,79
3911561000130,2013-01-10,3087539.4,5.1097877999999985,3122103.39,0.0,0.0,79
3911561000130,2013-01-11,3095208.4,5.1216504999999986,3129351.59,0.0,0.0,79
3911561000130,2013-01-14,3098276.0,5.1259826,3131998.54,0.0,0.0,79
3911561000130,2013-01-15,3065396.4,5.1076847,3098927.93,0.0,21890.46,78
3911561000130,2013-01-16,3076056.0,5.1245634,3109168.55,0.0,0.0,78
3911561000130,2013-01-17,3054736.8,5.088733,3087429.58,0.0,0.0,78
3911561000130,2013-01-18,3030372.0,5.0478364,3062616.85,0.0,0.0,78
3911561000130,2013-01-21,3001438.8,4.9994571,3033264.26,0.0,0.0,78
3911561000130,2013-01-22,3030372.0,5.0464577,3061780.38,0.0,0.0,78
3911561000130,2013-01-23,3019712.4,5.0281973,3050701.44,0.0,0.0,78
3911561000130,2013-01-24,3033417.6,5.050096599999999,3063988.18,0.0,0.0,78
3911561000130,2013-01-25,3033417.6,5.049405200000002,3063568.68,0.0,0.0,78
3911561000130,2013-01-28,2984688.0,4.9683972,3014419.59,0.0,0.0,78
3911561000130,2013-01-29,2945095.2,4.902455000000002,2974411.22,0.0,0.0,78
3911561000130,2013-01-30,2794338.0,4.6532957,2823241.61,0.0,0.0,78
3911561000130,2013-01-31,2776064.4,4.622517,2804567.61,0.0,0.0,78
3911561000130,2013-02-01,2835453.6,4.7196995,2863530.09,0.0,0.0,78
3911561000130,2013-02-04,2756268.0,4.5867786,2782884.45,0.0,0.0,78
3911561000130,2013-02-05,2527848.0,4.2095939000000016,2554039.45,0.0,0.0,78
3911561000130,2013-02-06,2495869.2,4.1562156,2521653.81,0.0,0.0,78
3911561000130,2013-02-07,2451708.0,4.0827623,2477088.34,0.0,0.0,78
3911561000130,2013-02-08,2436480.0,4.0570029000000005,2461459.61,0.0,0.0,78
3911561000130,2013-02-13,2416683.6,4.0237188999999995,2441265.61,0.0,0.0,78
3911561000130,2013-02-14,2404501.2,4.0029839,2428685.32,0.0,0.0,78
3911561000130,2013-02-15,2390796.0,3.9797407,2414583.22,0.0,0.0,78
3911561000130,2013-02-18,2312136.6,4.0435457,2331988.5,0.0,121306.37,77
3911561000130,2013-02-19,2309241.0,4.0378377,2308507.42,0.0,20189.18,76
3911561000130,2013-02-20,2222153.6,3.9288222999999998,2246181.27,0.0,0.0,76
3911561000130,2013-02-21,2172040.6,3.8404877999999996,2195678.79,0.0,0.0,76
3911561000130,2013-02-22,2162018.0,3.8222829,2185270.73,0.0,0.0,76
3911561000130,2013-02-25,2133382.0,3.7715226000000004,2156250.09,0.0,0.0,76
3911561000130,2013-02-26,2104746.0,3.7207663,2127231.76,0.0,0.0,76
3911561000130,2013-02-27,2109041.4,3.7276147000000006,2131147.11,0.0,0.0,76
3911561000130,2013-02-28,2074678.2,3.6664758,2096192.85,0.0,0.0,76
3911561000130,2013-03-01,2101882.4,3.7134256,2123034.95,0.0,0.0,76
3911561000130,2013-03-04,2037451.4,3.5982923,2057211.09,0.0,0.0,76
3911561000130,2013-03-05,2040315.0,3.6026731,2059715.7,0.0,0.0,76
3911561000130,2013-03-06,2349583.8,4.1427351,2368479.23,0.0,0.0,76
3911561000130,2013-03-07,2465559.6,4.3449186,2484071.32,0.0,0.0,76
3911561000130,2013-03-08,2391106.0,4.2140035000000005,2409224.71,0.0,0.0,76
3911561000130,2013-03-11,2461264.2,4.3360486,2479000.19,0.0,0.0,76
3911561000130,2013-03-12,2425469.2,4.2727527,2442812.7,0.0,0.0,76
3911561000130,2013-03-13,2419742.0,4.2620537,2436695.9,0.0,0.0,76
3911561000130,2013-03-14,2495627.4,4.3941037000000005,2512191.34,0.0,0.0,76
3911561000130,2013-03-15,2548604.0,4.4860731,2564771.99,0.0,0.0,76
3911561000130,2013-03-18,2525695.2,4.4452985,2541460.37,0.0,0.0,76
3911561000130,2013-03-19,2501354.6,4.4020227,2516718.82,0.0,0.0,76
3911561000130,2013-03-20,2469855.0,4.3462285000000005,2484820.22,0.0,0.0,76
3911561000130,2013-03-21,2426901.0,4.2704037,2441469.75,0.0,0.0,76
3911561000130,2013-03-22,2435491.8,4.2847425,2449667.52,0.0,0.0,76
3911561000130,2013-03-25,2418310.2,4.2540014,2432092.26,0.0,0.0,76
3911561000130,2013-03-26,2419742.0,4.2558196,2433131.78,0.0,0.0,76
3911561000130,2013-03-27,2419742.0,4.2551333,2432739.41,0.0,0.0,76
3911561000130,2013-03-28,2412583.0,4.2419252,2425188.09,0.0,0.0,76
3911561000130,2013-04-01,2373924.4,4.1736614,2386160.37,0.0,0.0,76
3911561000130,2013-04-02,2313788.8,4.0660381,2324630.11,0.0,0.0,76
3911561000130,2013-04-03,2376788.0,4.1753742,2387139.6,0.0,0.0,76
3911561000130,2013-04-04,2330970.4,4.094595,2340956.66,0.0,0.0,76
3911561000130,2013-04-05,2336697.6,4.1039799,2346322.18,0.0,0.0,76
3911561000130,2013-04-08,2290880.0,4.0232065000000015,2300142.49,0.0,0.0,76
3911561000130,2013-04-09,2404158.0,4.2353559999999995,2421432.33,0.0,0.0,76
3911561000130,2013-04-10,2425560.0,4.2721939,2442493.26,0.0,0.0,76
3911561000130,2013-04-11,2369914.8,4.1742175,2386478.33,0.0,0.0,76
3911561000130,2013-04-12,2341378.8,4.1236612,2357574.3,0.0,0.0,76
3911561000130,2013-04-15,2232942.0,3.9333531,2248771.61,0.0,0.0,76
3911561000130,2013-04-16,2275746.0,4.0075972,2291218.36,0.0,0.0,76
3911561000130,2013-04-17,2204406.0,3.8821818,2219516.01,0.0,0.0,76
3911561000130,2013-04-18,2295721.2,4.0412784,2310474.54,0.0,0.0,76
3911561000130,2013-04-19,2388463.2,4.202858,2402852.62,0.0,0.0,76
3911561000130,2013-04-22,2448388.8,4.307025299999999,2462407.03,0.0,0.0,76
3911561000130,2013-04-23,2511168.0,4.416175599999999,2524810.27,0.0,0.0,76
3911561000130,2013-04-24,2576800.8,4.5303084,2590062.17,0.0,0.0,76
3911561000130,2013-04-25,2553972.0,4.4894994000000015,2566730.89,0.0,0.0,76
3911561000130,2013-04-26,2573947.2,4.5237676,2586322.63,0.0,0.0,76
3911561000130,2013-04-29,2733748.8,4.802605000000002,2745739.19,0.0,0.0,76
3911561000130,2013-04-30,2736602.4,4.8757971,2787584.5,0.0,0.0,76
3911561000130,2013-05-02,2746590.0,4.8925573,2797166.63,0.0,0.0,76
3911561000130,2013-05-03,2710920.0,4.8276567,2760061.75,0.0,0.0,76
3911561000130,2013-05-06,2772272.4,4.9342636,2821010.87,0.0,0.0,76
3911561000130,2013-05-07,2795101.2,4.9734798,2843431.54,0.0,0.0,76
3911561000130,2013-05-08,2746590.0,4.8879114,2794510.45,0.0,0.0,76
3911561000130,2013-05-09,2752297.2,4.8971837,2799811.62,0.0,0.0,76
3911561000130,2013-05-10,2739456.0,4.8740121,2786563.97,0.0,0.0,76
3911561000130,2013-05-13,2658375.0,4.760999900000002,2721952.77,0.0,0.0,76
3911561000130,2013-05-14,2665464.0,4.7727779,2728686.49,0.0,0.0,76
3911561000130,2013-05-15,2681059.8,4.7995275,2743979.74,0.0,0.0,76
3911561000130,2013-05-16,2666881.8,4.7739775,2729372.32,0.0,0.0,76
3911561000130,2013-05-17,2702326.8,4.835268900000001,2764413.77,0.0,0.0,76
3911561000130,2013-05-20,2740607.4,4.9015132,2802286.86,0.0,0.0,76
3911561000130,2013-05-21,2747696.4,4.9131946,2808965.33,0.0,0.0,76
3911561000130,2013-05-22,2671135.2,4.7785615,2731993.09,0.0,0.0,76
3911561000130,2013-05-23,2651286.0,4.7422054000000005,2688349.53,0.0,22858.08,76
3911561000130,2013-05-24,2649868.2,4.7389962,2686530.26,0.0,0.0,76
3911561000130,2013-05-27,2630019.0,4.7032746,2666279.71,0.0,0.0,76
3911561000130,2013-05-28,2682477.6,4.7951055999999985,2718338.59,0.0,0.0,76
3911561000130,2013-05-29,2655539.4,4.7468746,2690996.53,0.0,0.0,76
3911561000130,2013-05-31,2689566.6,4.8061895,2724622.05,0.0,0.0,76
3911561000130,2013-06-03,2696655.6,4.8179735,2731302.35,0.0,0.0,76
3911561000130,2013-06-04,2683895.4,4.7929283,2717104.28,0.0,0.0,76
3911561000130,2013-06-05,2566218.0,4.5846274000000005,2599018.79,0.0,0.0,76
3911561000130,2013-06-06,2569053.6,4.588878299999998,2601428.65,0.0,0.0,76
3911561000130,2013-06-07,2498163.6,4.4631258,2530139.73,0.0,0.0,76
3911561000130,2013-06-10,2513759.4,4.4899429,2545342.27,0.0,0.0,76
3911561000130,2013-06-11,2440033.8,4.3591961999999995,2471222.19,0.0,0.0,76
3911561000130,2013-06-12,2370561.6,4.235963,2401361.42,0.0,0.0,76
3911561000130,2013-06-13,2459883.0,4.392849299999999,2490300.04,0.0,0.0,76
3911561000130,2013-06-14,2343623.4,4.1870811,2373650.34,0.0,0.0,76
3911561000130,2013-06-17,2369143.8,4.2314269,2398789.91,0.0,0.0,76
3911561000130,2013-06-18,2333698.8,4.1682271,2362962.07,0.0,0.0,76
3911561000130,2013-06-19,2275569.0,4.0650167999999995,2304452.27,0.0,0.0,76
3911561000130,2013-06-20,2264334.0,4.0642328999999995,2304007.89,0.0,0.0,76
3911561000130,2013-06-21,2157113.2,3.874435,2196411.76,0.0,0.0,76
3911561000130,2013-06-24,2080930.0,3.7394021,2119861.79,0.0,0.0,76
3911561000130,2013-06-25,2073876.0,3.7263227,2112447.09,0.0,0.0,76
3911561000130,2013-06-26,2087984.0,3.7505737999999997,2126194.98,0.0,0.0,76
3911561000130,2013-06-27,2100681.2,3.7723343000000003,2138530.99,0.0,0.0,76
3911561000130,2013-06-28,2089394.8,3.7517864000000003,2126882.41,0.0,0.0,76
3911561000130,2013-07-01,2076697.6,3.7287922,2113847.05,0.0,0.0,76
3911561000130,2013-07-02,1994871.2,3.5820426,2030654.9,0.0,0.0,76
3911561000130,2013-07-03,2035784.4,3.6536298,2071237.58,0.0,0.0,76
3911561000130,2013-07-04,1979771.6,3.6878623,2006232.46,0.0,84411.48,75
3911561000130,2013-07-05,1858838.4,3.4649586,1884970.7,0.0,0.0,75
3911561000130,2013-07-08,1841174.0,3.4319015,1866987.34,0.0,0.0,75
3911561000130,2013-07-09,1841174.0,3.4313179,1866669.83,0.0,0.0,75
3911561000130,2013-07-10,1875144.0,3.493178,1900322.32,0.0,0.0,75
3911561000130,2013-07-11,2011024.0,3.742364,2035881.9,0.0,0.0,75
3911561000130,2013-07-12,1977054.0,3.6793119,2001580.98,0.0,0.0,75
3911561000130,2013-07-15,2002871.2,3.726173,2027073.84,0.0,0.0,75
3911561000130,2013-07-16,2016159.6,3.7827549,2057854.96,0.0,0.0,75
3911561000130,2013-07-17,2067338.0,3.8762197,2108700.7,0.0,0.0,75
3911561000130,2013-07-18,2091580.4,3.9201632000000006,2132606.38,0.0,0.0,75
3911561000130,2013-07-19,2084846.4,3.9071624,2125533.79,0.0,0.0,75
3911561000130,2013-07-22,2127944.0,3.9857631,2168293.35,0.0,0.0,75
3911561000130,2013-07-23,2168348.0,4.0594062000000015,2208355.9,0.0,0.0,75
3911561000130,2013-07-24,2149492.8,4.0241131,2189156.09,0.0,0.0,75
3911561000130,2013-07-25,2185856.4,4.0903261,2225176.6,0.0,0.0,75
3911561000130,2013-07-26,2181816.0,4.082262999999998,2220790.24,0.0,0.0,75
3911561000130,2013-07-29,2138718.4,4.0024056,2177347.04,0.0,0.0,75
3911561000130,2013-07-30,2086193.2,3.9052247,2124479.67,0.0,0.0,75
3911561000130,2013-07-31,2071378.4,3.8773708,2109326.92,0.0,0.0,75
3911561000130,2013-08-01,2168348.0,4.0549894,2205953.12,0.0,0.0,75
3911561000130,2013-08-02,2154880.0,4.0276963,2191105.39,0.0,0.0,75
3911561000130,2013-08-05,2125250.4,3.9725879,2161125.9,0.0,0.0,75
3911561000130,2013-08-06,2064644.4,3.8605428999999996,2100172.38,0.0,0.0,75
3911561000130,2013-08-07,2063297.6,3.8574374,2098482.91,0.0,0.0,75
3911561000130,2013-08-08,2129290.8,3.978114,2164132.14,0.0,0.0,75
3911561000130,2013-08-09,2165654.4,4.0443158,2200146.55,0.0,0.0,75
3911561000130,2013-08-12,2133331.2,3.9842521,2167471.34,0.0,0.0,75
3911561000130,2013-08-13,2133331.2,3.9836097,2167121.9,0.0,0.0,75
3911561000130,2013-08-14,2171041.6,4.052286799999999,2204482.87,0.0,0.0,75
3911561000130,2013-08-15,2298987.6,4.286836599999999,2332080.19,0.0,0.0,75
3911561000130,2013-08-16,2315149.2,4.3158785,2347879.29,0.0,0.0,75
3911561000130,2013-08-19,2280132.4,4.2508418,2312498.72,0.0,0.0,75
3911561000130,2013-08-20,2197977.6,4.0991612,2229982.97,0.0,0.0,75
3911561000130,2013-08-21,2223566.8,4.145547799999999,2255217.77,0.0,0.0,75
3911561000130,2013-08-22,2342085.2,4.3627536,2373379.77,0.0,0.0,75
3911561000130,2013-08-23,2356900.0,4.3893138,2387828.78,0.0,0.0,75
3911561000130,2013-08-26,2308415.2,4.299293,2338856.62,0.0,0.0,75
3911561000130,2013-08-27,2231647.6,4.1575112,2261725.97,0.0,0.0,75
3911561000130,2013-08-28,2177775.6,4.0578275,2207497.05,0.0,0.0,75
3911561000130,2013-08-29,2150839.6,4.0076654000000005,2167464.05,0.0,12744.37,74
3911561000130,2013-08-30,2150839.6,4.0070193,2167114.61,0.0,0.0,74
3911561000130,2013-09-02,2175082.0,4.051183999999999,2191000.18,0.0,0.0,74
3911561000130,2013-09-03,2141412.0,3.9863625,2155942.81,0.0,0.0,74
3911561000130,2013-09-04,2176428.8,4.0504508,2190603.65,0.0,0.0,74
3911561000130,2013-09-05,2247809.2,4.1817707,2261625.35,0.0,0.0,74
3911561000130,2013-09-06,2269358.0,4.220941099999999,2282809.82,0.0,0.0,74
3911561000130,2013-09-09,2329964.0,4.3323255,2343049.81,0.0,0.0,74
3911561000130,2013-09-10,2356900.0,4.3814448,2369615.0,0.0,0.0,74
3911561000130,2013-09-11,2352859.6,4.3732833,2365201.0,0.0,0.0,74
3911561000130,2013-09-12,2270704.8,4.2206886,2282673.28,0.0,0.0,74
3911561000130,2013-09-13,2312455.6,4.2972095,2324058.07,0.0,0.0,74
3911561000130,2013-09-16,2348819.2,4.363763400000002,2360052.37,0.0,0.0,74
3911561000130,2013-09-17,2370368.0,4.4029193,2381229.01,0.0,0.0,74
3911561000130,2013-09-18,2404038.0,4.4644843000000005,2414525.18,0.0,0.0,74
3911561000130,2013-09-19,2417506.0,4.4886906,2427616.69,0.0,0.0,74
3911561000130,2013-09-20,2383836.0,4.4257364,2393569.19,0.0,0.0,74
3911561000130,2013-09-23,2373061.6,4.4051214000000005,2382419.97,0.0,0.0,74
3911561000130,2013-09-24,2343432.0,4.3496445,2352416.44,0.0,0.0,74
3911561000130,2013-09-25,2339391.6,4.341486799999998,2348004.49,0.0,0.0,74
3911561000130,2013-09-26,2344778.8,4.3507614000000014,2353020.49,0.0,0.0,74
3911561000130,2013-09-27,2335351.2,4.3326426,2343221.29,0.0,0.0,74
3911561000130,2013-09-30,2284172.8,4.2373275,2291672.08,0.0,0.0,74
3911561000130,2013-10-01,2321479.2,4.3311395,2342408.41,0.0,0.0,74
3911561000130,2013-10-02,2313446.4,4.3137360000000005,2332996.06,0.0,0.0,74
3911561000130,2013-10-03,2298719.6,4.285858599999999,2317919.12,0.0,0.0,74
3911561000130,2013-10-04,2328173.2,4.3396734000000015,2347023.76,0.0,0.0,74
3911561000130,2013-10-07,2316124.0,4.3167447999999995,2334623.31,0.0,0.0,74
3911561000130,2013-10-08,2265249.6,4.2220297,2283398.61,0.0,0.0,74
3911561000130,2013-10-09,2253200.4,4.1991087,2271002.22,0.0,0.0,74
3911561000130,2013-10-10,2278637.6,4.2455012000000005,2296092.69,0.0,0.0,74
3911561000130,2013-10-11,2275960.0,4.2399055,2293066.37,0.0,0.0,74
3911561000130,2013-10-14,2285331.6,4.2565894,2302089.49,0.0,0.0,74
3911561000130,2013-10-15,2296042.0,4.275745,2312449.42,0.0,0.0,74
3911561000130,2013-10-16,2273282.4,4.233015,2289339.78,0.0,0.0,74
3911561000130,2013-10-17,2277298.8,4.2397977,2293008.02,0.0,0.0,74
3911561000130,2013-10-18,2257216.8,4.2020215,2272577.54,0.0,0.0,74
3911561000130,2013-10-21,2368337.2,4.406843,2383351.09,0.0,0.0,74
3911561000130,2013-10-22,2329512.0,4.3343972,2344170.25,0.0,0.0,74
3911561000130,2013-10-23,2288009.2,4.2570062,2298833.8,0.0,3481.12,73
3911561000130,2013-10-24,2283992.8,4.2489224000000005,2294468.45,0.0,0.0,73
3911561000130,2013-10-25,2316124.0,4.3077778,2326251.06,0.0,0.0,73
3911561000130,2013-10-28,2543720.0,4.728592400000001,2553495.94,0.0,0.0,73
3911561000130,2013-10-29,2526315.6,4.6956792,2535722.41,0.0,0.0,73
3911561000130,2013-10-30,2538364.8,4.7173110000000005,2547403.85,0.0,0.0,73
3911561000130,2013-10-31,2576935.2,4.8604989000000005,2624726.99,0.0,0.0,73
3911561000130,2013-11-01,2510995.2,4.7376548,2521540.25,0.0,36849.47,72
3911561000130,2013-11-04,2571660.0,4.848971700000001,2580786.86,0.0,0.0,72
3911561000130,2013-11-05,2558472.0,4.823452400000001,2567204.62,0.0,0.0,72
3911561000130,2013-11-06,2584848.0,4.8722708,2593187.43,0.0,0.0,72
3911561000130,2013-11-07,2525502.0,4.7600246,2533446.19,0.0,0.0,72
3911561000130,2013-11-08,2472750.0,4.6601766,2480303.7,0.0,0.0,72
3911561000130,2013-11-11,2545284.0,4.7957331,2552451.49,0.0,0.0,72
3911561000130,2013-11-12,2454286.8,4.6240253,2461062.75,0.0,0.0,72
3911561000130,2013-11-13,2517589.2,4.7422404,2523980.87,0.0,0.0,72
3911561000130,2013-11-14,2584848.0,4.8678798,2590850.38,0.0,0.0,72
3911561000130,2013-11-18,2682439.2,5.0504999,2688047.0,0.0,0.0,72
3911561000130,2013-11-19,2642875.2,4.9754083,2648080.7,0.0,0.0,72
3911561000130,2013-11-20,2642875.2,4.9746584,2647681.56,0.0,0.0,72
3911561000130,2013-11-21,2562880.8,4.9663374000000005,2588166.26,0.0,55086.61,71
3911561000130,2013-11-22,2538545.6,4.9188848,2563436.68,0.0,0.0,71
3911561000130,2013-11-25,2491156.0,4.8271976,2515654.67,0.0,0.0,71
3911561000130,2013-11-26,2331056.0,4.518912599999998,2354994.44,0.0,0.0,71
3911561000130,2013-11-27,2334898.4,4.5255644,2358460.99,0.0,0.0,71
3911561000130,2013-11-28,2270858.4,4.4019586,2294044.85,0.0,0.0,71
3911561000130,2013-11-29,2346425.6,4.5462498,2369241.03,0.0,0.0,71
3911561000130,2013-12-02,2103073.6,4.078593700000001,2125525.83,0.0,0.0,71
3911561000130,2013-12-03,2122285.6,4.1128253,2143365.35,0.0,0.0,71
3911561000130,2013-12-04,2103073.6,4.0752975,2123808.08,0.0,0.0,71
3911561000130,2013-12-05,2113320.0,4.0942995,2133710.78,0.0,0.0,71
3911561000130,2013-12-06,2068492.0,4.0076196,2088538.27,0.0,0.0,71
3911561000130,2013-12-09,2058245.6,3.987304,2077950.96,0.0,0.0,71
3911561000130,2013-12-10,2064649.6,3.9989398,2084014.87,0.0,0.0,71
3911561000130,2013-12-11,2005732.8,3.8852330000000004,2024757.52,0.0,0.0,71
3911561000130,2013-12-12,2010856.0,3.8944186000000003,2029544.5,0.0,0.0,71
3911561000130,2013-12-13,2030068.0,3.9306386,2048420.26,0.0,0.0,71
3911561000130,2013-12-16,2062088.0,3.9914326,2080102.54,0.0,0.0,71
3911561000130,2013-12-17,1994205.6,3.8605226000000004,2011879.89,0.0,0.0,71
3911561000130,2013-12-18,2012136.8,3.8942876,2029476.26,0.0,0.0,71
3911561000130,2013-12-19,2055684.0,3.9772036,2072687.23,0.0,0.0,71
3911561000130,2013-12-20,2023664.0,3.9151097999999998,2040327.56,0.0,0.0,71
3911561000130,2013-12-23,2032629.6,3.9316667,2048956.07,0.0,0.0,71
3911561000130,2013-12-24,2032629.6,3.9310186000000003,2048618.29,0.0,0.0,71
3911561000130,2013-12-26,2023664.0,3.9131667,2039314.94,0.0,0.0,71
3911561000130,2013-12-27,2037752.8,3.9395545,2053066.73,0.0,0.0,71
3911561000130,2013-12-30,2047999.2,3.9585672,2062975.04,0.0,0.0,71
3911561000130,2013-12-31,2047999.2,3.9579169000000003,2062636.14,0.0,0.0,71
3911561000130,2014-01-02,2026225.6,3.9154997,2040530.75,0.0,0.0,71
3911561000130,2014-01-03,1964747.2,3.7949239,1977693.65,0.0,0.0,71
3911561000130,2014-01-06,2009575.2,3.880319,2022196.6,0.0,0.0,71
3911561000130,2014-01-07,1946816.0,3.7592621,1959108.82,0.0,0.0,71
3911561000130,2014-01-08,1948096.8,3.7610989,1960066.04,0.0,0.0,71
3911561000130,2014-01-09,1895584.0,3.659713,1907229.57,0.0,0.0,71
3911561000130,2014-01-10,1922480.8,3.7107112,1933806.91,0.0,0.0,71
3911561000130,2014-01-13,1884056.8,3.6363635,1895061.21,0.0,0.0,71
3911561000130,2014-01-14,1876372.0,3.6210063,1887057.92,0.0,0.0,71
3911561000130,2014-01-15,1936569.6,3.7359073,1946937.63,0.0,0.0,71
3911561000130,2014-01-16,1884056.8,3.6345299,1894105.62,0.0,0.0,71
3911561000130,2014-01-17,1871248.8,3.6093421,1880979.21,0.0,0.0,71
3911561000130,2014-01-20,1831544.0,3.5325449,1840957.0,0.0,0.0,71
3911561000130,2014-01-21,1837948.0,3.5442305,1847046.81,0.0,0.0,71
3911561000130,2014-01-22,1894303.2,3.6517645,1903087.31,0.0,0.0,71
3911561000130,2014-01-23,1850756.0,3.5672068,1859020.77,0.0,0.0,71
3911561000130,2014-01-24,1803366.4,3.475667,1811315.52,0.0,0.0,71
3911561000130,2014-01-27,1795681.6,3.4603225,1803318.86,0.0,0.0,71
3911561000130,2014-01-28,1795681.6,3.4597253,1803007.63,0.0,0.0,71
3911561000130,2014-01-29,1761100.0,3.3927708,1768114.85,0.0,0.0,71
3911561000130,2014-01-30,1747011.2,3.3651444,1753717.59,0.0,0.0,71
3911561000130,2014-01-31,1763661.6,3.3965047,1770060.73,0.0,0.0,71
3911561000130,2014-02-03,1677848.0,3.231219,1683923.42,0.0,0.0,71
3911561000130,2014-02-04,1699621.6,3.2700868,1704179.06,0.0,0.0,71
3911561000130,2014-02-05,1659916.8,3.1932876,1664155.79,0.0,0.0,71
3911561000130,2014-02-06,1703464.0,3.2762437,1707387.68,0.0,0.0,71
3911561000130,2014-02-07,1732922.4,3.3321587,1736527.35,0.0,0.0,71
3911561000130,2014-02-10,1744449.6,3.3536617999999994,1747733.49,0.0,0.0,71
3911561000130,2014-02-11,1796962.4,3.4538089,1799924.36,0.0,0.0,71
3911561000130,2014-02-12,1793120.0,3.4458169,1795759.37,0.0,0.0,71
3911561000130,2014-02-13,1757257.6,3.3763767,1759571.22,0.0,0.0,71
3911561000130,2014-02-14,1758538.4,3.3782148999999997,1760529.14,0.0,0.0,71
3911561000130,2014-02-17,1725237.6,3.3136955,1726905.39,0.0,0.0,71
3911561000130,2014-02-18,1702183.2,3.2688317000000002,1703524.98,0.0,0.0,71
3911561000130,2014-02-19,1716272.0,3.2952442000000004,1717289.64,0.0,0.0,71
3911561000130,2014-02-20,1711148.8,3.2847894,1711841.2,0.0,0.0,71
3911561000130,2014-02-21,1716272.0,3.2939968,1716639.6,0.0,0.0,71
3911561000130,2014-02-24,1747011.2,3.3523572,1747053.61,0.0,0.0,71
3911561000130,2014-02-25,1700902.4,3.2632630000000002,1700622.92,0.0,0.0,71
3911561000130,2014-02-26,1652232.0,3.1692606,1651634.34,0.0,0.0,71
3911561000130,2014-02-27,1707306.4,3.2743377000000002,1706394.42,0.0,0.0,71
3911561000130,2014-02-28,1663759.2,3.1901652,1662528.59,0.0,0.0,71
3911561000130,2014-03-05,1627896.8,3.1207282000000003,1626342.04,0.0,0.0,71
3911561000130,2014-03-06,1656074.4,3.1718759,1652997.29,0.0,0.0,71
3911561000130,2014-03-07,1626616.0,3.1147287999999995,1623215.52,0.0,0.0,71
3911561000130,2014-03-10,1598438.4,3.0600438,1594716.89,0.0,0.0,71
3911561000130,2014-03-11,1598438.4,3.0594322,1594398.15,0.0,0.0,71
3911561000130,2014-03-12,1581054.4,3.0835996,1606992.78,0.0,0.0,71
3911561000130,2014-03-13,1559688.8,3.0419928,1585309.76,0.0,0.0,71
3911561000130,2014-03-14,1520728.0,2.9666222,1509669.14,0.0,36361.82,70
3911561000130,2014-03-17,1474613.6,2.9465121,1499435.42,0.0,0.0,70
3911561000130,2014-03-18,1517551.6,3.0302772,1542062.24,0.0,0.0,70
3911561000130,2014-03-19,1538304.0,3.1331442000000003,1563078.26,0.0,31331.44,69
3911561000130,2014-03-20,1614017.4,3.2842756,1638475.41,0.0,0.0,69
3911561000130,2014-03-21,1622430.0,3.3004926,1646565.81,0.0,0.0,69
3911561000130,2014-03-24,1675309.2,3.4058402,1699122.12,0.0,0.0,69
3911561000130,2014-03-25,1688529.0,3.4316834000000003,1712014.9,0.0,0.0,69
3911561000130,2014-03-26,1656080.4,3.3659835,1679238.24,0.0,0.0,69
3911561000130,2014-03-27,1781067.6,3.6158643,1803899.99,0.0,0.0,69
3911561000130,2014-03-28,1803901.8,3.6609626,1826398.84,0.0,0.0,69
3911561000130,2014-03-31,1797892.8,3.648242,1820052.71,0.0,0.0,69
3911561000130,2014-04-01,1808709.0,3.669266200000002,1830541.41,0.0,0.0,69
3911561000130,2014-04-02,1882018.8,3.8131479,1902321.81,0.0,0.0,69
3911561000130,2014-04-03,1783124.0,3.7944839999999997,1893010.67,0.0,0.0,69
3911561000130,2014-04-04,1765352.0,3.7581926,1852733.45,0.0,22171.95,68
3911561000130,2014-04-07,1877908.0,3.9858382000000003,1964959.36,0.0,0.0,68
3911561000130,2014-04-08,1824592.0,3.8770012,1911304.37,0.0,0.0,68
3911561000130,2014-04-09,1769421.4,3.8349655,1890581.39,0.0,0.0,68
3911561000130,2014-04-10,1762450.6,3.8201498999999997,1883277.5,0.0,0.0,68
3911561000130,2014-04-11,1771422.8,3.9211572999999995,1880623.27,0.0,52449.4,67
3911561000130,2014-04-14,1743052.8,3.8613121,1851920.96,0.0,0.0,67
3911561000130,2014-04-15,1682908.4,3.7352211000000004,1791446.55,0.0,0.0,67
3911561000130,2014-04-16,1711278.4,3.7936954,1819491.33,0.0,0.0,67
3911561000130,2014-04-17,1773692.4,3.9231472999999997,1881577.69,0.0,0.0,67
3911561000130,2014-04-22,1729435.2,3.8310236000000004,1837394.32,0.0,0.0,67
3911561000130,2014-04-23,1727165.6,3.8256058,1834795.86,0.0,0.0,67
3911561000130,2014-04-24,1735109.2,3.8414831,1842410.79,0.0,0.0,67
3911561000130,2014-04-25,1715817.6,3.8005731,1822789.94,0.0,0.0,67
3911561000130,2014-04-28,1775962.0,3.9252927000000004,1882606.63,0.0,0.0,67
3911561000130,2014-04-29,1787310.0,3.9423582,1890791.38,0.0,0.0,67
3911561000130,2014-04-30,1773692.4,3.9132705000000003,1876840.69,0.0,0.0,67
3911561000130,2014-05-02,1840645.6,4.0521948,1943470.03,0.0,0.0,67
3911561000130,2014-05-05,1861072.0,4.0915939,1962366.22,0.0,0.0,67
3911561000130,2014-05-06,1934834.0,4.2447005,2035797.57,0.0,0.0,67
3911561000130,2014-05-07,1974552.0,4.3268123,2075179.11,0.0,0.0,67
3911561000130,2014-05-08,1908733.6,4.1888708,2009021.12,0.0,0.0,67
3911561000130,2014-05-09,1890576.8,4.1503148,1990529.31,0.0,0.0,67
3911561000130,2014-05-12,1938238.4,4.2490002,2037859.75,0.0,0.0,67
3911561000130,2014-05-13,1933699.2,4.238834,2032983.91,0.0,0.0,67
3911561000130,2014-05-14,1966608.4,4.3067496,2065556.86,0.0,0.0,67
3911561000130,2014-05-15,1932564.4,4.2350603,2031174.04,0.0,0.0,67
3911561000130,2014-05-16,1917812.0,4.2036004,2010465.34,0.0,5620.21,66
3911561000130,2014-05-19,1909868.4,4.1862921,2002187.29,0.0,0.0,66
3911561000130,2014-05-20,1842915.2,4.0456045,1934900.29,0.0,0.0,66
3911561000130,2014-05-21,1867880.8,4.0971172,1959537.41,0.0,0.0,66
3911561000130,2014-05-22,1879228.8,4.120153500000002,1970555.01,0.0,0.0,66
3911561000130,2014-05-23,1883768.0,4.1289516000000015,1974762.91,0.0,0.0,66
3911561000130,2014-05-26,1904194.4,4.170967,1994857.69,0.0,0.0,66
3911561000130,2014-05-27,1862206.8,4.0824801,1952536.87,0.0,0.0,66
3911561000130,2014-05-28,1878094.0,4.1150083,1968094.2,0.0,0.0,66
3911561000130,2014-05-29,1841780.4,4.0383894,1931449.51,0.0,0.0,66
3911561000130,2014-05-30,1786175.2,3.9214405,1875516.12,0.0,0.0,66
3911561000130,2014-06-02,1777096.8,3.9017652000000003,1866105.95,0.0,0.0,66
3911561000130,2014-06-03,1811140.8,3.9697428999999995,1898617.83,0.0,0.0,66
3911561000130,2014-06-04,1787310.0,3.9192186,1874453.42,0.0,0.0,66
3911561000130,2014-06-05,1756670.4,3.8544620000000003,1843482.14,0.0,0.0,66
3911561000130,2014-06-06,1891711.6,4.136125700000001,1978194.1,0.0,0.0,66
3911561000130,2014-06-09,1917812.0,4.1899873,2003954.57,0.0,0.0,66
3911561000130,2014-06-10,1948451.6,4.2533392,2034254.03,0.0,0.0,66
3911561000130,2014-06-11,2005191.6,4.371254599999999,2090649.72,0.0,0.0,66
3911561000130,2014-06-12,2005191.6,4.3705253,2090300.88,0.0,0.0,66
3911561000130,2014-06-13,2025618.0,4.412504599999999,2110378.45,0.0,0.0,66
3911561000130,2014-06-16,2000652.4,4.3595724,2085062.44,0.0,0.0,66
3911561000130,2014-06-17,1962069.2,4.2781719,2046130.84,0.0,0.0,66
3911561000130,2014-06-18,2033561.6,4.4269305,2117277.92,0.0,0.0,66
3911561000130,2014-06-20,1992708.8,4.3407792,2076074.16,0.0,0.0,66
3911561000130,2014-06-23,1957530.0,4.2664983,2040547.66,0.0,0.0,66
3911561000130,2014-06-24,1905329.2,4.1566326,1988001.98,0.0,0.0,66
3911561000130,2014-06-25,1841780.4,4.0230487,1924112.5,0.0,0.0,66
3911561000130,2014-06-26,1838376.0,4.0152288,1920372.47,0.0,0.0,66
3911561000130,2014-06-27,1821354.0,3.9789371,1903015.14,0.0,0.0,66
3911561000130,2014-06-30,1842915.2,4.0233203,1924242.38,0.0,0.0,66
3911561000130,2014-07-01,1821354.0,3.9775855,1902368.68,0.0,0.0,66
3911561000130,2014-07-02,1825893.2,3.9839152,1905396.04,0.0,0.0,66
3911561000130,2014-07-03,1854263.2,4.0425827000000005,1933455.05,0.0,0.0,66
3911561000130,2014-07-04,1853128.4,4.0395542,1932006.62,0.0,0.0,66
3911561000130,2014-07-07,1828162.8,3.9867,1906727.92,0.0,0.0,66
3911561000130,2014-07-08,1831567.2,3.993168,1909821.39,0.0,0.0,66
3911561000130,2014-07-09,1831567.2,3.992517,1909510.05,0.0,0.0,66
3911561000130,2014-07-10,1926890.4,4.1911735,2004521.91,0.0,0.0,66
3911561000130,2014-07-11,1929160.0,4.1952523,2006472.67,0.0,0.0,66
3911561000130,2014-07-14,2004056.8,4.3511839000000005,2081050.43,0.0,0.0,66
3911561000130,2014-07-15,2014270.0,4.3718589,2090938.72,0.0,0.0,66
3911561000130,2014-07-16,2025618.0,4.3949049,2101960.98,0.0,0.0,66
3911561000130,2014-07-17,2063066.4,4.4725214000000015,2139082.81,0.0,0.0,66
3911561000130,2014-07-18,2175411.6,4.7067304000000005,2251098.45,0.0,0.0,66
3911561000130,2014-07-21,2209455.6,4.777204,2284804.04,0.0,0.0,66
3911561000130,2014-07-22,2210590.4,4.7788635,2285597.72,0.0,0.0,66
3911561000130,2014-07-23,2157254.8,4.6666329000000015,2231920.94,0.0,0.0,66
3911561000130,2014-07-24,2157254.8,4.6659285000000015,2231584.04,0.0,0.0,66
3911561000130,2014-07-25,2183355.2,4.719796400000001,2257347.56,0.0,0.0,66
3911561000130,2014-07-28,2151580.8,4.6526519,2225234.23,0.0,0.0,66
3911561000130,2014-07-29,2091436.4,4.5261951,2164753.46,0.0,0.0,66
3911561000130,2014-07-30,2119806.4,4.5848195,2192791.88,0.0,0.0,66
3911561000130,2014-07-31,2041505.2,4.420404799999999,2114156.88,0.0,0.0,66
3911561000130,2014-08-01,2022213.6,4.3793541,2094523.49,0.0,0.0,66
3911561000130,2014-08-04,2073279.6,4.482903299999999,2144048.16,0.0,0.0,66
3911561000130,2014-08-05,2084627.6,4.5059107,2155052.0,0.0,0.0,66
3911561000130,2014-08-06,2160659.2,4.6641607,2230738.54,0.0,0.0,66
3911561000130,2014-08-07,2133424.0,4.606481700000002,2203152.3,0.0,0.0,66
3911561000130,2014-08-08,2058527.2,4.4491543,2127906.98,0.0,0.0,66
3911561000130,2014-08-11,2130019.6,4.597918,2199056.5,0.0,0.0,66
3911561000130,2014-08-12,2094840.8,4.5236320999999995,2163527.63,0.0,0.0,66
3911561000130,2014-08-13,1987034.8,4.297502099999999,2055375.92,0.0,0.0,66
3911561000130,2014-08-14,1983630.4,4.2896790000000005,2051634.37,0.0,0.0,66
3911561000130,2014-08-15,2137963.2,4.611663,2205630.35,0.0,0.0,66
3911561000130,2014-08-18,2165198.4,4.6678177000000005,2232487.58,0.0,0.0,66
3911561000130,2014-08-19,2234421.2,4.8117582,2301330.32,0.0,0.0,66
3911561000130,2014-08-20,2283217.6,4.9128593,2349684.19,0.0,0.0,66
3911561000130,2014-08-21,2280948.0,4.9072998,2347025.23,0.0,0.0,66
3911561000130,2014-08-22,2237825.6,4.8163232,2303513.63,0.0,0.0,66
3911561000130,2014-08-25,2354710.0,5.0599056,2420012.34,0.0,0.0,66
3911561000130,2014-08-26,2343362.0,5.0353525999999995,2408269.36,0.0,0.0,66
3911561000130,2014-08-27,2453437.6,5.2647417999999995,2517979.82,0.0,0.0,66
3911561000130,2014-08-28,2434146.0,5.223624099999999,2498314.36,0.0,0.0,66
3911561000130,2014-08-29,2512447.2,5.3865625,2576243.29,0.0,0.0,66
3911561000130,2014-09-01,2551030.4,5.4664587,2614455.41,0.0,0.0,66
3911561000130,2014-09-02,2642949.2,5.6553545,2704799.02,0.0,0.0,66
3911561000130,2014-09-03,2585074.4,5.5335492,2646542.93,0.0,0.0,66
3911561000130,2014-09-04,2462516.0,5.2765093,2523607.89,0.0,0.0,66
3911561000130,2014-09-05,2465920.4,5.2825356,2526490.08,0.0,0.0,66
3911561000130,2014-09-08,2347901.2,5.0350074000000005,2408104.23,0.0,0.0,66
3911561000130,2014-09-09,2313857.2,4.9630782,2373702.48,0.0,0.0,66
3911561000130,2014-09-10,2258252.0,4.846064900000001,2317738.27,0.0,0.0,66
3911561000130,2014-09-11,2284352.4,4.8999041,2343488.09,0.0,0.0,66
3911561000130,2014-09-12,2169737.6,4.6595235,2228520.7,0.0,0.0,66
3911561000130,2014-09-15,2208320.8,4.7394773,2266760.4,0.0,0.0,66
3911561000130,2014-09-16,2304778.8,4.9404330000000005,2362871.9,0.0,0.0,66
3911561000130,2014-09-17,2367192.8,5.0701914000000015,2424931.75,0.0,0.0,66
3911561000130,2014-09-18,2293430.8,4.915214700000001,2350810.69,0.0,0.0,66
3911561000130,2014-09-19,2252578.0,4.8290587,2309604.7,0.0,0.0,66
3911561000130,2014-09-22,2201512.0,4.7215553,2258188.78,0.0,0.0,66
3911561000130,2014-09-23,2162928.8,4.640160099999999,2219259.73,0.0,0.0,66
3911561000130,2014-09-24,2166333.2,4.646561599999999,2222321.39,0.0,0.0,66
3911561000130,2014-09-25,2135693.6,4.5817812999999985,2191338.8,0.0,0.0,66
3911561000130,2014-09-26,2249173.6,4.8183401,2304478.27,0.0,0.0,66
3911561000130,2014-09-29,2014270.0,4.3264589,2069225.16,0.0,0.0,66
3911561000130,2014-09-30,1957530.0,4.2071318,2012154.32,0.0,0.0,66
3911561000130,2014-10-01,1861072.0,4.0047831,1915376.55,0.0,0.0,66
3911561000130,2014-10-02,1882633.2,4.0467006,1935424.55,0.0,0.0,66
3911561000130,2014-10-03,1985900.0,4.2619611,2038377.68,0.0,0.0,66
3911561000130,2014-10-06,2178816.0,4.664648400000001,2230971.82,0.0,0.0,66
3911561000130,2014-10-07,2263926.0,4.841896599999999,2315744.69,0.0,0.0,66
3911561000130,2014-10-08,2221938.4,4.7533894,2273414.15,0.0,0.0,66
3911561000130,2014-10-09,2265060.8,4.8428403,2316196.04,0.0,0.0,66
3911561000130,2014-10-10,2141367.6,4.5834972,2192159.43,0.0,0.0,66
3911561000130,2014-10-13,2354710.0,5.0288677,2405167.78,0.0,0.0,66
3911561000130,2014-10-14,2317261.6,4.9498345,2367368.41,0.0,0.0,66
3911561000130,2014-10-15,2158389.6,4.616928,2208148.45,0.0,0.0,66
3911561000130,2014-10-16,2001787.2,4.2887932,2051210.72,0.0,0.0,66
3911561000130,2014-10-17,2063066.4,4.4162444,2112167.06,0.0,0.0,66
3911561000130,2014-10-20,1942777.6,4.1640522,1991550.53,0.0,0.0,66
3911561000130,2014-10-21,1837241.2,3.9427252,1885696.0,0.0,0.0,66
3911561000130,2014-10-22,1821354.0,3.9088448,1869491.92,0.0,0.0,66
3911561000130,2014-10-23,1707874.0,3.6709142,1755696.32,0.0,0.0,66
3911561000130,2014-10-24,1781636.0,3.8244991,1829151.74,0.0,0.0,66
3911561000130,2014-10-27,1579641.6,3.4015041,1626844.95,0.0,0.0,66
3911561000130,2014-10-28,1646594.8,3.5408891000000002,1693508.95,0.0,0.0,66
3911561000130,2014-10-29,1535384.4,3.3077481,1582004.07,0.0,0.0,66
3911561000130,2014-10-30,1563754.4,3.3664685,1610088.43,0.0,0.0,66
3911561000130,2014-10-31,1662482.0,3.5722921999999997,1708528.17,0.0,0.0,66
3911561000130,2014-11-03,1617090.0,3.4767192,1662818.27,0.0,0.0,66
3911561000130,2014-11-04,1617090.0,3.4735508000000004,1661302.9,0.0,0.0,66
3911561000130,2014-11-05,1572832.8,3.3803584000000004,1616731.55,0.0,0.0,66
3911561000130,2014-11-06,1537654.0,3.3061550000000004,1581242.14,0.0,0.0,66
3911561000130,2014-11-07,1562619.6,3.3578134,1605948.93,0.0,0.0,66
3911561000130,2014-11-10,1521766.8,3.2717483,1564786.38,0.0,0.0,66
3911561000130,2014-11-11,1530845.2,3.2900898,1573558.61,0.0,0.0,66
3911561000130,2014-11-12,1536519.2,3.3013111000000004,1578925.42,0.0,0.0,66
3911561000130,2014-11-13,1489992.4,3.2033869,1532091.0,0.0,0.0,66
3911561000130,2014-11-14,1450274.4,3.1197067,1492069.1,0.0,0.0,66
3911561000130,2014-11-17,1376512.4,2.964852,1418006.38,0.0,0.0,66
3911561000130,2014-11-18,1354951.2,2.9191541,1396150.34,0.0,0.0,66
3911561000130,2014-11-19,1391264.8,2.9944678,1432170.82,0.0,0.0,66
3911561000130,2014-11-20,1391264.8,2.993849,1431874.86,0.0,0.0,66
3911561000130,2014-11-21,1546732.4,3.3182911,1587046.52,0.0,0.0,66
3911561000130,2014-11-24,1524036.4,3.2701925,1564042.26,0.0,0.0,66
3911561000130,2014-11-25,1507014.4,3.2339611,1546713.82,0.0,0.0,66
3911561000130,2014-11-26,1505879.6,3.2309506000000003,1545273.99,0.0,0.0,66
3911561000130,2014-11-27,1446870.0,3.1069322,1485959.43,0.0,0.0,66
3911561000130,2014-11-28,1378782.0,2.9639421,1417571.21,0.0,0.0,66
3911561000130,2014-12-01,1306154.8,2.8115052000000005,1344664.88,0.0,0.0,66
3911561000130,2014-12-02,1293672.0,2.7823226,1330707.64,0.0,0.0,66
3911561000130,2014-12-03,1361760.0,2.9241158,1398523.4,0.0,0.0,66
3911561000130,2014-12-04,1297076.4,2.788291,1333562.18,0.0,0.0,66
3911561000130,2014-12-05,1299346.0,2.7924667999999997,1335559.33,0.0,0.0,66
3911561000130,2014-12-08,1216505.6,2.6186881,1252445.82,0.0,0.0,66
3911561000130,2014-12-09,1197214.0,2.5777959,1232888.2,0.0,0.0,66
3911561000130,2014-12-10,1147282.8,2.4728437999999997,1182692.53,0.0,0.0,66
3911561000130,2014-12-11,1139339.2,2.4556902000000003,1174488.43,0.0,0.0,66
3911561000130,2014-12-12,1073520.8,2.3175371,1108413.66,0.0,0.0,66
3911561000130,2014-12-15,966849.6,2.0939703,1001487.86,0.0,0.0,66
3911561000130,2014-12-16,987276.0,2.1361644,1021668.15,0.0,0.0,66
3911561000130,2014-12-17,1025859.2,2.2163185000000003,1060003.63,0.0,0.0,66
3911561000130,2014-12-18,1023589.6,2.2110488,1057483.27,0.0,0.0,66
3911561000130,2014-12-19,1071251.2,2.3101787,1104894.32,0.0,0.0,66
3911561000130,2014-12-22,1124586.8,2.4211641,1157975.6,0.0,0.0,66
3911561000130,2014-12-23,1191540.0,2.5606133,1224670.25,0.0,0.0,66
3911561000130,2014-12-24,1191540.0,2.5600617000000003,1224406.44,0.0,0.0,66
3911561000130,2014-12-26,1117778.0,2.4052841,1150380.63,0.0,0.0,66
3911561000130,2014-12-29,1120047.6,2.4094903,1152392.3,0.0,0.0,66
3911561000130,2014-12-30,1088273.2,2.3425147999999996,1120359.81,0.0,0.0,66
3911561000130,2014-12-31,1088273.2,2.3419805,1120104.26,0.0,0.0,66
3911561000130,2015-01-02,1021320.0,2.2014399,1052887.58,0.0,0.0,66
3911561000130,2015-01-05,938479.6,2.0251812,968587.95,0.0,0.0,66
3911561000130,2015-01-06,914648.8,1.9748286,944505.69,0.0,0.0,66
3911561000130,2015-01-07,958906.0,2.0668424,981899.46,0.0,6613.89,65
3911561000130,2015-01-08,1023589.6,2.2024662,1046330.55,0.0,0.0,65
3911561000130,2015-01-09,1054229.2,2.2664185000000003,1076712.52,0.0,0.0,65
3911561000130,2015-01-12,995219.6,2.1416593,1017442.88,0.0,0.0,65
3911561000130,2015-01-13,1002028.4,2.1552990000000003,1023922.71,0.0,0.0,65
3911561000130,2015-01-14,964580.0,2.0759337,986218.48,0.0,0.0,65
3911561000130,2015-01-15,1049690.0,2.2545604,1071079.06,0.0,0.0,65
3911561000130,2015-01-16,1047420.4,2.2492366,1068549.86,0.0,0.0,65
3911561000130,2015-01-19,1007702.4,2.1652409,1028645.82,0.0,0.0,65
3911561000130,2015-01-20,1008837.2,2.1670902,1029524.4,0.0,0.0,65
3911561000130,2015-01-21,1073520.8,2.302706,1093951.7,0.0,0.0,65
3911561000130,2015-01-22,1113238.8,2.3857599,1133408.29,0.0,0.0,65
3911561000130,2015-01-23,1080329.6,2.315931,1100234.54,0.0,0.0,65
3911561000130,2015-01-26,1082599.2,2.3201571,1102242.25,0.0,0.0,65
3911561000130,2015-01-27,1093947.2,2.3434924,1113328.17,0.0,0.0,65
3911561000130,2015-01-28,979332.4,2.1016813,998450.42,0.0,0.0,65
3911561000130,2015-01-29,961175.6,2.0629279,980039.79,0.0,0.0,65
3911561000130,2015-01-30,912379.2,1.9596831,930991.03,0.0,0.0,65
3911561000130,2015-02-02,972523.6,2.0857031000000004,990859.66,0.0,0.0,65
3911561000130,2015-02-03,1110969.2,2.3734994,1127583.68,0.0,0.0,65
3911561000130,2015-02-04,1123452.0,2.3991616000000002,1139775.09,0.0,0.0,65
3911561000130,2015-02-05,1096216.8,2.3412177000000005,1112247.54,0.0,0.0,65
3911561000130,2015-02-06,1024724.4,2.1901194999999998,1040464.98,0.0,0.0,65
3911561000130,2015-02-09,1044016.0,2.2301285,1059472.13,0.0,0.0,65
3911561000130,2015-02-10,1002028.4,2.1411438,1017197.99,0.0,0.0,65
3911561000130,2015-02-11,1004298.0,2.1453263,1019184.97,0.0,0.0,65
3911561000130,2015-02-12,1063307.6,2.2689429,1077911.77,0.0,0.0,65
3911561000130,2015-02-13,1109834.4,2.3662741,1124151.14,0.0,0.0,65
3911561000130,2015-02-18,1129126.0,2.4062758,1143154.85,0.0,0.0,65
3911561000130,2015-02-19,1093947.2,2.3316105,1107683.42,0.0,0.0,65
3911561000130,2015-02-20,1082599.2,2.3071136,1096045.61,0.0,0.0,65
3911561000130,2015-02-23,1064442.4,2.2682865000000003,1077599.95,0.0,0.0,65
3911561000130,2015-02-24,1105295.2,2.3536742999999998,1118165.31,0.0,0.0,65
3911561000130,2015-02-25,1055364.0,2.24796,1067943.38,0.0,0.0,65
3911561000130,2015-02-26,1044016.0,2.2234697,1056308.71,0.0,0.0,65
3911561000130,2015-02-27,1075790.4,2.2897515999999998,1087797.4,0.0,0.0,65
3911561000130,2015-03-02,1053094.4,2.2414441000000003,1064847.89,0.0,0.0,65
3911561000130,2015-03-03,1079194.8,2.2928208,1089255.53,0.0,0.0,65
3911561000130,2015-03-04,1038342.0,2.2062941,1048149.1,0.0,0.0,65
3911561000130,2015-03-05,1045150.8,2.2200993,1054707.54,0.0,0.0,65
3911561000130,2015-03-06,1031533.2,2.1909069,1040839.04,0.0,0.0,65
3911561000130,2015-03-09,997489.2,2.1187204,1006545.24,0.0,0.0,65
3911561000130,2015-03-10,944153.6,2.0059319,952962.56,0.0,0.0,65
3911561000130,2015-03-11,961175.6,2.0412505000000003,969741.45,0.0,0.0,65
3911561000130,2015-03-12,939614.4,1.9953515,947936.1,0.0,0.0,65
3911561000130,2015-03-13,924862.0,1.9637884,932941.34,0.0,0.0,65
3911561000130,2015-03-16,936210.0,1.9871675,944048.11,0.0,0.0,65
3911561000130,2015-03-17,988410.8,2.0965376,996006.82,0.0,0.0,65
3911561000130,2015-03-18,1031533.2,2.1867894,1038882.96,0.0,0.0,65
3911561000130,2015-03-19,986141.2,2.0907164000000003,993241.33,0.0,0.0,65
3911561000130,2015-03-20,1039476.8,2.2024669,1046330.9,0.0,0.0,65
3911561000130,2015-03-23,1046285.6,2.2162724,1052889.49,0.0,0.0,65
3911561000130,2015-03-24,1048555.2,2.2205219,1054908.32,0.0,0.0,65
3911561000130,2015-03-25,1103025.6,2.3346509,1109127.81,0.0,0.0,65
3911561000130,2015-03-26,1047420.4,2.2170679,1053267.4,0.0,0.0,65
3911561000130,2015-03-27,1046285.6,2.2141513,1051881.83,0.0,0.0,65
3911561000130,2015-03-30,1088273.2,2.3020052000000004,1093618.75,0.0,0.0,65
3911561000130,2015-03-31,1087138.4,2.2990818,1092229.96,0.0,0.0,65
3911561000130,2015-04-01,1143878.4,2.417949,1148700.43,0.0,0.0,65
3911561000130,2015-04-02,1202888.0,2.5385507,1205994.97,0.0,0.0,65
3911561000130,2015-04-06,1200618.4,2.533187,1203446.81,0.0,0.0,65
3911561000130,2015-04-07,1228988.4,2.5923182999999996,1231538.45,0.0,0.0,65
3911561000130,2015-04-08,1198348.8,2.5272330000000003,1200618.26,0.0,0.0,65
3911561000130,2015-04-09,1309559.2,2.7607392,1311550.53,0.0,0.0,65
3911561000130,2015-04-10,1310527.4,2.8294316000000004,1344184.42,0.0,0.0,65
3911561000130,2015-04-13,1375887.6,2.9664023999999998,1409255.41,0.0,0.0,65
3911561000130,2015-04-14,1379211.0,2.9727776,1412284.12,0.0,0.0,65
3911561000130,2015-04-15,1487775.4,3.2006787,1520553.58,0.0,0.0,65
3911561000130,2015-04-16,1460080.4,3.1417433999999997,1492555.05,0.0,0.0,65
3911561000130,2015-04-17,1470050.6,3.1620928,1502222.48,0.0,0.0,65
3911561000130,2015-04-20,1466727.2,3.1544613,1498597.0,0.0,0.0,65
3911561000130,2015-04-22,1474481.8,3.1701491,1506049.83,0.0,0.0,65
3911561000130,2015-04-23,1557566.8,3.3444017999999995,1588832.44,0.0,0.0,65
3911561000130,2015-04-24,1628466.0,3.4929902999999998,1659422.7,0.0,0.0,65
3911561000130,2015-04-27,1509931.4,3.2428196,1540573.55,0.0,0.0,65
3911561000130,2015-04-28,1509931.4,3.2421773999999997,1540268.45,0.0,0.0,65
3911561000130,2015-04-29,1521009.4,3.2648537,1551041.35,0.0,0.0,65
3911561000130,2015-04-30,1578615.0,3.3854663,1608341.02,0.0,0.0,65
3911561000130,2015-05-04,1666131.2,3.5690293,1695546.73,0.0,0.0,65
3911561000130,2015-05-05,1734814.8,3.7099029,1762471.88,0.0,0.0,65
3911561000130,2015-05-06,1640651.8,3.5110159,1667986.17,0.0,0.0,65
3911561000130,2015-05-07,1622927.0,3.4730355000000004,1649942.73,0.0,0.0,65
3911561000130,2015-05-08,1606310.0,3.4373972000000004,1633011.95,0.0,0.0,65
3911561000130,2015-05-11,1625142.6,3.476381,1651532.11,0.0,0.0,65
3911561000130,2015-05-12,1628466.0,3.4827167,1654542.01,0.0,0.0,65
3911561000130,2015-05-13,1652837.6,3.5333562999999995,1678599.47,0.0,0.0,65
3911561000130,2015-05-14,1640651.8,3.5070406000000003,1666097.61,0.0,0.0,65
3911561000130,2015-05-15,1667239.0,3.5623419000000003,1692369.75,0.0,0.0,65
3911561000130,2015-05-18,1621819.2,3.4660682,1646632.79,0.0,0.0,65
3911561000130,2015-05-19,1523225.0,3.2578731,1547725.07,0.0,0.0,65
3911561000130,2015-05-20,1517686.0,3.2455704,1541880.4,0.0,0.0,65
3911561000130,2015-05-21,1597447.6,3.4128216,1621336.79,0.0,0.0,65
3911561000130,2015-05-22,1561998.0,3.3375465,1585575.68,0.0,0.0,65
3911561000130,2015-05-25,1532087.4,3.2739366000000003,1555356.4,0.0,0.0,65
3911561000130,2015-05-26,1480020.8,3.1636947,1502983.53,0.0,0.0,65
3911561000130,2015-05-27,1497745.6,3.2003685,1520406.23,0.0,0.0,65
3911561000130,2015-05-28,1507715.8,3.2207164,1530072.92,0.0,0.0,65
3911561000130,2015-05-29,1467835.0,3.1361291,1489887.87,0.0,0.0,65
3911561000130,2015-06-01,1467835.0,3.1355125,1489594.93,0.0,0.0,65
3911561000130,2015-06-02,1534303.0,3.271774,1554328.98,0.0,0.0,65
3911561000130,2015-06-03,1532087.4,3.2664828999999997,1551815.33,0.0,0.0,65
3911561000130,2015-06-05,1497745.6,3.1935683999999998,1517175.69,0.0,0.0,65
3911561000130,2015-06-08,1501069.0,3.1999372000000004,1520201.32,0.0,0.0,65
3911561000130,2015-06-09,1556459.0,3.3159083,1575295.98,0.0,0.0,65
3911561000130,2015-06-10,1567537.0,3.338596,1586074.27,0.0,0.0,65
3911561000130,2015-06-11,1567537.0,3.3379637000000004,1585773.87,0.0,0.0,65
3911561000130,2015-06-12,1570860.4,3.3443266000000005,1588796.72,0.0,0.0,65
3911561000130,2015-06-15,1573076.0,3.3483572,1590711.54,0.0,0.0,65
3911561000130,2015-06-16,1626250.4,3.4596529,1643585.02,0.0,0.0,65
3911561000130,2015-06-17,1605202.2,3.4147053,1622231.67,0.0,0.0,65
3911561000130,2015-06-18,1639544.0,3.4863541,1656270.04,0.0,0.0,65
3911561000130,2015-06-19,1607417.8,3.4180858999999995,1623837.7,0.0,0.0,65
3911561000130,2015-06-22,1611849.0,3.4267742999999995,1627965.33,0.0,0.0,65
3911561000130,2015-06-23,1589693.0,3.3794975,1605505.43,0.0,0.0,65
3911561000130,2015-06-24,1619603.6,3.4418217,1635113.93,0.0,0.0,65
3911561000130,2015-06-25,1548704.4,3.2919421000000004,1563910.27,0.0,0.0,65
3911561000130,2015-06-26,1622927.0,3.4475474000000004,1637834.06,0.0,0.0,65
3911561000130,2015-06-29,1556459.0,3.3069947999999996,1571061.39,0.0,0.0,65
3911561000130,2015-06-30,1554243.4,3.3017008000000003,1568546.4,0.0,0.0,65
3911561000130,2015-07-01,1497745.6,3.1821777,1511764.28,0.0,0.0,65
3911561000130,2015-07-02,1511039.2,3.2065377,1523337.02,0.0,0.0,65
3911561000130,2015-07-03,1434601.0,3.0450487,1446618.08,0.0,0.0,65
3911561000130,2015-07-06,1423523.0,3.021152,1435265.44,0.0,0.0,65
3911561000130,2015-07-07,1457864.8,3.0928637,1469333.66,0.0,0.0,65
3911561000130,2015-07-08,1437924.4,3.0503084,1449116.81,0.0,0.0,65
3911561000130,2015-07-09,1437924.4,3.0497303,1448842.17,0.0,0.0,65
3911561000130,2015-07-10,1470050.6,3.1167756,1480693.55,0.0,0.0,65
3911561000130,2015-07-13,1470050.6,3.1161918,1480416.19,0.0,0.0,65
3911561000130,2015-07-14,1496637.8,3.1715726,1506726.07,0.0,0.0,65
3911561000130,2015-07-15,1460080.4,3.0940332,1469889.27,0.0,0.0,65
3911561000130,2015-07-16,1470050.6,3.1144379,1479582.98,0.0,0.0,65
3911561000130,2015-07-17,1398043.6,2.9622837000000004,1407298.72,0.0,0.0,65
3911561000130,2015-07-20,1313850.8,2.7844911,1322834.4,0.0,0.0,65
3911561000130,2015-07-21,1312743.0,2.7816018,1321461.78,0.0,0.0,65
3911561000130,2015-07-22,1260676.4,2.6714473,1269130.46,0.0,0.0,65
3911561000130,2015-07-23,1250706.2,2.6499122,1258899.72,0.0,0.0,65
3911561000130,2015-07-24,1228550.2,2.6027283,1236483.98,0.0,0.0,65
3911561000130,2015-07-27,1154327.6,2.445951,1162003.42,0.0,0.0,65
3911561000130,2015-07-28,1216364.4,2.5760044,1223788.16,0.0,0.0,65
3911561000130,2015-07-29,1307204.0,2.7666757,1314370.8,0.0,0.0,65
3911561000130,2015-07-30,1276185.6,2.7008277,1283088.24,0.0,0.0,65
3911561000130,2015-07-31,1282832.4,2.714268,1289473.39,0.0,0.0,65
3911561000130,2015-08-03,1216364.4,2.5737747000000004,1222728.92,0.0,0.0,65
3911561000130,2015-08-04,1230765.8,2.6004848,1235418.12,0.0,0.0,65
3911561000130,2015-08-05,1217472.2,2.5719296000000003,1221852.34,0.0,0.0,65
3911561000130,2015-08-06,1269538.8,2.6809561,1273647.83,0.0,0.0,65
3911561000130,2015-08-07,1175375.8,2.4821714,1179210.73,0.0,0.0,65
3911561000130,2015-08-10,1219687.8,2.5748822000000002,1223255.03,0.0,0.0,65
3911561000130,2015-08-11,1215256.6,2.5649839,1218552.62,0.0,0.0,65
3911561000130,2015-08-12,1221903.4,2.5784053,1224928.78,0.0,0.0,65
3911561000130,2015-08-13,1172052.4,2.4729007000000003,1174806.45,0.0,0.0,65
3911561000130,2015-08-14,1146573.0,2.4187051,1149059.66,0.0,0.0,65
3911561000130,2015-08-17,1129956.0,2.3831688,1132177.32,0.0,0.0,65
3911561000130,2015-08-18,1110015.6,2.3406397,1111972.92,0.0,0.0,65
3911561000130,2015-08-19,1082320.6,2.281791,1084015.56,0.0,0.0,65
3911561000130,2015-08-20,1073458.2,2.2625884999999997,1074892.99,0.0,0.0,65
3911561000130,2015-08-21,1019176.0,2.1477815,1020351.35,0.0,0.0,65
3911561000130,2015-08-24,963786.0,2.0301369,964461.69,0.0,0.0,65
3911561000130,2015-08-25,983726.4,2.0715827,984151.42,0.0,0.0,65
3911561000130,2015-08-26,1011421.4,2.1293481,1011594.16,0.0,0.0,65
3911561000130,2015-08-27,1125524.8,2.3689937000000003,1125443.14,0.0,0.0,65
3911561000130,2015-08-28,1138818.4,2.3964214,1138473.3,0.0,0.0,65
3911561000130,2015-08-31,1176483.6,2.4751478,1175874.01,0.0,0.0,65
3911561000130,2015-09-01,1102261.0,2.3183507000000003,1101384.05,0.0,0.0,65
3911561000130,2015-09-02,1129956.0,2.3730634,1127376.53,0.0,0.0,65
3911561000130,2015-09-03,1134387.2,2.3818361,1131544.22,0.0,0.0,65
3911561000130,2015-09-04,1096722.0,2.3019976000000004,1093615.16,0.0,0.0,65
3911561000130,2015-09-08,1113339.0,2.3364312000000003,1109973.6,0.0,0.0,65
3911561000130,2015-09-09,1043310.4,2.2497605,1068798.77,0.0,0.0,65
3911561000130,2015-09-10,1003431.8,2.1652734,1028661.29,0.0,0.0,65
3911561000130,2015-09-11,949541.8,2.0513001,974515.71,0.0,0.0,65
3911561000130,2015-09-14,951697.4,2.0553083,976419.93,0.0,0.0,65
3911561000130,2015-09-15,940919.4,2.0320918000000003,965390.38,0.0,0.0,65
3911561000130,2015-09-16,1021754.4,2.2017172,1045974.72,0.0,0.0,65
3911561000130,2015-09-17,1000198.4,2.1558019,1024161.65,0.0,0.0,65
3911561000130,2015-09-18,960319.8,2.0713223000000003,984027.73,0.0,0.0,65
3911561000130,2015-09-21,929063.6,2.004999,952519.38,0.0,0.0,65
3911561000130,2015-09-22,899963.0,1.9432184,923169.12,0.0,0.0,65
3911561000130,2015-09-23,890262.8,1.9222794,913221.6,0.0,0.0,65
3911561000130,2015-09-24,894574.0,1.9308354,917286.28,0.0,0.0,65
3911561000130,2015-09-25,870862.4,1.8802764,893267.12,0.0,0.0,65
3911561000130,2015-09-28,826672.6,1.7867471999999998,848833.99,0.0,0.0,65
3911561000130,2015-09-29,846073.0,1.8272018,868052.86,0.0,0.0,65
3911561000130,2015-09-30,920441.2,1.9832296000000005,942177.33,0.0,0.0,65
3911561000130,2015-10-01,902118.6,1.9441211999999999,923598.03,0.0,0.0,65
3911561000130,2015-10-02,986187.0,2.1175099,1005970.15,0.0,0.0,65
3911561000130,2015-10-05,1013132.0,2.1736765,1032653.37,0.0,0.0,65
3911561000130,2015-10-06,1065944.2,2.2842931,1085204.23,0.0,0.0,65
3911561000130,2015-10-07,1120912.0,2.3994329,1139903.97,0.0,0.0,65
3911561000130,2015-10-08,1158635.0,2.4782642999999998,1177354.58,0.0,0.0,65
3911561000130,2015-10-09,1154323.8,2.46861,1172768.06,0.0,0.0,65
3911561000130,2015-10-13,1060555.2,2.2706535,1078724.45,0.0,0.0,65
3911561000130,2015-10-14,1030376.8,2.2065666,1048278.52,0.0,0.0,65
3911561000130,2015-10-15,1041154.8,2.2286956,1058791.39,0.0,0.0,65
3911561000130,2015-10-16,1045466.0,2.2372104999999998,1062836.6,0.0,0.0,65
3911561000130,2015-10-19,1042232.6,2.2298438999999997,1059336.92,0.0,0.0,65
3911561000130,2015-10-20,1056244.0,2.2587772,1073082.33,0.0,0.0,65
3911561000130,2015-10-21,1022832.2,2.1878849999999996,1039403.42,0.0,0.0,65
3911561000130,2015-10-22,1054088.4,2.2531209,1070395.19,0.0,0.0,65
3911561000130,2015-10-23,1044388.2,2.2321408,1060428.11,0.0,0.0,65
3911561000130,2015-10-26,1035765.8,2.213431,1051539.62,0.0,0.0,65
3911561000130,2015-10-27,995887.2,2.1289302000000005,1011395.62,0.0,0.0,65
3911561000130,2015-10-28,1013132.0,2.1646775000000003,1028378.21,0.0,0.0,65
3911561000130,2015-10-29,1002354.0,2.1414357,1017336.65,0.0,0.0,65
3911561000130,2015-10-30,1010976.4,2.1590325,1025696.39,0.0,0.0,65
3911561000130,2015-11-03,1138156.8,2.4261687000000003,1152605.39,0.0,0.0,65
3911561000130,2015-11-04,1065944.2,2.2705394,1078670.26,0.0,0.0,65
3911561000130,2015-11-05,1067022.0,2.272228,1079472.43,0.0,0.0,65
3911561000130,2015-11-06,1032532.4,2.1990491000000003,1044707.16,0.0,0.0,65
3911561000130,2015-11-09,999120.6,2.1281446,1011022.44,0.0,0.0,65
3911561000130,2015-11-10,992653.8,2.1139636000000004,1004285.41,0.0,0.0,65
3911561000130,2015-11-11,998042.8,2.1247398,1009404.89,0.0,0.0,65
3911561000130,2015-11-12,972175.6,2.0697222,983267.57,0.0,0.0,65
3911561000130,2015-11-13,946308.4,2.0147111,957133.33,0.0,0.0,65
3911561000130,2015-11-16,1010976.4,2.1502737,1021535.35,0.0,0.0,65
3911561000130,2015-11-17,1015287.6,2.1587779,1025575.47,0.0,0.0,65
3911561000130,2015-11-18,1026065.6,2.1808938,1036082.09,0.0,0.0,65
3911561000130,2015-11-19,1024987.8,2.178052,1034732.05,0.0,0.0,65
3911561000130,2015-11-20,1024987.8,2.1774792,1034459.93,0.0,0.0,65
3911561000130,2015-11-23,1061633.0,2.2540425,1070833.02,0.0,0.0,65
3911561000130,2015-11-24,1118986.0,2.3887376,1134822.92,0.0,0.0,65
3911561000130,2015-11-25,1034392.8,2.2100842000000003,1049949.64,0.0,0.0,65
3911561000130,2015-11-26,1038676.0,2.2185247,1053959.52,0.0,0.0,65
3911561000130,2015-11-27,999056.4,2.1345517000000003,1014066.26,0.0,0.0,65
3911561000130,2015-11-30,1007622.8,2.1520142000000004,1022362.19,0.0,0.0,65
3911561000130,2015-12-01,989419.2,2.1131587000000005,1003903.03,0.0,0.0,65
3911561000130,2015-12-02,1014047.6,2.1614318999999997,1026836.31,0.0,0.0,65
3911561000130,2015-12-03,1049384.0,2.2352743999999998,1061916.81,0.0,0.0,65
3911561000130,2015-12-04,977640.4,2.0837136000000003,989914.5,0.0,0.0,65
3911561000130,2015-12-07,925171.2,1.9727365000000001,937192.33,0.0,0.0,65
3911561000130,2015-12-08,904556.8,1.9497592000000001,926276.46,0.0,0.0,65
3911561000130,2015-12-09,1002003.2,2.1543563999999997,1023474.93,0.0,0.0,65
3911561000130,2015-12-10,974464.0,2.0958503,995680.31,0.0,0.0,65
3911561000130,2015-12-11,937392.0,2.0172824,958354.87,0.0,0.0,65
3911561000130,2015-12-14,928918.4,1.9989186999999997,949630.79,0.0,0.0,65
3911561000130,2015-12-15,963872.0,2.0719682,984334.59,0.0,0.0,65
3911561000130,2015-12-16,947984.0,2.0379933,968194.06,0.0,0.0,65
3911561000130,2015-12-17,934214.4,2.0084802,954173.2,0.0,0.0,65
3911561000130,2015-12-18,917267.2,1.9722789,936974.95,0.0,0.0,65
3911561000130,2015-12-21,880195.2,1.8937207999999999,899654.17,0.0,0.0,65
3911561000130,2015-12-22,904556.8,1.9444831000000002,923769.96,0.0,0.0,65
3911561000130,2015-12-23,940569.6,2.0197665000000002,959535.01,0.0,0.0,65
3911561000130,2015-12-24,940569.6,2.0192391,959284.45,0.0,0.0,65
3911561000130,2015-12-28,911971.2,1.9585137,930435.49,0.0,0.0,65
3911561000130,2015-12-29,907734.4,1.9490729,925950.44,0.0,0.0,65
3911561000130,2015-12-30,907734.4,1.9485511000000002,925702.53,0.0,0.0,65
3911561000130,2015-12-31,907734.4,1.9480293000000002,925454.64,0.0,0.0,65
3911561000130,2016-01-04,918326.4,1.9697691,935782.63,0.0,0.0,65
3911561000130,2016-01-05,895024.0,1.9171281,910774.34,0.0,0.0,65
3911561000130,2016-01-06,853715.2,1.8296221,869202.69,0.0,0.0,65
3911561000130,2016-01-07,829353.6,1.7777961,844581.56,0.0,0.0,65
3911561000130,2016-01-08,832531.2,1.7839447,847502.62,0.0,0.0,65
3911561000130,2016-01-11,802873.6,1.7209723999999995,817586.24,0.0,0.0,65
3911561000130,2016-01-12,741440.0,1.5911205,755897.18,0.0,0.0,65
3911561000130,2016-01-13,715496.0,1.5464813999999998,734690.39,0.0,0.0,65
3911561000130,2016-01-14,760740.6,1.6411948,779686.11,0.0,0.0,65
3911561000130,2016-01-15,706026.2,1.5254927,724719.26,0.0,0.0,65
3911561000130,2016-01-18,662886.0,1.4341628999999998,681330.98,0.0,0.0,65
3911561000130,2016-01-19,647103.0,1.4004256000000002,665303.35,0.0,0.0,65
3911561000130,2016-01-20,623954.6,1.3475021,640160.85,0.0,0.0,65
3911561000130,2016-01-21,661833.8,1.4267275,677798.66,0.0,0.0,65
3911561000130,2016-01-22,653416.2,1.4084947,669136.72,0.0,0.0,65
3911561000130,2016-01-25,653416.2,1.4079817,668893.03,0.0,0.0,65
3911561000130,2016-01-26,627111.2,1.3520983,642344.39,0.0,0.0,65
3911561000130,2016-01-27,688138.8,1.4800495,703130.45,0.0,0.0,65
3911561000130,2016-01-28,686034.4,1.4751013000000002,700779.69,0.0,0.0,65
3911561000130,2016-01-29,727788.6,1.5653923,743674.45,0.0,0.0,65
3911561000130,2016-02-01,691031.6,1.4874796000000001,706660.25,0.0,0.0,65
3911561000130,2016-02-02,632220.4,1.3589866000000002,645616.83,0.0,0.0,65
3911561000130,2016-02-03,649023.6,1.3938313999999998,662170.61,0.0,0.0,65
3911561000130,2016-02-04,700483.4,1.5016236,713379.68,0.0,0.0,65
3911561000130,2016-02-05,671077.8,1.4391949,683721.53,0.0,0.0,65
3911561000130,2016-02-10,642722.4,1.3789751000000001,655112.82,0.0,0.0,65
3911561000130,2016-02-11,620668.2,1.3316046000000001,632608.37,0.0,0.0,65
3911561000130,2016-02-12,662676.2,1.4196305,674427.07,0.0,0.0,65
3911561000130,2016-02-15,675278.6,1.4456280000000001,686777.76,0.0,0.0,65
3911561000130,2016-02-16,660575.8,1.4141476,671822.27,0.0,0.0,65
3911561000130,2016-02-17,712035.6,1.5219381,723030.56,0.0,0.0,65
3911561000130,2016-02-18,693132.0,1.4811051000000002,703631.92,0.0,0.0,65
3911561000130,2016-02-19,670027.6,1.4319369,680273.5,0.0,0.0,65
3911561000130,2016-02-22,773862.22,1.6289358999999999,773862.22,0.0,773862.22,65
3911561000130,2016-02-23,773602.63,1.6283895,773602.63,0.0,0.0,65
3911561000130,2016-02-24,772917.33,1.6269468999999999,772917.33,0.0,0.0,65
3911561000130,2016-02-25,772657.81,1.6264007,772657.81,0.0,0.0,65
3911561000130,2016-02-26,762431.82,1.6258544,762431.82,0.0,0.0,65
3911561000130,2016-02-29,0.0,1.6143633999999998,0.0,0.0,757043.2,0
03911561000130,2016-03-01,0.0,0.0,0.0,0.0,0.0,0
03911561000130,2016-03-02,0.0,0.0,0.0,0.0,0.0,0
03911561000130,2016-03-03,0.0,0.0,0.0,0.0,0.0,0
03911561000130,2016-03-04,0.0,0.0,0.0,0.0,0.0,0
03911561000130,2016-03-07,0.0,0.0,0.0,0.0,0.0,0
03911561000130,2016-03-08,0.0,0.0,0.0,0.0,0.0,0
03911561000130,2016-03-09,0.0,0.0,0.0,0.0,0.0,0
03911561000130,2016-03-10,0.0,0.0,0.0,0.0,0.0,0
03911561000130,2016-03-11,0.0,0.0,0.0,0.0,0.0,0
03911561000130,2016-03-14,0.0,0.0,0.0,0.0,0.0,0
03911561000130,2016-03-15,0.0,0.0,0.0,0.0,0.0,0
03911561000130,2016-03-16,0.0,0.0,0.0,0.0,0.0,0
03911561000130,2016-03-17,0.0,0.0,0.0,0.0,0.0,0
03911561000130,2016-03-18,0.0,0.0,0.0,0.0,0.0,0
03911561000130,2016-03-21,0.0,0.0,0.0,0.0,0.0,0
03911561000130,2016-03-22,0.0,0.0,0.0,0.0,0.0,0
03911561000130,2016-03-23,0.0,0.0,0.0,0.0,0.0,0
