CNPJ_FUNDO,DT_COMPTC,VL_TOTAL,VL_QUOTA,VL_PATRIM_LIQ,CAPTC_DIA,RESG_DIA,NR_COTST
4794886000143,2005-01-03,259074081.36,1.6762616999999995,260797594.42,7519720.51,920028.86,1
4794886000143,2005-01-04,259166067.83,1.6774254000000002,261069803.86,91158.95,0.0,1
4794886000143,2005-01-05,259416598.85,1.6785351000000002,261344260.86,101755.94,0.0,1
4794886000143,2005-01-06,271465628.48,1.6795896,260641558.12,0.0,866895.12,1
4794886000143,2005-01-07,259255003.77,1.6806453999999995,261110151.34,304754.61,0.0,1
4794886000143,2005-01-10,259474719.51,1.6816089,261361752.16,101905.14,0.0,1
4794886000143,2005-01-11,257022141.58,1.6827255,258874359.84,501059.23,3162000.65,1
4794886000143,2005-01-12,266024190.54,1.6837587,259082302.49,51775.89,2773.31,1
4794886000143,2005-01-13,258123681.66,1.6847631999999997,260002700.44,779626.91,13792.11,1
4794886000143,2005-01-14,258588365.61,1.685816,260481617.64,448081.01,131641.84,1
4794886000143,2005-01-17,258879457.45,1.6868849,260740026.47,93247.97,0.0,1
4794886000143,2005-01-18,259038246.73,1.6878919999999995,260827807.69,0.0,67878.83,1
4794886000143,2005-01-19,260514384.16,1.6889043999999998,262294601.79,1310350.38,0.0,1
4794886000143,2005-01-20,260667220.31,1.6899278999999998,262513030.79,67376.49,7906.23,1
4794886000143,2005-01-21,262577056.32,1.6910903999999998,264503497.13,1809875.77,0.0,1
4794886000143,2005-01-24,263016044.28,1.6921753000000002,264930685.94,257713.37,209.75,1
4794886000143,2005-01-25,263266601.37,1.6931142,265173834.55,147585.04,51436.74,1
4794886000143,2005-01-26,263392699.26,1.6941334,265321306.42,0.0,12149.9,1
4794886000143,2005-01-27,263448424.0,1.6951145,265494043.46,19086.5,0.0,1
4794886000143,2005-01-28,264369695.37,1.6962738000000002,266424298.12,754867.23,6185.75,1
4794886000143,2005-01-31,263407648.53,1.6974245,265506325.38,0.0,1098712.41,1
4794886000143,2005-02-01,261676322.24,1.6984554,263790014.16,129188.92,2006741.62,1
4794886000143,2005-02-02,261378569.67,1.6995072,263606205.83,327705.38,674880.17,1
4794886000143,2005-02-03,262287697.54,1.7006807000000002,263760544.1,0.0,27673.35,1
4794886000143,2005-02-04,262393900.72,1.7017672,263840586.32,0.0,88459.94,1
4794886000143,2005-02-09,263785535.0,1.7028136000000005,265245851.03,1243021.58,0.0,1
4794886000143,2005-02-10,264787423.66,1.7038933999999997,266184975.24,770935.2,0.0,1
4794886000143,2005-02-11,264719325.53,1.7049887,266135815.18,0.0,220279.87,1
4794886000143,2005-02-14,264276196.11,1.7060891,265846240.49,59157.1,520484.94,1
4794886000143,2005-02-15,264913062.79,1.7071252000000001,266392923.34,385223.24,0.0,1
4794886000143,2005-02-16,265182708.51,1.7081925,266655606.89,96136.32,0.0,1
4794886000143,2005-02-17,265323244.2,1.7093353,266838341.83,4343.45,0.0,1
4794886000143,2005-02-18,265576221.35,1.7104092,267080492.06,167591.94,93086.15,1
4794886000143,2005-02-21,265587841.33,1.7117414,267083449.83,15254.69,220314.77,1
4794886000143,2005-02-22,265772630.86,1.712861,267196534.86,0.0,61604.81,1
4794886000143,2005-02-23,265692037.11,1.7140942,267113841.06,0.0,275070.44,1
4794886000143,2005-02-24,265974215.95,1.7152381999999995,267232213.51,50920.79,110818.54,1
4794886000143,2005-02-25,266392735.4,1.7162081999999999,267758270.66,374932.71,0.0,1
4794886000143,2005-02-28,266587090.98,1.7173371,268016642.99,82234.78,0.0,1
4794886000143,2005-03-01,267149854.43,1.7184576,268507260.09,315751.92,0.0,1
4794886000143,2005-03-02,269705894.97,1.7195777,271232724.24,3288139.68,737689.91,1
4794886000143,2005-03-03,269460081.95,1.7206946,270840248.87,54335.27,622979.11,1
4794886000143,2005-03-04,269808097.2,1.7218235,271245590.57,227644.73,0.0,1
4794886000143,2005-03-07,269455932.03,1.7229428,270840219.63,12194.92,593892.88,1
4794886000143,2005-03-08,169769287.82,1.7240596,271105652.24,89870.8,0.0,1
4794886000143,2005-03-09,269946792.94,1.7251613,271265241.47,0.0,13641.99,1
4794886000143,2005-03-10,270178123.01,1.7262738999999998,271457353.59,17164.18,0.0,1
4794886000143,2005-03-11,270513435.99,1.7273731,271755884.99,125678.09,0.0,1
4794886000143,2005-03-14,270826791.2,1.7285353,272028012.51,133077.37,43781.51,1
4794886000143,2005-03-15,272451878.69,1.7295951,272417393.62,222595.98,0.0,1
4794886000143,2005-03-16,271004233.47,1.7307606,272159282.48,0.0,441693.48,1
4794886000143,2005-03-17,271741951.98,1.7318692999999998,273083186.16,749563.25,0.0,1
4794886000143,2005-03-18,272046874.39,1.7327949,273331872.19,102739.37,0.0,1
4794886000143,2005-03-21,272238144.11,1.7339061999999998,273515093.83,7932.39,0.0,1
4794886000143,2005-03-22,271858262.5,1.7349269,273128401.26,0.0,547714.29,1
4794886000143,2005-03-23,272174283.61,1.7361816000000003,273356169.85,30247.26,0.0,1
4794886000143,2005-03-24,272539785.29,1.7373482,273653418.05,113570.09,0.0,1
4794886000143,2005-03-28,277580332.23,1.7385455,278764146.54,4922137.01,0.0,1
4794886000143,2005-03-29,277617848.92,1.7397144,278845336.63,0.0,106227.6,1
4794886000143,2005-03-30,277943078.15,1.7408586,279220126.67,191389.08,0.0,1
4794886000143,2005-03-31,279093795.74,1.7420293000000002,280402886.95,994996.35,0.0,1
4794886000143,2005-04-01,279404137.28,1.7432214,280736389.21,141605.13,0.0,1
4794886000143,2005-04-04,279646875.53,1.7443849999999999,281304093.78,380318.35,0.0,1
4794886000143,2005-04-05,279782392.79,1.7455525,281475700.94,0.0,16665.76,1
4794886000143,2005-04-06,279927964.96,1.7467041,281623790.27,0.0,37614.34,1
4794886000143,2005-04-07,279530368.11,1.7478066000000003,281230827.74,0.0,570722.03,1
4794886000143,2005-04-08,280413814.61,1.7489482,282191197.17,776680.2,0.0,1
4794886000143,2005-04-11,280569423.99,1.7501445,282318310.83,2580.95,68486.33,1
4794886000143,2005-04-12,280966435.89,1.7512884999999998,282672944.17,170096.85,0.0,1
4794886000143,2005-04-13,281789587.07,1.7524737000000001,283503669.12,639429.33,0.0,1
4794886000143,2005-04-14,282113656.23,1.7536141,283805242.04,117077.53,0.0,1
4794886000143,2005-04-15,283973614.8,1.7548095000000001,285565354.53,1566654.63,0.0,1
4794886000143,2005-04-18,284062552.83,1.7559744,285634359.35,0.0,120564.88,1
4794886000143,2005-04-19,284058142.99,1.7571199,285710397.63,0.0,110287.57,1
4794886000143,2005-04-20,286293305.38,1.7582716,287983939.31,2086274.05,0.0,1
4794886000143,2005-04-22,286531758.5,1.7594617,288298369.39,119503.18,0.0,1
4794886000143,2005-04-25,286855179.95,1.760631,288635133.55,145169.87,0.0,1
4794886000143,2005-04-26,287629694.19,1.7618150000000001,289375026.76,545781.35,0.0,1
4794886000143,2005-04-27,287801723.94,1.7629747,289553398.03,71412.13,83519.26,1
4794886000143,2005-04-28,288429923.07,1.76414,290115903.72,371112.05,0.0,1
4794886000143,2005-04-29,267131678.46,1.7653343999999995,290557790.28,245472.68,0.0,1
4794886000143,2005-05-02,285829745.06,1.7665266,287581392.85,0.0,3172628.31,1
4794886000143,2005-05-03,285425686.56,1.7677056,287474675.28,0.0,298646.05,1
4794886000143,2005-05-04,285531591.67,1.7688756,287645308.79,0.0,19645.27,1
4794886000143,2005-05-05,286305082.91,1.7700519,288425243.48,588650.1,0.0,1
4794886000143,2005-05-06,286483245.82,1.7712207999999998,288609404.96,0.0,6302.01,1
4794886000143,2005-05-09,286541050.51,1.7723543000000002,288668270.37,0.0,125829.71,1
4794886000143,2005-05-10,286760297.54,1.773482,288847034.36,0.0,4907.21,1
4794886000143,2005-05-11,286919435.2,1.7747346999999998,289024159.26,2965.41,29877.77,1
4794886000143,2005-05-12,287476361.81,1.7758944,289556032.24,343022.33,0.0,1
4794886000143,2005-05-13,286589805.51,1.7771266,288643670.38,0.01,1113273.14,1
4794886000143,2005-05-16,287384797.93,1.7783852,289367837.24,519741.64,0.0,1
4794886000143,2005-05-17,287193323.49,1.7795404,289145293.14,0.0,410513.52,1
4794886000143,2005-05-18,288003423.54,1.7806672,290005517.44,677135.88,0.0,1
4794886000143,2005-05-19,288270653.2,1.7818443,290337626.71,331408.07,191008.59,1
4794886000143,2005-05-20,288702540.92,1.7831477999999998,290750776.28,230429.05,29663.63,1
4794886000143,2005-05-23,288843904.1,1.7843235,290919611.5,0.0,22879.43,1
4794886000143,2005-05-24,289051786.11,1.7855450000000002,291117508.23,27266.26,28518.76,1
4794886000143,2005-05-25,289709807.78,1.7867467,291789493.43,501281.84,25227.21,1
4794886000143,2005-05-27,290658623.52,1.7879241999999995,292822677.83,840898.27,0.0,1
4794886000143,2005-05-30,291030194.26,1.7891375,293221763.49,200365.7,0.0,1
4794886000143,2005-05-31,291062822.02,1.7903557,293142906.41,21849.17,300351.32,1
4794886000143,2005-06-01,291186919.15,1.7915592,293164086.14,0.0,175873.91,1
4794886000143,2005-06-02,290947144.8,1.7928621,293282004.51,0.0,95289.68,1
4794886000143,2005-06-03,291138201.08,1.7940858,293431126.74,28816.82,79864.71,1
4794886000143,2005-06-06,291282145.07,1.795279,293527082.65,0.0,99207.01,1
4794886000143,2005-06-07,290192265.07,1.7964232,292382977.75,0.0,1331183.14,1
4794886000143,2005-06-08,290388596.33,1.7976325,292565229.57,0.0,14566.08,1
4794886000143,2005-06-09,290455447.14,1.7988676,292559194.41,24437.98,231488.87,1
4794886000143,2005-06-10,289951572.68,1.8000668000000002,292065337.23,0.0,688885.82,1
4794886000143,2005-06-13,290194562.41,1.8014974999999998,292353041.39,55567.71,0.0,1
4794886000143,2005-06-14,290371894.72,1.8027784,292558246.68,0.0,2668.02,1
4794886000143,2005-06-15,290443913.46,1.8038963,292623386.54,188183.92,304450.13,1
4794886000143,2005-06-16,289677231.92,1.8052188999999998,291915323.78,0.0,922604.64,1
4794886000143,2005-06-17,291082498.0,1.8064526,293373539.08,1258703.52,0.0,1
4794886000143,2005-06-20,290508888.41,1.8077074,292792029.2,137292.92,922583.79,1
4794886000143,2005-06-21,290782770.88,1.8088081000000005,293094992.92,124683.34,0.0,1
4794886000143,2005-06-22,290435138.26,1.8100901999999999,292707216.22,0.0,595513.53,1
4794886000143,2005-06-23,290392468.16,1.8113758000000002,292627077.94,0.0,288031.91,1
4794886000143,2005-06-24,290587701.58,1.8125898999999999,292850486.76,27261.31,0.0,1
4794886000143,2005-06-27,291446289.9,1.8138439,293715593.55,662516.28,0.0,1
4794886000143,2005-06-28,292364583.9,1.8151093,294649935.49,729431.27,0.0,1
4794886000143,2005-06-29,292781709.36,1.8163365000000002,295070098.05,220949.46,0.0,1
4794886000143,2005-06-30,292850761.45,1.8177147,295575210.16,281222.81,0.0,1
4794886000143,2005-07-01,295108825.31,1.8189615,297408789.44,1630836.94,0.0,1
4794886000143,2005-07-04,296140687.59,1.8202632,298701269.94,1087057.3,7412.01,1
4794886000143,2005-07-05,296618729.25,1.8215175,299139673.0,232565.04,0.0,1
4794886000143,2005-07-06,298664376.77,1.8228222,301145183.55,1791252.33,0.0,1
4794886000143,2005-07-07,299616334.48,1.8240871,302111257.42,785856.88,28761.52,1
4794886000143,2005-07-08,297636602.72,1.8254204,300143458.03,0.0,2188609.73,1
4794886000143,2005-07-11,298242712.26,1.8266892,300818640.41,466547.67,0.0,1
4794886000143,2005-07-12,298532992.14,1.8280474,301106854.45,64548.2,0.0,1
4794886000143,2005-07-13,297707637.74,1.8293506,300237677.18,0.0,1083834.05,1
4794886000143,2005-07-14,300551254.53,1.8306821,303130109.11,2673900.9,0.0,1
4794886000143,2005-07-15,300718931.47,1.8319358,303290228.13,6582.91,54056.74,1
4794886000143,2005-07-18,301549178.89,1.8331867,304116106.09,618781.68,0.0,1
4794886000143,2005-07-19,301749250.03,1.8344322,304289991.7,0.0,32736.37,1
4794886000143,2005-07-20,302004975.92,1.8357234,304536682.68,32521.37,0.0,1
4794886000143,2005-07-21,302354612.08,1.8369853,304854746.84,108720.1,0.0,1
4794886000143,2005-07-22,302539899.71,1.8382041,304929528.92,0.0,127484.51,1
4794886000143,2005-07-25,303253265.01,1.8394045,305486439.06,357780.53,0.0,1
4794886000143,2005-07-26,303419741.32,1.840428,305652652.48,0.0,3770.1,1
4794886000143,2005-07-27,303431270.59,1.8417662,305687634.07,0.0,187266.63,1
4794886000143,2005-07-28,304146110.6,1.8431228,306467192.39,554403.07,0.0,1
4794886000143,2005-07-29,304952124.63,1.8442052,307335562.32,688401.45,0.0,1
4794886000143,2005-08-01,305247570.68,1.8453443999999999,307645293.68,119883.99,0.0,1
4794886000143,2005-08-02,306614648.23,1.8465243999999998,309364137.31,1522120.81,0.0,1
4794886000143,2005-08-03,307417615.54,1.8478205,310242207.41,660919.43,0.0,1
4794886000143,2005-08-04,307410533.46,1.8490778,310235837.73,0.0,217461.68,1
4794886000143,2005-08-05,304225441.45,1.8502933000000001,307036971.8,0.0,3402809.56,1
4794886000143,2005-08-08,304486235.67,1.8515131,307256406.22,17029.17,0.0,1
4794886000143,2005-08-09,304738125.98,1.8527455000000002,307570676.54,109751.07,0.0,1
4794886000143,2005-08-10,304579369.31,1.8539771,307463220.85,0.0,311918.17,1
4794886000143,2005-08-11,303580174.71,1.8551592000000001,306292374.99,0.0,1366877.75,1
4794886000143,2005-08-12,303992813.35,1.8562908999999999,306617108.62,188286.86,50407.33,1
4794886000143,2005-08-15,303849080.82,1.8574582999999998,306543403.75,0.0,266533.55,1
4794886000143,2005-08-16,304206652.41,1.8587511000000003,306836068.82,79312.86,0.0,1
4794886000143,2005-08-17,304094582.0,1.8599861,306724037.15,0.0,315901.52,1
4794886000143,2005-08-18,304545928.74,1.8612639,307094453.62,159706.5,0.0,1
4794886000143,2005-08-19,304892559.22,1.8624738999999997,307265596.54,30444.77,58954.25,1
4794886000143,2005-08-22,304991567.84,1.863594,307499004.61,48619.61,0.0,1
4794886000143,2005-08-23,305824175.13,1.8648672999999998,308273997.1,564901.71,0.0,1
4794886000143,2005-08-24,305693786.77,1.8660195,308037440.1,0.0,427023.48,1
4794886000143,2005-08-25,306401073.22,1.8673019,308825370.57,576226.63,0.0,1
4794886000143,2005-08-26,306358663.26,1.8686261999999998,308754624.03,0.0,289768.83,1
4794886000143,2005-08-29,306641337.96,1.8699202000000001,309089968.59,121550.62,0.0,1
4794886000143,2005-08-30,308908802.6,1.8712048,311345558.4,2043248.06,0.0,1
4794886000143,2005-08-31,309790509.33,1.8724526000000001,312274442.95,721266.36,0.0,1
4794886000143,2005-09-01,310013535.3,1.8737325,312487900.0,0.0,0.0,1
4794886000143,2005-09-02,310992891.35,1.8749951,313877217.26,1178749.46,0.0,1
4794886000143,2005-09-05,310991243.06,1.8762997,313853621.12,666137.18,908130.69,1
4794886000143,2005-09-06,310580788.0,1.8775611,313456282.11,0.0,608324.31,1
4794886000143,2005-09-08,310869533.14,1.8786332,313749442.81,138396.92,24226.16,1
4794886000143,2005-09-09,311835519.81,1.8797345,314737702.09,804324.2,0.0,1
4794886000143,2005-09-12,312094881.72,1.88102,314952917.38,0.0,22.42,1
4794886000143,2005-09-13,313643331.64,1.8823808,316476277.41,1295516.23,0.0,1
4794886000143,2005-09-14,314133486.59,1.8837585,316972429.1,762641.87,498127.15,1
4794886000143,2005-09-15,314269737.35,1.8850297,317166754.36,0.0,19566.67,1
4794886000143,2005-09-16,315439929.84,1.8863668,318329713.4,937976.23,0.0,1
4794886000143,2005-09-19,315649213.42,1.8876741,318542287.55,504935.85,512959.08,1
4794886000143,2005-09-20,316437669.64,1.8889838,319276198.11,512894.25,0.0,1
4794886000143,2005-09-21,317490356.21,1.8902363,320351309.98,863416.04,0.0,1
4794886000143,2005-09-22,316623008.49,1.8915739,319489401.65,0.0,1088598.06,1
4794886000143,2005-09-23,318154572.73,1.8928467,321031022.37,1326644.9,0.0,1
4794886000143,2005-09-26,318769632.65,1.8941299,321670603.4,421947.32,0.0,1
4794886000143,2005-09-27,319234752.5,1.8954349,322104359.51,212131.76,0.0,1
4794886000143,2005-09-28,318540093.54,1.8967361,321452519.08,0.0,872968.48,1
4794886000143,2005-09-29,318747968.77,1.8979362,321695189.98,39283.67,0.0,1
4794886000143,2005-09-30,318846762.48,1.8992705,321784506.96,0.0,136837.51,1
4794886000143,2005-10-03,319279112.97,1.9005897,322196676.21,188663.95,0.0,1
4794886000143,2005-10-04,320015782.62,1.9018851000000003,323246826.04,830536.31,0.0,1
4794886000143,2005-10-05,320142502.18,1.9031756999999998,323226764.99,0.0,239412.32,1
4794886000143,2005-10-06,320330709.56,1.9044728,323459197.02,12144.93,0.0,1
4794886000143,2005-10-07,320559427.27,1.9056697,323665663.56,3179.49,0.0,1
4794886000143,2005-10-10,320905816.18,1.9069512999999998,324082628.92,220147.95,20855.39,1
4794886000143,2005-10-11,322256382.09,1.9082398999999997,325421596.44,1119974.93,0.0,1
4794886000143,2005-10-13,322731766.4,1.9095263,325857028.62,532827.92,316768.02,1
4794886000143,2005-10-14,323935260.44,1.9107193999999998,326943544.2,882918.6,0.0,1
4794886000143,2005-10-17,325533223.36,1.9120661,328574539.71,1400556.68,0.0,1
4794886000143,2005-10-18,325168679.19,1.913377,328233148.7,0.0,566658.74,1
4794886000143,2005-10-19,325022121.33,1.9146438000000001,328059460.38,0.0,391010.06,1
4794886000143,2005-10-20,326151035.45,1.9159087,329040770.98,764582.2,0.0,1
4794886000143,2005-10-21,326410068.12,1.9172514999999999,329405551.93,134176.62,0.0,1
4794886000143,2005-10-24,324930770.3,1.9184624,327896933.72,0.0,1716666.18,1
4794886000143,2005-10-25,325046332.6,1.9196911,327950072.39,0.0,156869.34,1
4794886000143,2005-10-26,325473483.33,1.9209478,328335411.1,170655.04,0.0,1
4794886000143,2005-10-27,327269819.28,1.9222183999999998,330175437.14,1622845.11,0.0,1
4794886000143,2005-10-28,328209690.51,1.9234313000000005,331100162.52,716377.57,0.0,1
4794886000143,2005-10-31,330697397.52,1.9246936000000001,333624778.58,2307336.48,0.0,1
4794886000143,2005-11-01,331255214.94,1.9260095,334122470.19,269594.19,0.0,1
4794886000143,2005-11-03,331383080.68,1.9273701,334583018.7,224500.89,0.0,1
4794886000143,2005-11-04,332040378.14,1.9288092,335339502.97,506662.02,0.0,1
4794886000143,2005-11-07,332899249.73,1.9301326,336153554.17,583972.7,0.0,1
4794886000143,2005-11-08,333415168.57,1.9314887,336676572.3,286833.65,0.0,1
4794886000143,2005-11-09,334242422.82,1.9328291,337517127.75,606910.38,0.0,1
4794886000143,2005-11-10,335230138.27,1.9343274,338614582.33,860016.51,24190.9,1
4794886000143,2005-11-11,335493975.07,1.9356864,338880200.5,27714.99,0.0,1
4794886000143,2005-11-14,336560616.48,1.9370151,340002866.01,890054.44,0.0,1
4794886000143,2005-11-16,337129865.42,1.9382194,340271097.36,56836.13,0.0,1
4794886000143,2005-11-17,337183626.84,1.9394037,340304047.01,0.0,174966.86,1
4794886000143,2005-11-18,337435816.67,1.9408375,340493884.32,19143.13,80886.62,1
4794886000143,2005-11-21,339883137.11,1.942193,342873785.18,2142104.26,0.0,1
4794886000143,2005-11-22,340773825.51,1.9436057,343786586.64,663401.96,0.0,1
4794886000143,2005-11-23,341143444.08,1.944942,344141432.6,118465.15,0.0,1
4794886000143,2005-11-24,341434815.14,1.9461894,344437505.68,75357.8,0.0,1
4794886000143,2005-11-25,342011268.04,1.9475088,345048783.66,377780.88,0.0,1
4794886000143,2005-11-28,342759898.96,1.9487967,345859649.43,582686.81,0.0,1
4794886000143,2005-11-29,343414031.68,1.9501227,346475390.54,380400.28,0.0,1
4794886000143,2005-11-30,344060409.82,1.9514253,346902932.59,196118.04,0.0,1
4794886000143,2005-12-01,344717030.19,1.9528039000000001,347667234.39,519227.9,0.0,1
4794886000143,2005-12-02,344986028.4,1.954248,348280229.18,355890.71,0.0,1
4794886000143,2005-12-05,345113092.68,1.9557078,348426251.64,0.0,114136.17,1
4794886000143,2005-12-06,345464052.97,1.9570671999999998,348972124.32,303679.57,0.0,1
4794886000143,2005-12-07,345889425.0,1.9582988999999997,349238978.45,421936.16,374710.63,1
4794886000143,2005-12-08,346156259.74,1.9596599,349468212.58,0.0,13487.77,1
4794886000143,2005-12-09,347359748.44,1.9609163,350463802.07,771543.38,0.0,1
4794886000143,2005-12-12,347537563.56,1.9622522,350709222.53,6654.5,0.0,1
4794886000143,2005-12-13,349064075.14,1.9635311000000002,352170775.36,1232975.46,0.0,1
4794886000143,2005-12-14,349395537.43,1.9648596,352474696.93,65657.5,0.0,1
4794886000143,2005-12-15,349940175.94,1.9660838999999999,352901057.74,206731.62,0.0,1
4794886000143,2005-12-16,351239515.72,1.9673406999999998,354227719.52,1101078.64,0.0,1
4794886000143,2005-12-19,351921534.15,1.9685158999999999,354767921.87,328593.79,0.0,1
4794886000143,2005-12-20,353942508.79,1.9697243000000002,356754613.21,1768914.0,0.0,1
4794886000143,2005-12-21,354220668.11,1.9709515,357115292.06,138410.97,0.0,1
4794886000143,2005-12-22,354521258.35,1.9722319,357429488.69,82198.22,0.0,1
4794886000143,2005-12-23,357309094.65,1.9735077,360209054.76,2548350.6,0.0,1
4794886000143,2005-12-26,358095896.38,1.9747264,360959370.65,527875.43,0.0,1
4794886000143,2005-12-27,358639536.87,1.9759444,361483572.72,301577.98,0.0,1
4794886000143,2005-12-28,359367422.55,1.9772060000000002,362228607.54,514234.38,0.0,1
4794886000143,2005-12-29,360090754.64,1.9784351999999998,362944497.21,490694.93,0.0,1
4794886000143,2005-12-30,359958793.82,1.9796171999999999,363161347.05,0.0,0.0,1
4794886000143,2006-01-02,363046888.83,1.9808035,365878295.36,2499333.56,0.0,1
4794886000143,2006-01-03,363058115.33,1.9820711,366214813.98,102380.41,0.0,1
4794886000143,2006-01-04,364439551.25,1.9834061,367661605.87,1550236.18,350117.71,1
4794886000143,2006-01-05,365231856.76,1.9846762,368494956.01,597909.84,0.0,1
4794886000143,2006-01-06,367179627.52,1.9858913,370416947.87,1793117.69,96720.16,1
4794886000143,2006-01-09,369390475.1,1.9871173,372676374.93,2030740.85,0.0,1
4794886000143,2006-01-10,369858745.97,1.9884231,373028425.85,107163.96,0.0,1
4794886000143,2006-01-11,370591600.78,1.9898037,373824212.79,542136.17,5350.52,1
4794886000143,2006-01-12,370934304.64,1.9910409,374176044.27,119400.55,0.0,1
4794886000143,2006-01-13,375454958.91,1.9923451,378629880.66,4253806.24,45083.01,1
4794886000143,2006-01-16,376834680.45,1.9936524,379991176.69,1112854.51,0.0,1
4794886000143,2006-01-17,377862791.36,1.9950263,380947189.16,694152.2,0.0,1
4794886000143,2006-01-18,378236941.72,1.9963414,381333177.14,134869.07,0.0,1
4794886000143,2006-01-19,382112584.75,1.9976459,381692019.79,109670.61,0.0,1
4794886000143,2006-01-20,379424028.53,1.9990443,382529666.39,570449.23,0.0,1
4794886000143,2006-01-23,379043154.11,2.0003007,382266189.99,119543.47,623438.74,1
4794886000143,2006-01-24,379094027.31,2.0014796,382336050.22,79296.39,234727.49,1
4794886000143,2006-01-25,380752461.56,2.0026316000000004,383978921.97,1505643.37,82837.26,1
4794886000143,2006-01-26,380978980.43,2.0038062,384183079.67,0.0,21064.88,1
4794886000143,2006-01-27,381776277.08,2.0050664,385001512.28,576817.27,0.0,1
4794886000143,2006-01-30,381802493.3,2.0063665,385044210.24,16760.17,223687.75,1
4794886000143,2006-01-31,382400289.82,2.0075921,385614824.42,335396.5,0.0,1
4794886000143,2006-02-01,382822748.36,2.0087901,385998048.99,153124.9,0.0,1
4794886000143,2006-02-02,382786397.48,2.0100398,386310498.3,72311.33,0.0,1
4794886000143,2006-02-03,383046155.98,2.0113193,386556412.66,0.0,0.0,1
4794886000143,2006-02-06,378218863.17,2.0126592,381789772.1,0.0,5024159.56,1
4794886000143,2006-02-07,378839262.31,2.0139514,382489267.42,454380.27,0.0,1
4794886000143,2006-02-08,379418469.49,2.0152141,383001327.55,272256.79,0.0,1
4794886000143,2006-02-09,379615569.99,2.0164590000000002,383249678.82,11736.53,0.0,1
4794886000143,2006-02-10,380920364.99,2.0177401,384529050.13,1035891.43,0.0,1
4794886000143,2006-02-13,381299679.35,2.0190128,384899118.05,127520.53,0.0,1
4794886000143,2006-02-14,385573570.96,2.0203069,389233315.85,4110532.99,23039.02,1
4794886000143,2006-02-15,385757554.07,2.0214735,389428176.47,48484.21,78384.72,1
4794886000143,2006-02-16,385119696.18,2.0227221,388783601.65,0.0,885096.42,1
4794886000143,2006-02-17,385824640.69,2.0239873,389401160.74,374376.21,0.0,1
4794886000143,2006-02-20,386137848.15,2.0253171,389738075.74,81062.37,0.0,1
4794886000143,2006-02-21,386570823.54,2.0265508000000003,390150495.87,175020.28,0.0,1
4794886000143,2006-02-22,386811020.47,2.0277372,390322118.83,0.0,56795.27,1
4794886000143,2006-02-23,387057611.48,2.0289848000000004,390551654.43,0.0,10607.04,1
4794886000143,2006-02-24,387198688.26,2.0301893,390846496.04,62992.79,0.0,1
4794886000143,2006-03-01,388324272.43,2.0314247,391829465.47,745139.17,0.0,1
4794886000143,2006-03-02,386937292.57,2.032703,390759354.35,0.0,1316688.83,1
4794886000143,2006-03-03,399525096.32,2.0339894,391136952.34,130320.78,0.0,1
4794886000143,2006-03-06,387596920.41,2.0352619,391392048.89,10380.69,0.0,1
4794886000143,2006-03-07,400473061.63,2.0364139,391633990.79,20403.52,0.0,1
4794886000143,2006-03-08,387957383.68,2.0373869,391769335.75,45170.59,96948.25,1
4794886000143,2006-03-09,388214691.9,2.0383277,391856479.14,0.0,93757.79,1
4794886000143,2006-03-10,388483916.27,2.0397358,392126143.7,136571.99,137598.14,1
4794886000143,2006-03-13,389126864.96,2.0411553,392822502.05,461169.55,37707.06,1
4794886000143,2006-03-14,387729474.24,2.0425295,391487288.92,20327.08,1619997.01,1
4794886000143,2006-03-15,387786726.62,2.0437506,391474292.28,59815.53,306873.73,1
4794886000143,2006-03-16,387915930.11,2.0450629,391711407.52,7936.07,22186.27,1
4794886000143,2006-03-17,408827082.94,2.0461348000000004,391618192.4,0.0,298531.01,1
4794886000143,2006-03-20,388221889.27,2.0471449,391897045.48,85530.0,0.0,1
4794886000143,2006-03-21,388403542.09,2.0480981,392120134.53,40622.96,0.0,1
4794886000143,2006-03-22,388748121.1,2.0488176,392259355.72,42106.74,40640.17,1
4794886000143,2006-03-23,391041562.64,2.0501824,394660410.22,2139754.16,0.0,1
4794886000143,2006-03-24,392022499.79,2.0511768,395483392.52,631550.86,0.0,1
4794886000143,2006-03-27,403248338.26,2.052147,395905830.76,235381.61,0.0,1
4794886000143,2006-03-28,392092149.68,2.0527378,395572152.29,0.0,447662.25,1
4794886000143,2006-03-29,392396563.58,2.0537062,395682940.08,0.0,75818.76,1
4794886000143,2006-03-30,395588529.67,2.0552908,395134948.2,0.0,853289.9,1
4794886000143,2006-03-31,395411755.64,2.0569914,395122014.83,0.0,339893.19,1
4794886000143,2006-04-03,394514032.3,2.0584012,394166588.42,0.0,1226215.65,1
4794886000143,2006-04-04,390626922.3,2.0600571,394571001.15,87308.38,0.0,1
4794886000143,2006-04-05,389228447.56,2.0612118,393037173.08,0.0,1754991.05,1
4794886000143,2006-04-06,389391239.83,2.0626409,393305770.8,0.0,3895.68,1
4794886000143,2006-04-07,389432734.05,2.0638053,393497980.37,0.0,29832.71,1
4794886000143,2006-04-10,389244359.8,2.0646673,393322647.84,37963.31,377641.4,1
4794886000143,2006-04-11,389656013.17,2.0652171999999998,393485274.91,57862.73,0.0,1
4794886000143,2006-04-12,390227333.65,2.0667767,393990209.09,207810.29,0.0,1
4794886000143,2006-04-13,390227194.09,2.0682031000000003,394010269.28,1421.18,253275.04,1
4794886000143,2006-04-17,390327495.72,2.0694105,394118566.79,0.0,121722.54,1
4794886000143,2006-04-18,390539669.09,2.0706580000000003,394185989.17,0.0,170171.45,1
4794886000143,2006-04-19,391623414.43,2.0722023000000003,395372729.77,892767.48,0.0,1
4794886000143,2006-04-20,391647210.52,2.0733572000000002,395538909.76,0.0,54175.21,1
4794886000143,2006-04-24,391748082.19,2.0742173999999998,395617649.33,0.0,85369.86,1
4794886000143,2006-04-25,392089875.12,2.0751521,395856625.11,60697.91,0.0,1
4794886000143,2006-04-26,388687491.81,2.0762467,392378814.25,0.0,3686618.33,1
4794886000143,2006-04-27,386274590.6,2.0775426,390172931.72,0.0,2450782.92,1
4794886000143,2006-04-28,386283909.51,2.0784495,390140173.57,0.0,203077.98,1
4794886000143,2006-05-02,386534319.97,2.0795767,390322996.28,0.0,28758.32,1
4794886000143,2006-05-03,385641025.27,2.0808329,389872141.21,0.0,686626.67,1
4794886000143,2006-05-04,386430101.28,2.081866,390599114.02,533405.44,0.0,1
4794886000143,2006-05-05,386325649.85,2.0829213,390546173.48,0.0,250948.52,1
4794886000143,2006-05-08,385162766.58,2.0839383,389306397.32,13935.16,1444389.04,1
4794886000143,2006-05-09,385901947.36,2.0851756,390031671.9,494133.18,0.0,1
4794886000143,2006-05-10,385928638.64,2.0862335,390073058.51,0.0,156503.08,1
4794886000143,2006-05-11,386201531.15,2.0873561,390344482.88,61531.56,0.0,1
4794886000143,2006-05-12,386445884.76,2.0882844,390519048.12,967.64,0.0,1
4794886000143,2006-05-15,386472493.53,2.0891669,390363803.65,110282.85,430561.25,1
4794886000143,2006-05-16,387129536.87,2.0904149,390884082.95,287090.39,0.0,1
4794886000143,2006-05-17,387782362.2,2.0916714,391678192.07,559164.31,0.0,1
4794886000143,2006-05-18,383579555.36,2.0924898,387314678.42,0.0,4516774.32,1
4794886000143,2006-05-19,383657637.37,2.0936375,387490164.55,0.0,36953.63,1
4794886000143,2006-05-22,383928644.33,2.0945828,387809410.46,144298.88,0.0,1
4794886000143,2006-05-23,384227963.31,2.0951838,387963219.75,42533.25,0.0,1
4794886000143,2006-05-24,385016295.09,2.0959305,389509183.84,1407693.46,0.0,1
4794886000143,2006-05-25,386495085.82,2.0955063000000003,389431980.34,1629.9,0.0,1
4794886000143,2006-05-26,387329147.14,2.0976279,390606840.69,825776.37,45195.4,1
4794886000143,2006-05-29,386991774.24,2.0990674,390798233.74,397.3,77052.84,1
4794886000143,2006-05-30,387096665.24,2.1001174,391063469.18,69756.86,0.0,1
4794886000143,2006-05-31,387302442.32,2.1007742,390654221.61,0.0,531552.55,1
4794886000143,2006-06-01,387686323.64,2.1021695,391127233.13,213544.15,0.0,1
4794886000143,2006-06-02,387532542.64,2.1032884,391515919.2,180499.77,0.0,1
4794886000143,2006-06-05,386885206.64,2.1044361,390879509.56,0.0,850050.16,1
4794886000143,2006-06-06,387687112.32,2.105511,391725543.52,646376.37,0.0,1
4794886000143,2006-06-07,387973381.52,2.1065617999999997,392013876.88,125185.59,32352.22,1
4794886000143,2006-06-08,389064118.27,2.1076737000000003,393017076.28,796287.28,0.0,1
4794886000143,2006-06-09,389826591.96,2.1088188,393743555.57,513563.12,601.13,1
4794886000143,2006-06-12,390427032.6,2.1099603,394453047.67,496360.74,0.0,1
4794886000143,2006-06-13,390737758.92,2.1108911,394697281.49,70208.54,0.0,1
4794886000143,2006-06-14,389645493.45,2.1119717000000002,393500376.18,0.0,1398955.92,1
4794886000143,2006-06-16,389705618.31,2.1131478,393514242.76,0.0,205247.43,1
4794886000143,2006-06-19,389834373.39,2.1144794,393804957.68,42736.24,0.0,1
4794886000143,2006-06-20,390088514.28,2.1153958,393994381.74,18752.52,0.0,1
4794886000143,2006-06-21,390432855.72,2.1166597,394276639.03,188117.52,141271.17,1
4794886000143,2006-06-22,390525045.95,2.1179092999999996,394453939.98,0.0,55453.58,1
4794886000143,2006-06-23,390674127.12,2.1190007,394564820.37,0.0,92393.39,1
4794886000143,2006-06-26,390931906.16,2.1201119999999998,394825092.27,53340.89,0.0,1
4794886000143,2006-06-27,391833769.26,2.1212031000000002,395741413.95,922423.4,209300.85,1
4794886000143,2006-06-28,393113986.68,2.122282,396970047.74,1027355.82,0.0,1
4794886000143,2006-06-29,392773136.17,2.1234786,396552319.5,0.0,641552.57,1
4794886000143,2006-06-30,393532176.26,2.1250646,397385820.61,537312.01,0.0,1
4794886000143,2006-07-03,393417892.43,2.1262352000000004,397190115.69,0.0,414602.99,1
4794886000143,2006-07-04,393337021.84,2.1274958,397499773.57,92520.23,18335.19,1
4794886000143,2006-07-05,393788476.47,2.1286667,398070127.21,351576.27,0.0,1
4794886000143,2006-07-06,393475556.76,2.1294786,397559003.98,0.0,662951.08,1
4794886000143,2006-07-07,393393274.33,2.1308775,397494568.83,0.0,325593.98,1
4794886000143,2006-07-10,394045360.75,2.1320739,398128762.67,411003.59,0.0,1
4794886000143,2006-07-11,394438019.16,2.133335,398572409.59,208163.34,0.0,1
4794886000143,2006-07-12,394588055.51,2.1343925,398702370.59,0.0,67613.77,1
4794886000143,2006-07-13,394817717.97,2.1354166,398899164.0,5502.39,0.0,1
4794886000143,2006-07-14,395087365.37,2.1363894,399086852.07,5951.75,0.0,1
4794886000143,2006-07-17,392722916.58,2.1375781000000003,396671571.42,0.0,2637334.5,1
4794886000143,2006-07-18,392932016.96,2.138829,396941332.26,37641.45,0.0,1
4794886000143,2006-07-19,394776495.38,2.1399459,398727418.27,1578803.88,0.0,1
4794886000143,2006-07-20,394733106.4,2.1412515,398697808.08,0.0,272890.33,1
4794886000143,2006-07-21,395334033.74,2.142277,399301791.83,413036.47,0.0,1
4794886000143,2006-07-24,395273379.72,2.143348,399206359.69,0.0,295052.4,1
4794886000143,2006-07-25,395750599.89,2.1444226000000004,399620154.7,213652.07,0.0,1
4794886000143,2006-07-26,395954997.32,2.1455476000000004,399788433.81,0.0,41373.41,1
4794886000143,2006-07-27,396181427.88,2.1467279,400077639.38,69281.64,0.0,1
4794886000143,2006-07-28,397235127.08,2.1477619,401063481.31,793130.85,0.0,1
4794886000143,2006-07-31,397900997.64,2.1489151,401762741.48,483930.44,0.0,1
4794886000143,2006-08-01,398171367.85,2.1500057,402023801.12,57151.82,0.0,1
4794886000143,2006-08-02,398417263.98,2.1509929,402620745.29,412355.09,0.0,1
4794886000143,2006-08-03,398032222.12,2.1520879,402224650.76,0.0,601059.53,1
4794886000143,2006-08-04,400076912.84,2.1532076,402309517.92,0.0,124400.08,1
4794886000143,2006-08-07,398606963.1,2.1543499,402706390.86,304513.75,121069.45,1
4794886000143,2006-08-08,399242844.95,2.1555353999999998,403287895.95,359890.53,0.0,1
4794886000143,2006-08-09,399405149.09,2.1567976000000004,403494671.83,0.0,29374.06,1
4794886000143,2006-08-10,399608449.05,2.1579167,403684456.55,1395.81,20968.29,1
4794886000143,2006-08-11,399822529.66,2.1590599999999998,403898264.67,0.0,75.64,1
4794886000143,2006-08-14,400675247.09,2.1600984,404779955.2,687438.61,0.0,1
4794886000143,2006-08-15,401194475.19,2.1610783,405255012.07,291433.57,0.0,1
4794886000143,2006-08-16,401320155.51,2.162288,405374378.99,107657.8,215130.09,1
4794886000143,2006-08-17,401769092.14,2.1634677000000004,405801756.42,206218.1,0.0,1
4794886000143,2006-08-18,401375354.0,2.1646252,405434371.89,0.0,584509.76,1
4794886000143,2006-08-21,402120654.13,2.1656298,406158329.75,535792.65,0.0,1
4794886000143,2006-08-22,402639085.27,2.166801,406631150.95,253172.26,0.0,1
4794886000143,2006-08-23,402795465.45,2.1679817999999997,406838736.73,109974.35,123978.2,1
4794886000143,2006-08-24,403075826.81,2.1689703999999996,407096424.28,72167.57,0.0,1
4794886000143,2006-08-25,404068841.31,2.17001,408055331.23,763777.74,0.0,1
4794886000143,2006-08-28,404253272.1,2.1710756,408253975.96,0.0,1735.85,1
4794886000143,2006-08-29,406556005.71,2.1721712,410556224.71,2096236.16,0.0,1
4794886000143,2006-08-30,406778065.08,2.1732703,410762225.94,0.0,1737.71,1
4794886000143,2006-08-31,408275572.08,2.1744029,412012402.57,1036111.16,0.0,1
4794886000143,2006-09-01,408949686.17,2.1757915,412767027.25,491502.38,0.0,1
4794886000143,2006-09-04,409378067.66,2.1769465,413682670.67,696528.63,0.0,1
4794886000143,2006-09-05,409711667.19,2.178049,414054178.76,162002.83,0.0,1
4794886000143,2006-09-06,409234507.77,2.1790665,413515914.89,0.0,731683.24,1
4794886000143,2006-09-08,410226020.81,2.1800767000000003,414423231.49,715596.74,0.0,1
4794886000143,2006-09-11,410418197.34,2.1812297000000003,414648965.98,6569.74,0.0,1
4794886000143,2006-09-12,410882317.81,2.1822107,415071070.55,235602.42,0.0,1
4794886000143,2006-09-13,410870857.81,2.1833187,415068997.55,0.0,212805.35,1
4794886000143,2006-09-14,411227050.78,2.184384,415384286.54,116004.35,3243.44,1
4794886000143,2006-09-15,411838904.94,2.1854896,415950595.2,356070.32,0.0,1
4794886000143,2006-09-18,411211855.89,2.1866652,415333370.77,0.0,840973.63,1
4794886000143,2006-09-19,411422260.13,2.1877443,415563222.65,24887.35,0.0,1
4794886000143,2006-09-20,412929490.46,2.1887731,415743730.85,0.0,14907.86,1
4794886000143,2006-09-21,413028811.71,2.1897445,415916735.94,0.0,11517.97,1
4794886000143,2006-09-22,412883172.61,2.1904492,415515285.95,0.0,535300.14,1
4794886000143,2006-09-25,413736161.94,2.1918102000000004,416456043.03,682588.63,0.0,1
4794886000143,2006-09-26,414205363.72,2.1927789,416868159.08,228066.19,0.0,1
4794886000143,2006-09-27,414348079.59,2.1939933,417072979.08,0.0,26057.41,1
4794886000143,2006-09-28,414307848.56,2.1950203,417035516.16,0.0,232688.93,1
4794886000143,2006-09-29,415703539.5,2.1960831,418366470.33,1129024.46,0.0,1
4794886000143,2006-10-02,416824046.26,2.1972423,419397391.7,810096.42,0.0,1
4794886000143,2006-10-03,416874196.44,2.1985002000000002,419892394.64,254899.08,0.0,1
4794886000143,2006-10-04,416695237.92,2.1995704,419660271.41,0.0,436520.91,1
4794886000143,2006-10-05,416768046.67,2.2007115,419742303.72,0.0,135676.45,1
4794886000143,2006-10-06,416714184.41,2.2018179,419660860.09,0.0,292482.62,1
4794886000143,2006-10-09,416237436.16,2.2028857000000004,419109062.26,0.0,755310.73,1
4794886000143,2006-10-10,415586852.13,2.2040830000000002,418469702.51,0.0,867150.67,1
4794886000143,2006-10-11,415433428.17,2.2051602000000003,418332974.7,0.0,341238.92,1
4794886000143,2006-10-13,417126200.24,2.2062356,418408720.91,0.0,128276.66,1
4794886000143,2006-10-16,417310213.93,2.2073472,418664530.7,44994.54,0.0,1
4794886000143,2006-10-17,417759771.4,2.2083532000000003,419082598.43,227260.77,0.0,1
4794886000143,2006-10-18,417671549.96,2.2094157,418946666.75,0.0,337550.58,1
4794886000143,2006-10-19,416853953.76,2.2104668999999997,418052327.22,0.0,1093666.06,1
4794886000143,2006-10-20,417132271.04,2.2116096,418337950.87,69501.63,0.0,1
4794886000143,2006-10-23,416916203.6,2.2126732000000002,418108811.63,0.0,430322.65,1
4794886000143,2006-10-24,417133665.53,2.2136918999999997,418322858.86,21560.31,0.0,1
4794886000143,2006-10-25,419068828.53,2.2146932999999995,420162123.32,1650027.15,0.0,1
4794886000143,2006-10-26,419229805.08,2.2158281000000004,420335171.97,0.0,42250.9,1
4794886000143,2006-10-27,419699724.99,2.2169226,420749991.88,207208.4,0.0,1
4794886000143,2006-10-30,420951623.15,2.2180677,422000897.85,1033571.95,0.0,1
4794886000143,2006-10-31,422417740.62,2.2191062,423428627.86,1230142.23,0.0,1
4794886000143,2006-11-01,426735620.87,2.2201819,427664528.23,4030652.16,0.0,1
4794886000143,2006-11-03,426831060.88,2.2213422,428187581.92,299548.16,0.0,1
4794886000143,2006-11-06,427474174.35,2.2223994,428843580.66,452210.09,0.0,1
4794886000143,2006-11-07,428232084.17,2.2234035,429560734.63,523399.57,0.0,1
4794886000143,2006-11-08,427722549.8,2.2244763,429070535.21,0.0,697467.26,1
4794886000143,2006-11-09,430957133.21,2.225458,432272211.81,3012329.1,0.0,1
4794886000143,2006-11-10,432546341.89,2.2264555,433827063.95,1361088.21,0.0,1
4794886000143,2006-11-13,432381496.31,2.22751,433614518.36,0.0,418000.57,1
4794886000143,2006-11-14,433675517.87,2.228529,434822974.14,1010085.15,0.0,1
4794886000143,2006-11-16,435823311.16,2.2297182,435553605.33,498596.11,0.0,1
4794886000143,2006-11-17,436288603.78,2.2307627999999995,436064642.2,306991.49,0.0,1
4794886000143,2006-11-20,438276811.74,2.2317052000000004,438011865.72,1763000.58,0.0,1
4794886000143,2006-11-21,438184256.98,2.232737,437837911.43,0.0,376461.46,1
4794886000143,2006-11-22,437761291.83,2.2338486,437403435.44,0.0,652457.49,1
4794886000143,2006-11-23,438397010.53,2.2349142000000004,438040029.49,427943.25,0.0,1
4794886000143,2006-11-24,440162114.33,2.2359253,439775750.19,1537546.17,0.0,1
4794886000143,2006-11-27,442003335.3,2.2369533,441625420.7,1647479.83,0.0,1
4794886000143,2006-11-28,442743722.15,2.237954,442326714.16,503716.65,0.0,1
4794886000143,2006-11-29,444156379.25,2.2390197,443701114.88,1163775.85,0.0,1
4794886000143,2006-11-30,446221619.12,2.2400971000000003,445744805.67,1830182.34,0.0,1
4794886000143,2006-12-01,449523204.87,2.2411957,449016157.43,3052753.85,0.0,1
4794886000143,2006-12-04,450713508.38,2.2422531,450632863.99,1404853.33,0.0,1
4794886000143,2006-12-05,451455628.22,2.2432343999999995,451286302.91,456223.28,0.0,1
4794886000143,2006-12-06,452234347.71,2.2443378,452073342.66,565066.98,0.0,1
4794886000143,2006-12-07,452796038.9,2.2453485,452534636.53,257712.76,0.0,1
4794886000143,2006-12-08,448589480.07,2.2465267000000004,448321281.98,0.0,4450810.73,1
4794886000143,2006-12-11,450185324.52,2.2476013999999997,449893571.96,1357808.73,0.0,1
4794886000143,2006-12-12,451242792.93,2.2486479999999998,450964632.21,861579.0,0.0,1
4794886000143,2006-12-13,451650511.3,2.2496338,451307342.16,145004.5,0.0,1
4794886000143,2006-12-14,452834342.01,2.2506867,452481269.82,962696.84,0.0,1
4794886000143,2006-12-15,453791070.8,2.2516849,453369858.35,687902.27,0.0,1
4794886000143,2006-12-18,455069719.43,2.2527838,454624630.89,1033516.4,0.0,1
4794886000143,2006-12-19,456079320.44,2.2538299,455671956.48,836216.41,0.0,1
4794886000143,2006-12-20,458615797.89,2.2547794999999997,458155179.49,2291250.07,0.0,1
4794886000143,2006-12-21,473539512.78,2.2558041,460413368.05,2049986.46,0.0,1
4794886000143,2006-12-22,463894372.2,2.2568116000000003,463376863.45,2757860.52,0.0,1
4794886000143,2006-12-26,467329557.68,2.2578975,466727531.12,3127704.54,0.0,1
4794886000143,2006-12-27,471616572.63,2.259118,470996938.5,4017131.22,0.0,1
4794886000143,2006-12-28,477343979.35,2.260269,476674577.59,5437659.62,0.0,1
4794886000143,2006-12-29,477582067.99,2.2614535,476924377.65,0.0,0.0,1
4794886000143,2007-01-02,488683210.76,2.2624718999999995,487849933.27,10710780.13,0.0,1
4794886000143,2007-01-03,493879990.45,2.2639748,493565227.96,5391240.59,0.0,1
4794886000143,2007-01-04,496053073.59,2.2649547,495800301.31,2021435.34,0.0,1
4794886000143,2007-01-05,494059764.31,2.2657093999999995,493783016.91,0.0,2182493.11,1
4794886000143,2007-01-08,494231210.75,2.2665726000000004,493915013.47,0.0,56130.2,1
4794886000143,2007-01-09,495154997.31,2.2675114,494806595.49,687010.33,0.0,1
4794886000143,2007-01-10,494926313.31,2.2684656000000003,494533505.92,0.0,481309.4,1
4794886000143,2007-01-11,495773125.15,2.2695429,495357285.26,588926.13,0.0,1
4794886000143,2007-01-12,496153153.26,2.2706128,495763553.91,172758.42,0.0,1
4794886000143,2007-01-15,518750227.75,2.271548,496560471.36,592708.93,0.0,1
4794886000143,2007-01-16,496007791.4,2.2723451,495493094.61,0.0,1241618.57,1
4794886000143,2007-01-17,493301137.12,2.2735312000000003,492768756.88,0.0,2982956.59,1
4794886000143,2007-01-18,493866012.91,2.2747028,493258759.44,236056.32,0.0,1
4794886000143,2007-01-19,494964795.5,2.2760327,494403673.44,856533.4,0.0,1
4794886000143,2007-01-22,494566879.34,2.2768502999999995,493901254.1,0.0,680007.48,1
4794886000143,2007-01-23,493283286.28,2.2783481,492741252.02,0.0,1484926.04,1
4794886000143,2007-01-24,492471232.1,2.2792602000000004,491867720.44,0.0,1070795.23,1
4794886000143,2007-01-25,491606532.29,2.2803157000000005,490987565.15,0.0,1107920.72,1
4794886000143,2007-01-26,491807204.55,2.2813231,491211992.61,7523.37,0.0,1
4794886000143,2007-01-29,490315878.69,2.2821516,489610789.77,0.0,1779607.72,1
4794886000143,2007-01-30,490607626.57,2.283261,489901913.8,53124.01,0.0,1
4794886000143,2007-01-31,490079153.85,2.284272,489289518.25,0.0,829329.48,1
4794886000143,2007-02-01,490625754.07,2.285495,489866578.28,315090.97,0.0,1
4794886000143,2007-02-02,490431494.1,2.2864964,490183836.16,102620.07,0.0,1
4794886000143,2007-02-05,490237147.65,2.2874738,489889348.22,0.0,504006.03,1
4794886000143,2007-02-06,490578666.76,2.2887117999999997,490232174.67,77684.06,0.0,1
4794886000143,2007-02-07,491014900.46,2.2897887000000003,490663262.08,200411.73,0.0,1
4794886000143,2007-02-08,483554821.31,2.290829,483197036.8,0.0,7689135.96,1
4794886000143,2007-02-09,483711075.22,2.291815,483296798.21,0.0,108205.89,1
4794886000143,2007-02-12,484258823.72,2.2929267,483799561.02,268332.0,0.0,1
4794886000143,2007-02-13,484575548.43,2.294107,484114701.62,66094.28,0.0,1
4794886000143,2007-02-14,484503030.79,2.295194,483960117.51,0.0,383977.56,1
4794886000143,2007-02-15,484712949.88,2.2964511,484167246.42,0.0,57930.93,1
4794886000143,2007-02-16,485147082.87,2.2975657000000003,484609125.84,206879.02,0.0,1
4794886000143,2007-02-21,485611258.06,2.2985685,484959148.04,138511.55,0.0,1
4794886000143,2007-02-22,486013441.89,2.2998564,485386262.53,155399.2,0.0,1
4794886000143,2007-02-23,486084862.03,2.3009619999999997,485509063.16,0.0,110547.86,1
4794886000143,2007-02-26,486374946.48,2.3017757000000003,485674639.12,0.0,6115.14,1
4794886000143,2007-02-27,486648021.09,2.3029488999999996,486167655.95,245478.48,0.0,1
4794886000143,2007-02-28,485837265.59,2.3032925,485174417.36,0.0,1065774.36,1
4794886000143,2007-03-01,486995686.22,2.3043812000000004,486404938.12,1001194.01,0.0,1
4794886000143,2007-03-02,486800068.76,2.3050069,486568531.89,31512.97,0.0,1
4794886000143,2007-03-05,484823093.48,2.3057804,484591243.38,0.0,2140570.57,1
4794886000143,2007-03-06,485195194.59,2.3066215,484700224.34,0.0,67781.88,1
4794886000143,2007-03-07,486315027.46,2.3084167,485905826.56,828369.9,0.0,1
4794886000143,2007-03-08,486336409.99,2.3096286,485983712.97,0.0,177209.8,1
4794886000143,2007-03-09,503118195.83,2.3105297,486355426.83,182105.85,0.0,1
4794886000143,2007-03-12,487215049.24,2.3117404,486716130.45,105854.7,0.0,1
4794886000143,2007-03-13,487395108.99,2.3129813,487048690.35,71305.12,0.0,1
4794886000143,2007-03-14,487932661.63,2.3135505000000003,487389528.74,220966.59,0.0,1
4794886000143,2007-03-15,488118119.33,2.3148325,487618293.61,0.0,41299.19,1
4794886000143,2007-03-16,489871315.85,2.3158337,489363350.13,1534153.55,0.0,1
4794886000143,2007-03-19,490171755.41,2.31681,489578410.39,8757.83,0.0,1
4794886000143,2007-03-20,490020145.74,2.3179788,489438695.92,0.0,386694.4,1
4794886000143,2007-03-21,490256914.87,2.3189922000000003,489509216.23,0.0,143476.6,1
4794886000143,2007-03-22,490763653.18,2.3205444,490106436.25,269572.28,0.0,1
4794886000143,2007-03-23,490734692.67,2.3215382,490084851.1,0.0,231480.88,1
4794886000143,2007-03-26,490965072.22,2.3224666000000003,490251916.41,0.0,28903.99,1
4794886000143,2007-03-27,491130542.08,2.3235352,490413263.47,0.0,64224.88,1
4794886000143,2007-03-28,491763935.54,2.3245255,491054797.43,432509.76,0.0,1
4794886000143,2007-03-29,492245271.53,2.3253862,491457258.33,220629.97,0.0,1
4794886000143,2007-03-30,492519799.42,2.3264579,491651122.47,0.0,32618.3,1
4794886000143,2007-04-02,492962917.26,2.3276778,492106868.4,197928.72,0.0,1
4794886000143,2007-04-03,493301355.13,2.3287382,492912116.53,581063.69,0.0,1
4794886000143,2007-04-04,493414008.5,2.3298662999999995,493028615.19,0.0,122278.46,1
4794886000143,2007-04-05,493721167.34,2.3309045,493283368.73,35068.06,0.0,1
4794886000143,2007-04-09,494595043.32,2.331974,494099488.13,589777.41,0.0,1
4794886000143,2007-04-10,495009981.5,2.3331977000000004,494490926.97,132168.81,0.0,1
4794886000143,2007-04-11,495485896.77,2.3343947,495043003.97,298372.08,0.0,1
4794886000143,2007-04-12,495769078.99,2.3352359000000003,495307818.67,86433.16,0.0,1
4794886000143,2007-04-13,495974885.47,2.336093,495357509.18,0.0,132107.97,1
4794886000143,2007-04-16,496361736.34,2.3374086,495596864.84,0.0,39593.01,1
4794886000143,2007-04-17,496296607.95,2.3386217,495666609.98,0.0,187472.34,1
4794886000143,2007-04-18,496321077.71,2.3397337000000005,495603289.15,0.0,299016.05,1
4794886000143,2007-04-19,496937981.16,2.3410522,495762517.11,0.0,120043.95,1
4794886000143,2007-04-20,497491965.39,2.3436172,496592795.28,287084.56,0.0,1
4794886000143,2007-04-23,497226358.95,2.3449951,496405614.93,0.0,479144.65,1
4794886000143,2007-04-24,498015300.82,2.3459501,497227820.32,620034.68,0.0,1
4794886000143,2007-04-25,498569930.43,2.346721,497591529.67,200330.9,0.0,1
4794886000143,2007-04-26,498828210.56,2.3480622,498012670.19,136753.66,0.0,1
4794886000143,2007-04-27,499301107.66,2.3488092999999997,498411104.41,239977.65,0.0,1
4794886000143,2007-04-30,500104066.6,2.3497242000000003,499014561.31,409318.51,0.0,1
4794886000143,2007-05-02,500412057.36,2.3507696,499342516.58,105940.4,0.0,1
4794886000143,2007-05-03,497255035.29,2.3520893,496670600.48,0.0,2952239.7,1
4794886000143,2007-05-04,497388157.47,2.3532381,496734526.38,0.0,178655.76,1
4794886000143,2007-05-07,498024667.62,2.3544859,497425481.75,427564.0,0.0,1
4794886000143,2007-05-08,498355652.42,2.3554859,497752946.73,116196.81,0.0,1
4794886000143,2007-05-09,498637690.3,2.3563852,497924152.56,0.0,18843.41,1
4794886000143,2007-05-10,498705242.76,2.3576003,498082153.98,0.0,98761.73,1
4794886000143,2007-05-11,499317306.81,2.3583757000000003,498586387.34,340412.92,0.0,1
4794886000143,2007-05-14,499754899.71,2.3594801,499006210.36,186357.12,0.0,1
4794886000143,2007-05-15,500117312.39,2.3605926,499248778.26,7284.5,0.0,1
4794886000143,2007-05-16,500167997.19,2.3620081,499179674.76,0.0,368468.35,1
4794886000143,2007-05-17,499189205.73,2.3636441,498275195.23,0.0,1250240.77,1
4794886000143,2007-05-18,499372186.2,2.3648888,498569861.23,32288.15,0.0,1
4794886000143,2007-05-21,499815121.24,2.3656197,498876199.58,152242.75,0.0,1
4794886000143,2007-05-22,499462662.65,2.3668226000000003,498566558.06,0.0,563325.05,1
4794886000143,2007-05-23,499010469.0,2.3677263,498188972.65,0.0,567946.58,1
4794886000143,2007-05-24,498158752.59,2.3683042000000003,497469953.32,0.0,840609.38,1
4794886000143,2007-05-25,498564628.47,2.3683929,497495165.72,6576.72,0.0,1
4794886000143,2007-05-28,498046125.88,2.3699318,497030526.21,0.0,787900.87,1
4794886000143,2007-05-29,497646630.91,2.3710778,496726638.83,0.0,544226.7,1
4794886000143,2007-05-30,497157610.55,2.3718318,496150880.52,0.0,733701.79,1
4794886000143,2007-05-31,497057114.3,2.3728183,495950504.19,0.0,406750.19,1
4794886000143,2007-06-01,497452491.08,2.3741014,496239501.47,20817.56,0.0,1
4794886000143,2007-06-04,497048510.53,2.3756258999999997,496635337.77,77182.13,0.0,1
4794886000143,2007-06-05,496753728.4,2.3759824000000003,496236740.73,0.0,473126.45,1
4794886000143,2007-06-06,497444059.59,2.376722,496913945.32,522726.5,0.0,1
4794886000143,2007-06-08,497795110.13,2.377479,496924274.68,0.0,147922.76,1
4794886000143,2007-06-11,497435087.41,2.3792774,496686411.82,0.0,613755.14,1
4794886000143,2007-06-12,497455051.43,2.3805,496838574.97,0.0,103057.86,1
4794886000143,2007-06-13,497362052.23,2.3810954,496621620.38,0.0,341230.65,1
4794886000143,2007-06-14,496958284.62,2.3820967,496077663.67,0.0,752798.85,1
4794886000143,2007-06-15,496036577.01,2.3835102000000004,495144086.08,0.0,1227946.0,1
4794886000143,2007-06-18,496526987.88,2.3848177,495698145.84,282451.53,0.0,1
4794886000143,2007-06-19,496941680.21,2.3856782,496028215.69,151211.69,0.0,1
4794886000143,2007-06-20,496859200.34,2.3867866,496013397.13,0.0,245290.8,1
4794886000143,2007-06-21,496995645.4,2.3874513,496037168.08,0.0,114344.54,1
4794886000143,2007-06-22,496932927.74,2.3885004000000003,496096102.31,0.0,159037.28,1
4794886000143,2007-06-25,496353929.4,2.3890133999999996,495660678.28,0.0,541988.3,1
4794886000143,2007-06-26,496651460.32,2.3889498,495620517.11,0.0,26964.41,1
4794886000143,2007-06-27,497371434.48,2.3902962000000003,496284158.67,384306.7,0.0,1
4794886000143,2007-06-28,497588554.09,2.3917496,496556616.07,0.0,29288.83,1
4794886000143,2007-06-29,497512172.32,2.3927364,496424650.59,0.0,336840.13,1
4794886000143,2007-07-02,497868777.19,2.3938815,496771496.22,109265.96,0.0,1
4794886000143,2007-07-03,497635306.95,2.3949401000000003,497013642.49,22471.0,0.0,1
4794886000143,2007-07-04,495433307.99,2.3958478,494902807.75,0.0,2299201.2,1
4794886000143,2007-07-05,494363793.74,2.3963080000000003,493693080.96,0.0,1304800.74,1
4794886000143,2007-07-06,494719284.22,2.3972856,493907039.24,12554.27,0.0,1
4794886000143,2007-07-09,494949298.1,2.3987637000000004,494231755.77,20185.86,0.0,1
4794886000143,2007-07-10,495087614.32,2.3996677,494414352.52,0.0,3663.7,1
4794886000143,2007-07-11,494498189.28,2.4003736,493682046.79,0.0,877731.72,1
4794886000143,2007-07-12,494841084.35,2.4016048,493932520.55,0.0,2748.25,1
4794886000143,2007-07-13,495206800.68,2.4031049,494357234.23,116185.38,0.0,1
4794886000143,2007-07-16,495659092.41,2.4042173,494887830.27,301760.82,0.0,1
4794886000143,2007-07-17,496140261.66,2.4048714,495220549.99,198079.76,0.0,1
4794886000143,2007-07-18,495543846.24,2.4060998,494672757.35,0.0,800758.94,1
4794886000143,2007-07-19,495533345.39,2.4069819,494840956.5,0.0,13147.96,1
4794886000143,2007-07-20,495588104.46,2.4069513,494709739.85,0.0,124926.71,1
4794886000143,2007-07-23,495360632.34,2.4077186,494453210.36,0.0,414224.62,1
4794886000143,2007-07-24,495167958.28,2.4085424,494362142.09,0.0,260246.71,1
4794886000143,2007-07-25,495244686.52,2.4088395,494328901.35,0.0,94236.98,1
4794886000143,2007-07-26,494992468.07,2.4096047,494446969.82,0.0,38956.48,1
4794886000143,2007-07-27,494655874.22,2.4087201,493524041.39,0.0,741409.31,1
4794886000143,2007-07-30,493957499.44,2.4105038,492929643.39,0.0,959851.03,1
4794886000143,2007-07-31,493537839.87,2.4116678,492586484.25,0.0,581204.62,1
4794886000143,2007-08-01,493629227.51,2.4123641,492792462.42,63757.25,0.0,1
4794886000143,2007-08-02,493395104.65,2.4124787999999997,492812760.37,0.0,3121.56,1
4794886000143,2007-08-03,493488026.87,2.4137681,493178493.07,102365.36,0.0,1
4794886000143,2007-08-06,493641570.21,2.4137439,493155412.17,0.0,18142.0,1
4794886000143,2007-08-07,494050460.67,2.414528,493367153.27,51542.89,0.0,1
4794886000143,2007-08-08,493207998.84,2.4160814999999998,492492605.42,0.0,1191989.79,1
4794886000143,2007-08-09,493177838.86,2.4175527000000003,492807915.55,15434.59,0.0,1
4794886000143,2007-08-10,492989478.8,2.4173646,492412388.78,0.0,357195.09,1
4794886000143,2007-08-13,491068392.92,2.4181074000000002,490353144.58,0.0,2210536.94,1
4794886000143,2007-08-14,491069083.43,2.4193519,490650072.68,44560.73,0.0,1
4794886000143,2007-08-15,490657531.64,2.4191759,490422149.59,0.0,192237.6,1
4794886000143,2007-08-16,488833608.41,2.4181907000000002,489505516.15,0.0,716901.43,1
4794886000143,2007-08-17,488093023.1,2.414502,486810345.0,0.0,1948487.81,1
4794886000143,2007-08-20,487742654.15,2.4175231,487341187.9,0.0,78274.48,1
4794886000143,2007-08-21,487915497.68,2.4181137,487346274.26,0.0,113965.31,1
4794886000143,2007-08-22,488105249.51,2.4188144,487183053.68,0.0,304445.69,1
4794886000143,2007-08-23,486431031.06,2.4205928,485593895.53,0.0,1947354.87,1
4794886000143,2007-08-24,486440492.58,2.4218901,485426190.79,0.0,427939.91,1
4794886000143,2007-08-27,487557906.74,2.4235450000000003,486674307.85,916410.51,0.0,1
4794886000143,2007-08-28,487519961.35,2.4244915000000002,486830442.29,0.0,33936.07,1
4794886000143,2007-08-29,487443848.73,2.4248653,486350591.25,0.0,554897.45,1
4794886000143,2007-08-30,486977266.93,2.426558,486062500.09,0.0,627596.41,1
4794886000143,2007-08-31,487277016.98,2.427418,486190800.42,0.0,43959.47,1
4794886000143,2007-09-03,487455297.32,2.4287254000000003,486316923.56,0.0,135740.03,1
4794886000143,2007-09-04,486961055.65,2.4301272000000003,486418254.39,0.0,179373.05,1
4794886000143,2007-09-05,486502735.03,2.4311264,486187789.2,0.0,430459.52,1
4794886000143,2007-09-06,486033463.61,2.4314607,485428361.24,0.0,826287.39,1
4794886000143,2007-09-10,484980261.58,2.4325798,484562263.59,0.0,1089517.43,1
4794886000143,2007-09-11,485473613.89,2.4330768,484813178.43,151908.03,0.0,1
4794886000143,2007-09-12,485780504.09,2.4342904,485045558.44,0.0,9438.14,1
4794886000143,2007-09-13,484649634.89,2.4355527,484114155.08,0.0,1182923.07,1
4794886000143,2007-09-14,484118845.58,2.4361928,483376936.71,0.0,864444.29,1
4794886000143,2007-09-17,482415169.73,2.4374224,481833556.45,0.0,1787348.62,1
4794886000143,2007-09-18,482913407.18,2.4380032000000003,481898962.39,0.0,49412.49,1
4794886000143,2007-09-19,482932768.36,2.4398821,482033460.84,0.0,236891.12,1
4794886000143,2007-09-20,483140457.73,2.4411963,482313834.88,20735.5,0.0,1
4794886000143,2007-09-21,482868532.48,2.4421678,481923213.75,0.0,582553.25,1
4794886000143,2007-09-24,481435208.64,2.4433666,480666405.76,0.0,1493378.56,1
4794886000143,2007-09-25,481768003.33,2.4439610000000003,480798793.73,15462.18,0.0,1
4794886000143,2007-09-26,480143400.92,2.445167,479266078.88,0.0,1769984.27,1
4794886000143,2007-09-27,480096705.57,2.4460123,479178801.9,0.0,252953.41,1
4794886000143,2007-09-28,480299083.19,2.4468809,479286439.5,0.0,62524.42,1
4794886000143,2007-10-01,480012093.97,2.4480237000000002,478924410.84,0.0,585881.39,1
4794886000143,2007-10-02,479592672.83,2.4493513,479041469.9,0.0,142656.06,1
4794886000143,2007-10-03,479809184.57,2.450359,479317531.95,78969.19,0.0,1
4794886000143,2007-10-04,479890825.11,2.4509082,479353394.22,0.0,71563.74,1
4794886000143,2007-10-05,479987634.02,2.4516086,479283510.22,0.0,206880.1,1
4794886000143,2007-10-08,479131718.45,2.4528805,478517689.49,0.0,1014467.18,1
4794886000143,2007-10-09,479568877.13,2.4536831,478685642.8,11375.42,0.0,1
4794886000143,2007-10-10,479677612.39,2.4554603999999998,479083621.66,51253.62,0.0,1
4794886000143,2007-10-11,477633463.64,2.4559263,477000541.84,0.0,2173974.7,1
4794886000143,2007-10-15,477320011.61,2.4566303,476474960.16,0.0,662315.78,1
4794886000143,2007-10-16,477358334.15,2.4579057,476717428.81,0.0,4898.31,1
4794886000143,2007-10-17,477467084.5,2.458359,476733378.23,0.0,71977.83,1
4794886000143,2007-10-18,477087082.53,2.4591849999999997,476496679.59,0.0,396884.15,1
4794886000143,2007-10-19,476703536.51,2.4594974,476216779.91,0.0,340423.07,1
4794886000143,2007-10-22,476200057.7,2.4593765,476056026.92,0.0,137340.19,1
4794886000143,2007-10-23,476876987.94,2.4582127000000003,475731361.45,0.0,99394.38,1
4794886000143,2007-10-24,476594976.83,2.460453,476089792.57,0.0,75126.83,1
4794886000143,2007-10-25,474175040.46,2.4604112000000002,473400981.11,0.0,2680734.71,1
4794886000143,2007-10-26,474606050.54,2.4611998,473561194.76,8492.21,0.0,1
4794886000143,2007-10-29,461584890.27,2.4628683,460483897.56,0.0,13398340.18,1
4794886000143,2007-10-30,460874185.79,2.4646261000000003,460003397.21,0.0,809160.65,1
4794886000143,2007-10-31,460960152.99,2.4654507000000003,460079518.73,0.0,77774.85,1
4794886000143,2007-11-01,459552245.4,2.4662124,458784455.68,0.0,1437200.01,1
4794886000143,2007-11-05,459084878.07,2.466527,458779806.27,0.0,63180.54,1
4794886000143,2007-11-06,459318103.56,2.4670793,458733842.36,0.0,148702.91,1
4794886000143,2007-11-07,459128931.75,2.4684394,459022392.15,35649.0,0.0,1
4794886000143,2007-11-08,458750129.83,2.467991,458606618.55,0.0,332376.98,1
4794886000143,2007-11-09,459318315.72,2.4677477000000003,458550549.88,0.0,10858.82,1
4794886000143,2007-11-12,459198491.5,2.4696919,458986931.05,75110.36,0.0,1
4794886000143,2007-11-13,459121252.81,2.4694949,458667930.95,0.0,282389.11,1
4794886000143,2007-11-14,457271481.87,2.4700572,456336442.28,0.0,2435925.2,1
4794886000143,2007-11-16,456047219.33,2.4724079,455853175.45,0.0,917544.58,1
4794886000143,2007-11-19,456568215.92,2.4731631000000003,455998913.62,6488.19,0.0,1
4794886000143,2007-11-20,453952763.81,2.4737591,454502217.44,0.0,1606591.07,1
4794886000143,2007-11-21,454933147.63,2.4746667,454190991.46,0.0,477970.94,1
4794886000143,2007-11-22,455028949.43,2.475716,454277367.76,0.0,106217.26,1
4794886000143,2007-11-23,456444802.44,2.4768406,455678976.43,1195258.98,0.0,1
4794886000143,2007-11-26,456617566.97,2.4778994,455870022.66,0.0,3749.2,1
4794886000143,2007-11-27,456359786.87,2.478739,455760427.17,0.0,264051.06,1
4794886000143,2007-11-28,456646685.97,2.4789535,455810654.25,10786.19,0.0,1
4794886000143,2007-11-29,456984683.11,2.4798752,456480425.04,500285.7,0.0,1
4794886000143,2007-11-30,457571513.23,2.4807214,456577441.65,0.0,58737.26,1
4794886000143,2007-12-03,458071410.53,2.481953,457226429.88,422312.29,0.0,1
4794886000143,2007-12-04,457287475.64,2.482783,456961915.05,0.0,417428.75,1
4794886000143,2007-12-05,457187009.91,2.4834403999999997,456933752.92,0.0,149153.01,1
4794886000143,2007-12-06,457209328.74,2.4841917999999996,456668744.86,0.0,403254.98,1
4794886000143,2007-12-07,456980151.32,2.4853327000000003,456256521.62,0.0,621950.95,1
4794886000143,2007-12-10,457046010.45,2.4863304,456736230.07,296544.49,0.0,1
4794886000143,2007-12-11,455420967.3,2.4873847999999996,454605209.2,0.0,2324723.58,1
4794886000143,2007-12-12,456523447.19,2.4882517999999996,456009514.99,1245850.31,0.0,1
4794886000143,2007-12-13,454884459.86,2.4892142999999995,454826970.02,0.0,1358922.94,1
4794886000143,2007-12-14,456305493.57,2.4894252999999997,455372329.53,506802.15,0.0,1
4794886000143,2007-12-17,456052096.69,2.4910941,455308959.42,0.0,368629.47,1
4794886000143,2007-12-18,456845992.66,2.4920616,455961332.61,475526.25,0.0,1
4794886000143,2007-12-19,456874430.14,2.4931902999999997,455943600.82,0.0,224235.5,1
4794886000143,2007-12-20,456515283.04,2.4942496,456175321.86,38002.78,0.0,1
4794886000143,2007-12-21,459392582.53,2.4950702999999996,458638488.39,2313068.43,0.0,1
4794886000143,2007-12-24,458688220.11,2.4959284999999998,457876945.6,0.0,919301.91,1
4794886000143,2007-12-26,463299402.58,2.4969721000000002,462568243.61,4499853.51,0.0,1
4794886000143,2007-12-27,461869484.62,2.4981096000000003,461114634.58,0.0,1664325.25,1
4794886000143,2007-12-28,462657132.04,2.4986206,461641165.91,432203.91,0.0,1
4794886000143,2007-12-31,463032230.12,2.4997935,462023895.17,166023.28,0.0,1
4794886000143,2008-01-02,464302115.31,2.5007838,463182531.39,975607.37,0.0,1
4794886000143,2008-01-03,464192705.35,2.5019285,463388412.34,0.0,6144.57,1
4794886000143,2008-01-04,465372516.88,2.5030744,464928153.82,1327504.63,0.0,1
4794886000143,2008-01-07,463989497.55,2.5040494,463364342.89,0.0,1744898.63,1
4794886000143,2008-01-08,462749042.09,2.5050717,461964166.08,0.0,1589351.22,1
4794886000143,2008-01-09,462214538.67,2.5061082000000003,461613955.63,0.0,541364.15,1
4794886000143,2008-01-10,462248634.42,2.5070269,461685684.06,0.0,97482.35,1
4794886000143,2008-01-11,462316313.77,2.5079134,461431925.68,0.0,417017.02,1
4794886000143,2008-01-14,462331108.86,2.5089638,461604446.25,0.0,20748.92,1
4794886000143,2008-01-15,461842280.53,2.5099574,460993932.23,0.0,793313.42,1
4794886000143,2008-01-16,461776467.62,2.5109335,461059999.47,0.0,113200.5,1
4794886000143,2008-01-17,461943295.2,2.5117992,461164213.14,0.0,54754.29,1
4794886000143,2008-01-18,461571467.85,2.5126278,460601577.39,0.0,714756.88,1
4794886000143,2008-01-21,461121495.15,2.5137787,460728479.48,0.0,84080.09,1
4794886000143,2008-01-22,461244901.88,2.5142042,460164658.78,0.0,641810.05,1
4794886000143,2008-01-23,460959558.87,2.5152352,460139238.95,0.0,214114.24,1
4794886000143,2008-01-24,462650590.47,2.5160524,461318133.81,1029387.27,0.0,1
4794886000143,2008-01-25,462727684.78,2.5171975,461391754.21,0.0,136338.23,1
4794886000143,2008-01-28,462640869.44,2.5182431,461468005.75,0.0,115402.12,1
4794886000143,2008-01-29,462322860.78,2.5191773,461361564.55,0.0,277633.71,1
4794886000143,2008-01-30,461555624.86,2.5200358,460512646.67,0.0,1006141.32,1
4794886000143,2008-01-31,461610753.54,2.5210066,460687042.26,0.0,2995.32,1
4794886000143,2008-02-01,461012972.3,2.5218061,459953919.87,0.0,879228.22,1
4794886000143,2008-02-06,458969192.06,2.5227428,458447047.18,0.0,1677711.65,1
4794886000143,2008-02-07,459361853.8,2.5237338,458618056.17,0.0,9088.41,1
4794886000143,2008-02-08,459705261.33,2.524763,458925711.21,120623.21,0.0,1
4794886000143,2008-02-11,458397783.03,2.5256748,457579235.81,0.0,1512218.16,1
4794886000143,2008-02-12,458094235.17,2.526726,457279255.81,0.0,490426.62,1
4794886000143,2008-02-13,458318796.9,2.5277476,457428328.43,0.0,35811.75,1
4794886000143,2008-02-14,458255694.42,2.5287269,457584076.38,0.0,21458.42,1
4794886000143,2008-02-15,458203074.74,2.5295441000000003,457637295.03,0.0,94661.58,1
4794886000143,2008-02-18,458427397.07,2.5303677,457403726.84,0.0,382572.8,1
4794886000143,2008-02-19,458451281.49,2.5316623,457776019.24,138280.6,0.0,1
4794886000143,2008-02-20,458269776.98,2.5322602,457387300.38,0.0,496836.76,1
4794886000143,2008-02-21,454353758.04,2.5333403999999997,457303777.62,0.0,278635.71,1
4794886000143,2008-02-22,457873247.41,2.5346152,456986281.18,0.0,547618.94,1
4794886000143,2008-02-25,457345776.64,2.5355673,456589051.98,0.0,568880.06,1
4794886000143,2008-02-26,457957062.87,2.5363287,456922419.3,196247.04,0.0,1
4794886000143,2008-02-27,458078794.82,2.537475,457124954.16,0.0,3966.18,1
4794886000143,2008-02-28,456978763.97,2.5382472999999997,455388659.82,0.0,1875429.37,1
4794886000143,2008-02-29,455696240.14,2.5391220000000003,454776453.18,0.0,769131.35,1
4794886000143,2008-03-03,455765972.75,2.5396810000000003,454540541.49,0.0,336037.57,1
4794886000143,2008-03-04,454842184.01,2.5411502,454258944.53,0.0,544537.02,1
4794886000143,2008-03-05,454851826.18,2.5418994,454052348.51,0.0,340530.4,1
4794886000143,2008-03-06,454520719.56,2.5432703,454366617.85,69388.8,0.0,1
4794886000143,2008-03-07,453724250.06,2.542554,453463837.73,0.0,774805.77,1
4794886000143,2008-03-10,453727633.09,2.5423208,453427724.64,5479.66,0.0,1
4794886000143,2008-03-11,454021117.03,2.5423617000000003,452904327.23,0.0,530696.74,1
4794886000143,2008-03-12,453938327.51,2.544531,453334389.83,43620.19,0.0,1
4794886000143,2008-03-13,454235395.57,2.5450736000000003,453961956.61,530886.42,0.0,1
4794886000143,2008-03-14,454356839.41,2.5447284,453972270.94,71899.72,0.0,1
4794886000143,2008-03-17,454676573.51,2.5450928,454041519.72,4242.89,0.0,1
4794886000143,2008-03-18,455156799.46,2.5460112,454059736.04,0.0,145627.36,1
4794886000143,2008-03-19,454858742.09,2.5473389,454426452.65,129922.68,0.0,1
4794886000143,2008-03-20,454694645.9,2.5476912,453926565.7,0.0,562726.41,1
4794886000143,2008-03-24,454664425.69,2.5485635,454039545.79,0.0,42439.65,1
4794886000143,2008-03-25,454785704.59,2.5492615,454068122.09,0.0,95785.29,1
4794886000143,2008-03-26,454938020.44,2.5500907,454181929.98,0.0,33875.93,1
4794886000143,2008-03-27,455249075.97,2.5508823,454374393.83,51465.97,0.0,1
4794886000143,2008-03-28,447451656.84,2.5520033,446394036.98,0.0,8180029.62,1
4794886000143,2008-03-31,447243267.13,2.5533535,446496086.92,0.0,134121.07,1
4794886000143,2008-04-01,447569554.17,2.5541141,446498828.94,0.0,130270.96,1
4794886000143,2008-04-02,447565262.1,2.5554327999999997,446937304.24,207958.75,0.0,1
4794886000143,2008-04-03,447713532.52,2.5565486,446987817.58,0.0,144639.91,1
4794886000143,2008-04-04,447902717.81,2.5576955000000003,447261567.25,73230.6,0.0,1
4794886000143,2008-04-07,447463067.39,2.5585811,447106864.37,0.0,309583.23,1
4794886000143,2008-04-08,447709893.21,2.5590923,447039869.37,0.0,156314.02,1
4794886000143,2008-04-09,447614917.31,2.560105,447153503.12,0.0,63281.71,1
4794886000143,2008-04-10,440195502.64,2.5610041,447928724.4,618194.92,0.0,1
4794886000143,2008-04-11,448607498.27,2.5618937,447886239.71,0.0,198089.58,1
4794886000143,2008-04-14,447853086.23,2.5629439,448118483.4,48641.66,0.0,1
4794886000143,2008-04-15,446571727.74,2.5637817000000003,447537690.8,0.0,727274.63,1
4794886000143,2008-04-16,446477831.99,2.5553682999999996,445882598.65,0.0,186436.11,1
4794886000143,2008-04-17,446758148.67,2.5559432,445876750.76,0.0,106159.34,1
4794886000143,2008-04-18,444891139.64,2.5570429,444427249.88,0.0,1641340.01,1
4794886000143,2008-04-22,444039979.53,2.5578256,443816551.09,0.0,746743.45,1
4794886000143,2008-04-23,444997127.16,2.5575319,443799880.05,34301.6,0.0,1
4794886000143,2008-04-24,444629273.43,2.5590924999999998,443911935.88,0.0,158751.17,1
4794886000143,2008-04-25,444071818.4,2.5598121,443003219.01,0.0,1033546.71,1
4794886000143,2008-04-28,443582175.67,2.5617318,442885918.69,0.0,449517.9,1
4794886000143,2008-04-29,442908207.38,2.5627441,441909546.79,0.0,1151393.24,1
4794886000143,2008-04-30,443387919.37,2.5638939,441796302.21,0.0,311509.02,1
4794886000143,2008-05-02,464428849.67,2.5667877,442232294.05,0.0,62651.28,1
4794886000143,2008-05-05,442883068.3,2.5693779,442503637.58,0.0,174924.19,1
4794886000143,2008-05-06,442452247.14,2.5695212000000005,442391486.67,0.0,136830.02,1
4794886000143,2008-05-07,442393748.03,2.5691486,442230705.95,0.0,96637.99,1
4794886000143,2008-05-08,441695887.33,2.5687965,441217655.24,0.0,952442.26,1
4794886000143,2008-05-09,441074954.84,2.5696605,440716654.58,0.0,649393.97,1
4794886000143,2008-05-12,441729150.0,2.5700226,440638837.08,0.0,139926.59,1
4794886000143,2008-05-13,441786925.47,2.5720928,440984744.29,0.0,9030.17,1
4794886000143,2008-05-14,440558134.84,2.5729034,440284662.92,0.0,839050.65,1
4794886000143,2008-05-15,440799082.68,2.5728273999999995,439753472.68,0.0,518193.52,1
4794886000143,2008-05-16,438232019.14,2.574452,439984919.54,0.0,46229.17,1
4794886000143,2008-05-19,440957822.18,2.5762563,440396574.67,103280.53,0.0,1
4794886000143,2008-05-20,440761332.57,2.5765984,439847053.61,0.0,607996.15,1
4794886000143,2008-05-21,440078729.47,2.5779417,439420064.36,0.0,656304.81,1
4794886000143,2008-05-23,440124906.18,2.5783833,439260404.01,0.0,234920.56,1
4794886000143,2008-05-26,441106616.26,2.5794286,440341198.9,902708.18,0.0,1
4794886000143,2008-05-27,440593409.08,2.5801218999999995,439844396.29,0.0,615161.33,1
4794886000143,2008-05-28,441209726.95,2.58067,440064334.25,126510.87,0.0,1
4794886000143,2008-05-29,440757179.31,2.5819433,439190043.83,0.0,1091417.33,1
4794886000143,2008-05-30,439165000.75,2.5844184,438063314.74,0.0,1547753.49,1
4794886000143,2008-06-02,438416476.45,2.5854312000000004,437756634.54,0.0,478353.37,1
4794886000143,2008-06-03,439574682.14,2.5854194,438652364.1,897729.79,0.0,1
4794886000143,2008-06-04,439311389.73,2.5869781,438750980.87,0.0,165833.82,1
4794886000143,2008-06-05,439025287.59,2.5879508999999996,438813251.87,0.0,102715.38,1
4794886000143,2008-06-06,438735107.51,2.5882312,438644246.57,0.0,216543.45,1
4794886000143,2008-06-09,438817793.63,2.5885576,438673247.61,0.0,26306.13,1
4794886000143,2008-06-10,438529011.71,2.5887217000000002,437783552.67,0.0,917501.67,1
4794886000143,2008-06-11,438117844.88,2.589963,437375872.38,0.0,617605.65,1
4794886000143,2008-06-12,438507326.44,2.5910366000000002,437647999.9,90828.29,0.0,1
4794886000143,2008-06-13,438177643.54,2.5917575,437534687.95,0.0,235076.09,1
4794886000143,2008-06-16,437773688.98,2.5924348999999998,437040669.44,0.0,608380.8,1
4794886000143,2008-06-17,437823069.43,2.5933966,436634483.75,0.0,568303.74,1
4794886000143,2008-06-18,437516699.25,2.5948450000000003,436283475.96,0.0,594868.38,1
4794886000143,2008-06-19,436900097.61,2.5964688999999996,435770987.42,0.0,785527.19,1
4794886000143,2008-06-20,435835982.82,2.5973071,435224241.84,0.0,687424.33,1
4794886000143,2008-06-23,436445465.36,2.5981262000000003,435298826.2,0.0,62674.51,1
4794886000143,2008-06-24,435677518.57,2.5994587000000005,434455381.62,0.0,1066691.59,1
4794886000143,2008-06-25,435676243.54,2.6007247000000002,434647465.26,0.0,19507.37,1
4794886000143,2008-06-26,435413785.07,2.6016607000000005,434717483.9,0.0,86400.83,1
4794886000143,2008-06-27,435421942.53,2.6020345000000002,434530700.47,0.0,249257.75,1
4794886000143,2008-06-30,435534308.17,2.6027516,434543606.55,0.0,106831.13,1
4794886000143,2008-07-01,434634195.95,2.6036905,433518436.96,0.0,1181926.54,1
4794886000143,2008-07-02,433087117.04,2.6049296,432594191.52,0.0,1130567.72,1
4794886000143,2008-07-03,433695703.89,2.6054715,432678654.82,0.0,5523.02,1
4794886000143,2008-07-04,433860390.83,2.6084134,433236935.45,69728.25,0.0,1
4794886000143,2008-07-07,434586653.22,2.6093179,433463238.75,76071.46,0.0,1
4794886000143,2008-07-08,438460549.51,2.6108078,435374207.96,1663471.22,0.0,1
4794886000143,2008-07-09,436875347.37,2.6121404,435596431.9,0.0,0.0,1
4794886000143,2008-07-10,436625957.59,2.6133788,435636227.32,0.0,166711.12,1
4794886000143,2008-07-11,437558957.12,2.6144889,436490094.28,668813.08,0.0,1
4794886000143,2008-07-14,437419855.25,2.6157372000000003,436493998.96,0.0,204507.97,1
4794886000143,2008-07-15,437521533.67,2.6165665,436189405.51,0.0,442976.28,1
4794886000143,2008-07-16,437364286.38,2.6184372,436360692.41,0.0,140558.63,1
4794886000143,2008-07-17,436902075.77,2.6193458,435815065.45,0.0,697038.44,1
4794886000143,2008-07-18,437009883.31,2.6204205000000003,435918359.91,0.0,75517.56,1
4794886000143,2008-07-21,433729983.96,2.621721,432933606.22,0.0,3201112.96,1
4794886000143,2008-07-22,434408450.25,2.6225810000000003,433024379.63,0.0,51230.1,1
4794886000143,2008-07-23,434437908.66,2.6244767,433331201.46,0.0,6179.87,1
4794886000143,2008-07-24,434216359.8,2.6253385,433006694.7,0.0,466814.68,1
4794886000143,2008-07-25,434325863.09,2.6265047000000004,433037536.6,0.0,161500.33,1
4794886000143,2008-07-28,434262654.37,2.6279728,433236802.68,0.0,42775.15,1
4794886000143,2008-07-29,434349384.26,2.6291535,433346772.18,0.0,84684.57,1
4794886000143,2008-07-30,434594715.74,2.6301406000000003,433323856.62,0.0,185600.75,1
4794886000143,2008-07-31,434499372.01,2.6315488,433472191.94,0.0,83679.92,1
4794886000143,2008-08-01,434778865.19,2.6323916,433448394.66,0.0,162621.62,1
4794886000143,2008-08-04,433587535.86,2.6339286,432982709.9,0.0,718764.68,1
4794886000143,2008-08-05,433895034.48,2.6350726000000004,433067265.73,0.0,103500.88,1
4794886000143,2008-08-06,432910377.44,2.6363048,432181633.73,0.0,1088147.74,1
4794886000143,2008-08-07,432942907.51,2.6376376,432360365.13,0.0,39760.11,1
4794886000143,2008-08-08,432979658.59,2.638731,432239437.66,0.0,300158.33,1
4794886000143,2008-08-11,432966361.55,2.6399322,432454362.19,18167.78,0.0,1
4794886000143,2008-08-12,433023138.43,2.6409112,432443369.29,0.0,171374.31,1
4794886000143,2008-08-13,432315807.09,2.6418792,431660272.04,0.0,941605.42,1
4794886000143,2008-08-14,432577148.71,2.6428248,431831876.29,17110.34,0.0,1
4794886000143,2008-08-15,433404541.15,2.6439473999999996,432482464.95,467147.71,0.0,1
4794886000143,2008-08-18,435491804.03,2.645543,434714070.35,1970619.13,0.0,1
4794886000143,2008-08-19,436133953.96,2.6467799,435226518.07,309200.62,0.0,1
4794886000143,2008-08-20,434272480.43,2.6480686,433517123.41,0.0,1921313.52,1
4794886000143,2008-08-21,434435551.37,2.6489277,433630935.67,0.0,26829.33,1
4794886000143,2008-08-22,435463258.61,2.6501292000000003,434713216.59,885591.94,0.0,1
4794886000143,2008-08-25,437202974.1,2.6507804,436379661.8,1559637.56,0.0,1
4794886000143,2008-08-26,437540839.86,2.651764,436525078.0,0.0,16515.12,1
4794886000143,2008-08-27,437605027.67,2.6530767999999996,436630146.58,0.0,111044.66,1
4794886000143,2008-08-28,437821195.81,2.6544386,436828160.27,0.0,26098.47,1
4794886000143,2008-08-29,437727460.89,2.6556647,436794780.32,0.0,235154.46,1
4794886000143,2008-09-01,437949446.26,2.6569265,436909834.67,0.0,92487.75,1
4794886000143,2008-09-02,437179382.51,2.6580302,436658302.13,0.0,433022.63,1
4794886000143,2008-09-03,436701779.62,2.658795,436148886.26,0.0,635052.15,1
4794886000143,2008-09-04,436543187.52,2.6597689,436353046.78,44407.37,0.0,1
4794886000143,2008-09-05,436986870.01,2.6596932,436150925.43,0.0,189705.37,1
4794886000143,2008-09-08,436883292.23,2.6604976,436271962.96,0.0,10870.39,1
4794886000143,2008-09-09,436940738.94,2.6614917,436389041.19,0.0,45948.82,1
4794886000143,2008-09-10,437345207.73,2.662819,436376224.52,0.0,230439.04,1
4794886000143,2008-09-11,437485742.71,2.6640833,436724501.57,141078.89,0.0,1
4794886000143,2008-09-12,437729982.18,2.665423,436995411.81,51307.84,0.0,1
4794886000143,2008-09-15,437833884.87,2.6665330000000003,437154688.76,0.0,22714.72,1
4794886000143,2008-09-16,437661388.91,2.6675683,436926776.88,0.0,397646.11,1
4794886000143,2008-09-17,439547390.49,2.6689402,439375098.4,2223622.54,0.0,1
4794886000143,2008-09-18,439371551.18,2.6686116,439521866.57,200855.55,0.0,1
4794886000143,2008-09-19,441007524.91,2.6674332,439538037.77,210253.41,0.0,1
4794886000143,2008-09-22,442423751.55,2.6708394,441593483.83,1494176.15,0.0,1
4794886000143,2008-09-23,442480606.3,2.6722125,441853908.12,33403.74,0.0,1
4794886000143,2008-09-24,443649910.54,2.6730223,442851261.97,863448.43,0.0,1
4794886000143,2008-09-25,443799120.71,2.6741229,442852754.41,0.0,180853.58,1
4794886000143,2008-09-26,444503169.5,2.6759122000000004,443610068.76,461005.68,0.0,1
4794886000143,2008-09-29,445066340.64,2.677202,444262049.33,438152.51,0.0,1
4794886000143,2008-09-30,444089537.35,2.6778556,443003319.77,0.0,1367183.94,1
4794886000143,2008-10-01,444130824.31,2.6800238,443103924.44,0.0,258083.42,1
4794886000143,2008-10-02,443713727.52,2.6815182,443441128.72,90122.37,0.0,1
4794886000143,2008-10-03,444247442.33,2.6811109,443696060.27,322285.58,0.0,1
4794886000143,2008-10-06,443957791.96,2.6822752,443687038.74,0.0,201708.53,1
4794886000143,2008-10-07,444113511.03,2.6817509,443625601.28,25296.86,0.0,1
4794886000143,2008-10-08,443477937.62,2.6823686,442868444.25,0.0,859339.89,1
4794886000143,2008-10-09,443952458.54,2.6834728,443277002.45,226251.48,0.0,1
4794886000143,2008-10-10,444104412.92,2.6845858,444609173.66,1148316.64,0.0,1
4794886000143,2008-10-13,444355941.33,2.6786866000000003,444171829.17,539657.63,0.0,1
4794886000143,2008-10-14,444613370.28,2.6807795,444407682.94,0.0,111180.15,1
4794886000143,2008-10-15,445057056.21,2.681809,444830638.91,252285.88,0.0,1
4794886000143,2008-10-16,445977537.04,2.6830016,445729731.73,701274.51,0.0,1
4794886000143,2008-10-17,448351052.08,2.6839441,448081815.94,2195505.93,0.0,1
4794886000143,2008-10-20,447900116.67,2.6849662999999997,447609337.71,0.0,643126.29,1
4794886000143,2008-10-21,448399570.45,2.6863213,448087271.18,252027.2,0.0,1
4794886000143,2008-10-22,447726649.42,2.6866164,447392807.05,0.0,743686.95,1
4794886000143,2008-10-23,447138654.54,2.6829712000000003,446783302.15,0.0,2472.07,1
4794886000143,2008-10-24,446934617.8,2.6863641,446557784.42,0.0,790529.05,1
4794886000143,2008-10-27,446102447.68,2.6808843999999996,445704144.04,57267.24,0.0,1
4794886000143,2008-10-28,445939932.26,2.6837032,445520199.02,0.0,652591.34,1
4794886000143,2008-10-29,446840147.0,2.6884017000000004,446398992.92,98805.0,0.0,1
4794886000143,2008-10-30,447429656.52,2.6921853,446967039.75,0.0,60212.43,1
4794886000143,2008-10-31,441642434.11,2.6923625,441158327.46,0.0,5838125.91,1
4794886000143,2008-11-03,441353331.34,2.6921472,440848011.7,0.0,275032.53,1
4794886000143,2008-11-04,440363118.19,2.693954,440324197.99,0.0,819693.09,1
4794886000143,2008-11-05,441328390.74,2.6961741000000004,441267985.91,580926.19,0.0,1
4794886000143,2008-11-06,441416047.37,2.6969614,441334268.56,0.0,62582.25,1
4794886000143,2008-11-07,443245186.35,2.6981375,443143031.27,1616304.37,0.0,1
4794886000143,2008-11-10,442853085.97,2.7001470000000003,442729545.27,0.0,743522.05,1
4794886000143,2008-11-11,443605023.52,2.7011658,443460116.88,563532.54,0.0,1
4794886000143,2008-11-12,444138082.68,2.7025631000000003,443971775.32,282250.77,0.0,1
4794886000143,2008-11-13,447341137.8,2.7037811,447153405.35,2981542.06,0.0,1
4794886000143,2008-11-14,446514437.24,2.7043939,446305628.55,0.0,949125.83,1
4794886000143,2008-11-17,448861717.24,2.7057123,448631371.66,2108164.02,0.0,1
4794886000143,2008-11-18,450534861.32,2.7066924,450282868.1,1488983.46,0.0,1
4794886000143,2008-11-19,452881934.81,2.7074758,452608215.3,2195030.43,0.0,1
4794886000143,2008-11-20,453956403.25,2.7084929,453665019.73,886782.12,0.0,1
4794886000143,2008-11-21,455724641.12,2.7097691000000004,455411501.4,1532711.01,0.0,1
4794886000143,2008-11-24,456464288.38,2.7103931,456129237.82,612864.68,0.0,1
4794886000143,2008-11-25,456704254.17,2.7115236,456347257.68,27774.97,0.0,1
4794886000143,2008-11-26,457044808.43,2.7127565,456665855.64,111098.65,0.0,1
4794886000143,2008-11-27,461193902.64,2.7139546,460792978.37,3925429.13,0.0,1
4794886000143,2008-11-28,464882184.49,2.7154028,464459092.21,3420240.25,0.0,1
4794886000143,2008-12-01,470749770.5,2.7165499,470304335.63,5649027.64,0.0,1
4794886000143,2008-12-02,472249832.44,2.718497,472208549.55,1567131.45,0.0,1
4794886000143,2008-12-03,475740136.91,2.7209917000000003,475676142.4,3034243.48,0.0,1
4794886000143,2008-12-04,477255052.56,2.7224614,477168181.36,1235115.27,0.0,1
4794886000143,2008-12-05,478580191.63,2.7238605,478471417.59,1058016.08,0.0,1
4794886000143,2008-12-08,481546581.27,2.7258511000000003,481414834.13,2593758.33,0.0,1
4794886000143,2008-12-09,483541871.43,2.7272068,483387011.03,1732737.09,0.0,1
4794886000143,2008-12-10,485827967.19,2.7275606,485649899.56,2200175.51,0.0,1
4794886000143,2008-12-11,486770924.35,2.7284227000000003,486569541.76,766154.09,0.0,1
4794886000143,2008-12-12,490418037.33,2.729772,490193296.07,3383122.42,0.0,1
4794886000143,2008-12-15,494284085.89,2.7315918,494036627.6,3516540.32,0.0,1
4794886000143,2008-12-16,499571776.26,2.7319795,499300612.06,5193861.96,0.0,1
4794886000143,2008-12-17,505729100.31,2.7331830000000004,505433979.53,5913425.52,0.0,1
4794886000143,2008-12-18,511018663.85,2.7353214,510699294.42,4869862.77,0.0,1
4794886000143,2008-12-19,515059816.28,2.7380364,514715947.49,3509745.07,0.0,1
4794886000143,2008-12-22,521359946.48,2.7391841,520991387.04,6059694.37,0.0,1
4794886000143,2008-12-23,530882864.34,2.7408629,530489315.74,9178611.64,0.0,1
4794886000143,2008-12-24,537761022.9,2.7421541,537342032.23,6602816.33,0.0,1
4794886000143,2008-12-26,544936357.37,2.7434845,544491598.62,6888870.8,0.0,1
4794886000143,2008-12-29,547293147.21,2.744427,546822279.92,2143622.06,0.0,1
4794886000143,2008-12-30,553664218.25,2.7445022,553167131.45,6329873.52,0.0,1
4794886000143,2008-12-31,566588807.75,2.7458123,566065199.29,12634013.66,0.0,1
4794886000143,2009-01-02,566940864.07,2.7471463,566390119.77,49902.6,0.0,1
4794886000143,2009-01-05,567123151.4,2.7498457000000003,567070160.16,123496.23,0.0,1
4794886000143,2009-01-06,567689865.34,2.7519287,567609690.4,109962.03,0.0,1
4794886000143,2009-01-07,569295870.8,2.7522629000000003,569188486.47,1509862.67,0.0,1
4794886000143,2009-01-08,569235735.85,2.7524846000000003,569101408.53,0.0,132914.76,1
4794886000143,2009-01-09,569579380.32,2.7539373,569427219.44,25457.6,0.0,1
4794886000143,2009-01-12,570334113.33,2.7563333,570154728.08,232082.4,0.0,1
4794886000143,2009-01-13,569002195.27,2.7568773,568795395.4,0.0,1471854.2,1
4794886000143,2009-01-14,569448373.15,2.758622,569214298.08,58925.83,0.0,1
4794886000143,2009-01-15,569537195.8,2.7591490000000003,569275825.58,0.0,47215.03,1
4794886000143,2009-01-16,571300963.68,2.7602883,571012295.39,1501413.4,0.0,1
4794886000143,2009-01-19,572176611.04,2.7615229,571860561.97,592879.16,0.0,1
4794886000143,2009-01-20,572552710.99,2.7636584,572209278.1,0.0,93523.97,1
4794886000143,2009-01-21,571157193.03,2.7653828,570786328.56,0.0,1779975.59,1
4794886000143,2009-01-22,571840677.62,2.7663277,571442449.41,461095.1,0.0,1
4794886000143,2009-01-23,573031501.67,2.7680923,572605878.43,798908.11,0.0,1
4794886000143,2009-01-26,573631273.75,2.768916,573178200.08,401938.41,0.0,1
4794886000143,2009-01-27,574022702.11,2.7694918,573542126.48,244721.07,0.0,1
4794886000143,2009-01-28,574120179.93,2.7712169,573612133.56,0.0,287231.96,1
4794886000143,2009-01-29,575230688.51,2.7750792,574695143.8,283543.83,0.0,1
4794886000143,2009-01-30,575892145.69,2.775754,575329051.06,494158.3,0.0,1
4794886000143,2009-02-02,576713426.24,2.7777151,576122751.5,387234.42,0.0,1
4794886000143,2009-02-03,576634453.7,2.7788072,576586505.7,237237.42,0.0,1
4794886000143,2009-02-04,577690993.01,2.7805102,577615405.02,675545.31,0.0,1
4794886000143,2009-02-05,577389782.29,2.7814048,577286505.33,0.0,514740.19,1
4794886000143,2009-02-06,578021431.21,2.7825342999999996,577890822.51,369885.33,0.0,1
4794886000143,2009-02-09,578698976.24,2.7840377999999997,578540662.74,337584.45,0.0,1
4794886000143,2009-02-10,580341387.05,2.7848627,580155337.8,1443244.86,0.0,1
4794886000143,2009-02-11,581030993.01,2.7858419,580817131.13,457798.34,0.0,1
4794886000143,2009-02-12,581185372.63,2.7868681,580943666.59,0.0,87406.03,1
4794886000143,2009-02-13,579195755.09,2.7879695,578926198.89,0.0,2247054.32,1
4794886000143,2009-02-16,579404890.79,2.7899891,579108216.85,0.0,237360.42,1
4794886000143,2009-02-17,579449505.09,2.7912526,579125066.86,0.0,245412.02,1
4794886000143,2009-02-18,579943400.9,2.7925325,579591197.57,200576.13,0.0,1
4794886000143,2009-02-19,579593597.4,2.7937624,579213606.78,0.0,632862.12,1
4794886000143,2009-02-20,582641328.7,2.7955427000000004,582233568.77,2650859.65,0.0,1
4794886000143,2009-02-25,583598190.77,2.7967577,583162517.72,675907.07,0.0,1
4794886000143,2009-02-26,581522972.44,2.7980753,581059342.04,0.0,2377911.38,1
4794886000143,2009-02-27,582300985.01,2.7997499,581809497.4,402404.87,0.0,1
4794886000143,2009-03-02,583174862.79,2.8012993,582655482.26,524011.77,0.0,1
4794886000143,2009-03-03,583186712.42,2.8027137000000004,583135765.69,186088.76,0.0,1
4794886000143,2009-03-04,583732714.44,2.8038431,583653811.61,283067.18,0.0,1
4794886000143,2009-03-05,582676585.47,2.8050666,582569690.89,0.0,1338821.6,1
4794886000143,2009-03-06,582776432.66,2.8066919,582641961.54,0.0,265274.47,1
4794886000143,2009-03-09,583240527.72,2.8084966,583078078.01,61487.44,0.0,1
4794886000143,2009-03-10,584188073.38,2.8103736,583997624.35,529859.45,0.0,1
4794886000143,2009-03-11,584443532.08,2.8115986,584225039.92,0.0,27144.06,1
4794886000143,2009-03-12,582736405.54,2.8129187,582489859.42,0.0,2009490.15,1
4794886000143,2009-03-13,582729225.34,2.8140367000000004,582454951.41,0.0,266427.45,1
4794886000143,2009-03-16,583478952.11,2.8151263,583176757.23,496283.54,0.0,1
4794886000143,2009-03-17,584922946.23,2.8161821,584592796.01,1197323.83,0.0,1
4794886000143,2009-03-18,585806123.71,2.8175382,585447950.73,573659.36,0.0,1
4794886000143,2009-03-19,588295691.32,2.8192263,587909454.84,2110734.24,0.0,1
4794886000143,2009-03-20,589803160.85,2.8204777,589388743.67,1218321.43,0.0,1
4794886000143,2009-03-23,590238226.33,2.821634,589795558.02,165175.57,0.0,1
4794886000143,2009-03-24,590871055.43,2.8224115000000003,590400116.6,442050.28,0.0,1
4794886000143,2009-03-25,592505784.46,2.8230525,592006546.32,1472341.54,0.0,1
4794886000143,2009-03-26,595326552.1,2.8242138,594798938.16,2548859.28,0.0,1
4794886000143,2009-03-27,597184012.03,2.8256523,596627889.31,1526000.45,0.0,1
4794886000143,2009-03-30,601210611.43,2.8264495,600625892.85,3829674.67,0.0,1
4794886000143,2009-03-31,604275622.78,2.8242811000000003,603662117.96,3497017.28,0.0,1
4794886000143,2009-04-01,609276368.67,2.8255237999999996,608633933.02,4706187.27,0.0,1
4794886000143,2009-04-02,610783296.12,2.826674,610726334.91,1844649.88,0.0,1
4794886000143,2009-04-03,613600447.28,2.8273978,613514218.81,2631504.86,0.0,1
4794886000143,2009-04-06,614127971.59,2.8281951000000003,614012302.71,325072.14,0.0,1
4794886000143,2009-04-07,614522554.43,2.8295101000000003,614377860.38,80066.69,0.0,1
4794886000143,2009-04-08,614424059.96,2.8304144,614249919.13,0.0,324288.37,1
4794886000143,2009-04-09,614228354.69,2.8313081,614029495.75,0.0,414377.4,1
4794886000143,2009-04-13,618382881.75,2.8324694999999998,618154667.59,3873312.24,0.0,1
4794886000143,2009-04-14,619956582.18,2.8333385,619698816.36,1354498.01,0.0,1
4794886000143,2009-04-15,620606746.48,2.8352513999999998,620319993.77,202791.57,0.0,1
4794886000143,2009-04-16,624141870.24,2.8365387,623825463.17,3223816.65,0.0,1
4794886000143,2009-04-17,625427245.93,2.837341,625081017.57,1079109.7,0.0,1
4794886000143,2009-04-20,627186326.03,2.837602,626810216.59,1671702.25,0.0,1
4794886000143,2009-04-22,627865713.74,2.8386431,627459640.89,419447.13,0.0,1
4794886000143,2009-04-23,629073170.82,2.840461,628637103.62,775627.32,0.0,1
4794886000143,2009-04-24,630499742.45,2.8415983,630033624.87,1144814.87,0.0,1
4794886000143,2009-04-27,627855187.43,2.8423376,627358952.9,0.0,2838587.79,1
4794886000143,2009-04-28,629220581.62,2.8433061,628694357.53,1121643.12,0.0,1
4794886000143,2009-04-29,630914168.73,2.8449088,630357891.5,1309146.0,0.0,1
4794886000143,2009-04-30,633198006.15,2.8461162,632611596.56,1986179.19,0.0,1
4794886000143,2009-05-04,639610711.63,2.8470214,638994062.36,6181282.99,0.0,1
4794886000143,2009-05-05,640100008.37,2.8482322,640043274.48,777449.5,0.0,1
4794886000143,2009-05-06,640818774.97,2.8493562000000003,640731447.52,435591.74,0.0,1
4794886000143,2009-05-07,642089974.03,2.8504400000000003,641972020.23,996858.35,0.0,1
4794886000143,2009-05-08,643099960.38,2.8519307,642951760.13,644006.22,0.0,1
4794886000143,2009-05-11,643920650.19,2.8530428,643741717.88,539244.36,0.0,1
4794886000143,2009-05-12,645786789.98,2.8545033,645577087.98,1505831.45,0.0,1
4794886000143,2009-05-13,646417894.63,2.8558086,646177335.55,305035.42,0.0,1
4794886000143,2009-05-14,644221796.25,2.857056,643950351.5,0.0,2509222.21,1
4794886000143,2009-05-15,644300112.74,2.8586035,643997888.38,0.0,301251.2,1
4794886000143,2009-05-18,644732899.19,2.8599655,644399892.95,95163.22,0.0,1
4794886000143,2009-05-19,644095293.28,2.8614585,643731486.01,0.0,1004802.56,1
4794886000143,2009-05-20,645065990.11,2.8623487,644671413.65,739652.37,0.0,1
4794886000143,2009-05-21,645161174.34,2.8637648,644735783.91,0.0,254563.16,1
4794886000143,2009-05-22,649349782.32,2.8635035,648893574.88,4216603.27,0.0,1
4794886000143,2009-05-25,650820624.67,2.8647254,650333402.23,1162937.3,0.0,1
4794886000143,2009-05-26,653435036.12,2.8660238,652916730.1,2288582.89,0.0,1
4794886000143,2009-05-27,654241078.11,2.8674126,653691565.51,458447.37,0.0,1
4794886000143,2009-05-28,656791191.75,2.8678238,656210435.66,2425116.75,0.0,1
4794886000143,2009-05-29,657909414.74,2.86918,657297295.21,776549.87,0.0,1
4794886000143,2009-06-01,659370311.88,2.8708178,658726777.16,1054267.21,0.0,1
4794886000143,2009-06-02,659406525.02,2.8726636,659345808.62,195518.59,0.0,1
4794886000143,2009-06-03,660015813.94,2.8738416,659923584.81,307393.97,0.0,1
4794886000143,2009-06-04,660416119.09,2.8747671,660292349.71,156229.04,0.0,1
4794886000143,2009-06-05,661573096.87,2.8759556,661418208.66,852887.02,0.0,1
4794886000143,2009-06-08,662417137.9,2.8759111,662230639.31,822662.22,0.0,1
4794886000143,2009-06-09,664330123.9,2.8763039,664111976.25,1790879.16,0.0,1
4794886000143,2009-06-10,664013645.12,2.8750547,663763758.82,0.0,59776.11,1
4794886000143,2009-06-12,665386220.47,2.8757862000000003,665104612.12,1171968.18,0.0,1
4794886000143,2009-06-15,665961262.97,2.8781382,665648586.27,0.0,0.0,1
4794886000143,2009-06-16,669984734.61,2.8793528999999998,669640246.23,3710725.78,0.0,1
4794886000143,2009-06-17,671583283.12,2.8808787999999996,671206792.71,1211683.35,0.0,1
4794886000143,2009-06-18,671446096.01,2.8818460999999997,671037529.08,0.0,394630.81,1
4794886000143,2009-06-19,673238397.54,2.8817486,672797762.19,1782930.91,0.0,1
4794886000143,2009-06-22,673763660.53,2.882272,673290872.93,370919.22,0.0,1
4794886000143,2009-06-23,675831002.4,2.8833973999999998,675326039.07,1772276.63,0.0,1
4794886000143,2009-06-24,676913289.14,2.8848773,676376053.14,703414.32,0.0,1
4794886000143,2009-06-25,682016717.24,2.8858298,681447158.59,4847786.52,0.0,1
4794886000143,2009-06-26,687102883.53,2.8868843999999996,686500760.74,4804571.0,0.0,1
4794886000143,2009-06-29,693498544.22,2.8881292000000003,692863616.66,6066830.57,0.0,1
4794886000143,2009-06-30,701869679.14,2.8883463,701201643.93,8285949.62,0.0,1
4794886000143,2009-07-01,711943554.0,2.8892534,711242013.84,9820161.93,0.0,1
4794886000143,2009-07-02,716620419.04,2.8905726,716553865.01,4987103.77,0.0,1
4794886000143,2009-07-03,716971007.75,2.8918487,716870217.84,0.0,0.0,1
4794886000143,2009-07-06,715789715.88,2.8929824,715654675.0,0.0,1496562.8,1
4794886000143,2009-07-07,718269732.77,2.8939904,718100937.82,2196894.78,0.0,1
4794886000143,2009-07-08,718506254.16,2.8953763,718303170.56,0.0,141641.21,1
4794886000143,2009-07-09,712709921.25,2.8966644,712472539.37,0.0,6150192.96,1
4794886000143,2009-07-10,713346890.57,2.897595,713080839.69,379388.69,0.0,1
4794886000143,2009-07-13,713167042.96,2.8991584,712866894.08,0.0,598684.19,1
4794886000143,2009-07-14,709769584.5,2.8994539,709435347.82,0.0,3504193.82,1
4794886000143,2009-07-15,711144688.63,2.9008876,710776527.56,990366.98,0.0,1
4794886000143,2009-07-16,700794307.79,2.9016877999999995,700392158.46,0.0,10580434.04,1
4794886000143,2009-07-17,700686040.95,2.9025991,700250397.83,0.0,361718.77,1
4794886000143,2009-07-20,701810499.84,2.9039936,701341369.73,754558.94,0.0,1
4794886000143,2009-07-21,704503045.71,2.9050016,704000376.69,2415550.8,0.0,1
4794886000143,2009-07-22,706491172.99,2.9060357000000003,705954838.32,1703871.0,0.0,1
4794886000143,2009-07-23,706774340.19,2.9068308,706204246.87,56254.31,0.0,1
4794886000143,2009-07-24,706846416.07,2.9068946,706242552.22,22789.55,0.0,1
4794886000143,2009-07-27,708869581.97,2.9081499,708231945.76,1684423.94,0.0,1
4794886000143,2009-07-28,709776206.34,2.90921,709104703.05,614585.9,0.0,1
4794886000143,2009-07-29,712140566.49,2.9099217,711435154.55,2156971.49,0.0,1
4794886000143,2009-07-30,714028330.49,2.9109534,713288898.93,1601508.95,0.0,1
4794886000143,2009-07-31,716440197.85,2.9112542,715666658.4,2304060.52,0.0,1
4794886000143,2009-08-03,725531756.54,2.9122548,724723995.97,8811368.77,0.0,1
4794886000143,2009-08-04,725108636.8,2.9132894,725043509.76,62042.82,0.0,1
4794886000143,2009-08-05,725941450.76,2.9141534,725841656.09,583110.07,0.0,1
4794886000143,2009-08-06,727226192.92,2.9148529,727091692.6,1075821.84,0.0,1
4794886000143,2009-08-07,727064574.28,2.9156232,726896178.92,0.0,387672.75,1
4794886000143,2009-08-10,727197049.57,2.916284,726993939.8,0.0,66965.13,1
4794886000143,2009-08-11,727574364.86,2.9171651,727336480.21,122872.1,0.0,1
4794886000143,2009-08-12,728069679.47,2.9180474,727797003.63,240540.05,0.0,1
4794886000143,2009-08-13,728498053.36,2.9191222000000003,728190564.4,125499.77,0.0,1
4794886000143,2009-08-14,730026389.23,2.9204499,729685512.93,1163745.86,0.0,1
4794886000143,2009-08-17,730788754.38,2.9218283,730412246.56,382338.49,0.0,1
4794886000143,2009-08-18,732102574.94,2.9229853,731691127.89,989648.16,0.0,1
4794886000143,2009-08-19,732902331.47,2.9237562,732455884.31,571775.32,0.0,1
4794886000143,2009-08-20,733516090.07,2.9249185,733034606.39,287549.45,0.0,1
4794886000143,2009-08-21,733870676.68,2.9256363999999997,733354128.91,139602.67,0.0,1
4794886000143,2009-08-24,734868098.75,2.9260121,734316471.67,868164.77,0.0,1
4794886000143,2009-08-25,736150856.42,2.9271916,735564104.22,951624.14,0.0,1
4794886000143,2009-08-26,737858951.33,2.9279126,737237014.59,1491740.69,0.0,1
4794886000143,2009-08-27,739542580.91,2.928846,738885379.98,1413342.29,0.0,1
4794886000143,2009-08-28,742988788.68,2.9297382,742296245.05,3185773.4,0.0,1
4794886000143,2009-08-31,742328077.05,2.9302,741600028.3,0.0,813204.81,1
4794886000143,2009-09-01,746680627.26,2.9312876,745917106.54,4041808.76,0.0,1
4794886000143,2009-09-02,746613314.75,2.9324603,746544331.47,328801.53,0.0,1
4794886000143,2009-09-03,748327350.59,2.9333151,748222659.89,1460710.49,0.0,1
4794886000143,2009-09-04,750404512.95,2.934167,750264034.92,1824084.3,0.0,1
4794886000143,2009-09-08,751587431.93,2.9353403,751412185.35,848136.97,0.0,1
4794886000143,2009-09-09,755048267.64,2.9363035,754837048.78,3178299.03,0.0,1
4794886000143,2009-09-10,756681124.5,2.9373486,756433770.27,1328053.5,0.0,1
4794886000143,2009-09-11,757219697.41,2.938375,756936131.76,238054.23,0.0,1
4794886000143,2009-09-14,759258756.23,2.9394782000000004,758938955.25,1718633.36,0.0,1
4794886000143,2009-09-15,761612290.03,2.9403623,761256158.35,2088927.94,0.0,1
4794886000143,2009-09-16,763124718.27,2.9410231,762732145.55,1304909.55,0.0,1
4794886000143,2009-09-17,764773701.64,2.9409377999999995,764344617.58,1634587.29,0.0,1
4794886000143,2009-09-18,766441382.7,2.9418749,765975710.53,1387539.42,0.0,1
4794886000143,2009-09-21,745988713.09,2.9427815,745486375.14,0.0,20725364.73,1
4794886000143,2009-09-22,748285313.66,2.9427196,747747285.61,2276572.49,0.0,1
4794886000143,2009-09-23,748032938.36,2.9442746,747459112.54,0.0,683291.89,1
4794886000143,2009-09-24,748491263.47,2.9448603,747881653.62,273844.45,0.0,1
4794886000143,2009-09-25,748447126.72,2.9452055,747801061.34,0.0,168256.5,1
4794886000143,2009-09-28,749969970.44,2.9461942000000003,749288104.68,1235996.69,0.0,1
4794886000143,2009-09-29,751979797.5,2.9474895,751262060.65,1644530.0,0.0,1
4794886000143,2009-09-30,753628417.87,2.9484236,752874715.89,1374583.13,0.0,1
4794886000143,2009-10-01,755628286.36,2.949147,754838542.45,1779095.64,0.0,1
4794886000143,2009-10-02,756023880.8,2.9500839,755950493.84,872155.63,0.0,1
4794886000143,2009-10-05,756834992.42,2.951553,756726068.43,399122.88,0.0,1
4794886000143,2009-10-06,760175282.5,2.95257,760030133.26,3043322.74,0.0,1
4794886000143,2009-10-07,760705621.88,2.9531617000000003,760525956.29,343510.69,0.0,1
4794886000143,2009-10-08,761570942.9,2.9539313,761354896.88,630750.45,0.0,1
4794886000143,2009-10-09,766436378.68,2.9543917,766189308.61,4715759.84,0.0,1
4794886000143,2009-10-13,769178158.73,2.9553055,768894434.41,2468142.7,0.0,1
4794886000143,2009-10-14,772832094.18,2.9561224,772511586.8,3404602.77,0.0,1
4794886000143,2009-10-15,776735367.06,2.9573287999999995,776378622.37,3551781.38,0.0,1
4794886000143,2009-10-16,778337726.93,2.957826,777943843.21,1434680.23,0.0,1
4794886000143,2009-10-19,781123998.33,2.9585656000000005,780692901.03,2554543.82,0.0,1
4794886000143,2009-10-20,785109658.47,2.9590191000000003,784641216.7,3828633.48,0.0,1
4794886000143,2009-10-21,787282267.27,2.9602793,786776292.99,1800928.34,0.0,1
4794886000143,2009-10-22,789617398.8,2.9612122000000003,789073790.43,2049531.76,0.0,1
4794886000143,2009-10-23,791853051.84,2.9622026000000004,791271699.83,1933998.13,0.0,1
4794886000143,2009-10-26,795629868.6,2.963285700000001,795010668.36,3449669.41,0.0,1
4794886000143,2009-10-27,798610901.01,2.964203,797953674.49,2696900.56,0.0,1
4794886000143,2009-10-28,802628433.69,2.9653375,801933040.75,3673957.44,0.0,1
4794886000143,2009-10-29,805459278.82,2.9663619999999997,804725530.04,2515420.61,0.0,1
4794886000143,2009-10-30,818799551.63,2.9672281000000003,818027313.88,13066829.7,0.0,1
4794886000143,2009-11-03,834422847.29,2.967844,833611487.24,15414383.05,0.0,1
4794886000143,2009-11-04,835785265.3,2.9690996,835710054.98,1745890.49,0.0,1
4794886000143,2009-11-05,837994803.44,2.9701958,837879628.77,1861021.9,0.0,1
4794886000143,2009-11-06,840452490.36,2.9711678,840297248.03,2143437.37,0.0,1
4794886000143,2009-11-09,844439530.91,2.9721579,844245429.19,3668151.92,0.0,1
4794886000143,2009-11-10,848108301.84,2.9727989,847873823.22,3446322.06,0.0,1
4794886000143,2009-11-11,854268183.18,2.9735388,853993154.87,5908305.17,0.0,1
4794886000143,2009-11-12,858023706.06,2.9741353,857707836.67,3543355.1,0.0,1
4794886000143,2009-11-13,862936324.79,2.9745651,862579437.43,4747666.64,0.0,1
4794886000143,2009-11-16,865846131.33,2.9750432,865447994.01,2729903.6,0.0,1
4794886000143,2009-11-17,869440094.08,2.9761027,869000570.21,3244384.32,0.0,1
4794886000143,2009-11-18,872360706.23,2.9775282,871879626.64,2462816.17,0.0,1
4794886000143,2009-11-19,875070353.52,2.9784663,874547581.1,2393262.15,0.0,1
4794886000143,2009-11-20,880902866.04,2.9794532000000005,880338273.76,5500889.62,0.0,1
4794886000143,2009-11-23,885025478.47,2.9804,884418790.57,3800769.73,0.0,1
4794886000143,2009-11-24,887845653.72,2.9812881,887196675.9,2514341.63,0.0,1
4794886000143,2009-11-25,893281516.01,2.9822990000000003,892590115.98,5092612.81,0.0,1
4794886000143,2009-11-26,901412963.69,2.9831392999999995,900678884.63,7837268.63,0.0,1
4794886000143,2009-11-27,908956164.77,2.9837334,908179021.49,7320760.5,0.0,1
4794886000143,2009-11-30,925200712.7,2.9846247000000004,924382976.68,15932672.7,0.0,1
4794886000143,2009-12-01,939778068.92,2.9853697999999995,938913311.29,14299584.73,0.0,1
4794886000143,2009-12-02,944233512.87,2.9864718,944146070.48,4886158.94,0.0,1
4794886000143,2009-12-03,946560693.98,2.9871346,946428117.51,2072511.12,0.0,1
4794886000143,2009-12-04,949058884.6,2.9877856,948881065.36,2246690.12,0.0,1
4794886000143,2009-12-07,951545106.96,2.9884908,951323310.85,2218295.77,0.0,1
4794886000143,2009-12-08,953914598.18,2.9896962000000005,953647271.58,1940225.17,0.0,1
4794886000143,2009-12-09,958915049.89,2.9903003,958602082.15,4762110.88,0.0,1
4794886000143,2009-12-10,962966643.27,2.9911506,962607787.33,3733124.12,0.0,1
4794886000143,2009-12-11,962504050.75,2.9922982000000005,962099115.86,0.0,877971.57,1
4794886000143,2009-12-14,966629306.02,2.9932914,966178316.43,3759851.42,0.0,1
4794886000143,2009-12-15,968904852.5,2.9942541,968407631.04,1918590.8,0.0,1
4794886000143,2009-12-16,971234796.46,2.9948985,970691236.95,2075168.14,0.0,1
4794886000143,2009-12-17,972713720.05,2.9956544,972123713.77,1187499.24,0.0,1
4794886000143,2009-12-18,976495464.72,2.9967292000000003,975858943.45,3386426.19,0.0,1
4794886000143,2009-12-21,982159296.24,2.9977967999999997,981476170.88,5269572.05,0.0,1
4794886000143,2009-12-22,986029356.89,2.9987573,985299282.3,3508666.58,0.0,1
4794886000143,2009-12-23,992497027.3,2.9998862,991719821.4,6049615.14,0.0,1
4794886000143,2009-12-24,996586414.29,3.0007099999999998,995761410.3,3769236.63,0.0,1
4794886000143,2009-12-28,1002451621.88,3.0016667,1001579323.68,5500442.44,0.0,1
4794886000143,2009-12-29,1005820253.9,3.0024666,1004899666.93,3053437.53,0.0,1
4794886000143,2009-12-30,1016308823.36,3.0032145,1015341234.0,10191269.06,0.0,1
4794886000143,2009-12-31,1016597165.1,3.0039236000000002,1015580992.77,0.0,0.0,1
4794886000143,2010-01-04,1025103214.71,3.0048842,1024038447.98,8132694.69,0.0,1
4794886000143,2010-01-05,1024659424.33,3.0060764,1024560916.07,116190.81,0.0,1
4794886000143,2010-01-06,1025837035.6,3.0072473,1025689505.33,729492.33,0.0,1
4794886000143,2010-01-07,1020995396.28,3.0085005,1020798785.78,0.0,5318144.94,1
4794886000143,2010-01-08,1020788889.34,3.0094479,1020551557.15,0.0,568679.2,1
4794886000143,2010-01-11,1020713470.17,3.0105985,1020427428.99,0.0,514319.57,1
4794886000143,2010-01-12,1022397100.73,3.0115013,1022062324.52,1328893.49,0.0,1
4794886000143,2010-01-13,1023681017.95,3.0123309,1023297428.83,953567.78,0.0,1
4794886000143,2010-01-14,1023132523.97,3.0135143,1022700063.13,0.0,999386.24,1
4794886000143,2010-01-15,1023195392.88,3.0143724,1022714088.76,0.0,277195.0,1
4794886000143,2010-01-18,1024442727.55,3.0153263,1023912579.51,874844.88,0.0,1
4794886000143,2010-01-19,1024170271.67,3.0161372,1023591222.63,0.0,596712.17,1
4794886000143,2010-01-20,1025080076.24,3.0169045,1024452186.16,600574.09,0.0,1
4794886000143,2010-01-21,1024807441.4,3.0177222,1024130629.08,0.0,599229.67,1
4794886000143,2010-01-22,1027946164.59,3.0183151,1027220445.34,2888618.17,0.0,1
4794886000143,2010-01-25,1028436367.02,3.0191298,1027661593.72,163878.8,0.0,1
4794886000143,2010-01-26,1029493985.95,3.0201417,1028670137.58,664117.05,0.0,1
4794886000143,2010-01-27,1029258774.16,3.02087,1028385802.69,0.0,532401.82,1
4794886000143,2010-01-28,1033429871.29,3.0217471,1032507790.28,3823386.7,0.0,1
4794886000143,2010-01-29,1036818357.49,3.0227035,1035846970.64,3012377.54,0.0,1
4794886000143,2010-02-01,1037672938.62,3.0235640999999998,1036652086.92,510199.57,0.0,1
4794886000143,2010-02-02,1036305445.32,3.0245986,1036210469.2,0.0,796299.07,1
4794886000143,2010-02-03,1036802827.66,3.0255432,1036658369.38,124281.09,0.0,1
4794886000143,2010-02-04,1036893158.64,3.0265921000000002,1036699196.87,0.0,318545.83,1
4794886000143,2010-02-05,1037045955.68,3.0277116000000004,1036803096.09,0.0,279553.6,1
4794886000143,2010-02-08,1037351667.7,3.0287849,1037059169.12,0.0,111464.61,1
4794886000143,2010-02-09,1035832511.18,3.0299063999999998,1035490361.4,0.0,1952825.19,1
4794886000143,2010-02-10,1035152671.53,3.0308161,1034760945.3,0.0,1040327.53,1
4794886000143,2010-02-11,1034995791.49,3.0318264,1034554523.52,0.0,551346.3,1
4794886000143,2010-02-12,1035746708.8,3.0327603,1035255908.93,382715.74,0.0,1
4794886000143,2010-02-17,1036459004.9,3.0338724999999998,1035919360.47,283813.15,0.0,1
4794886000143,2010-02-18,1036494445.91,3.0349467,1035905207.74,0.0,380941.52,1
4794886000143,2010-02-19,1036727627.2,3.0358876,1036088795.98,0.0,137591.56,1
4794886000143,2010-02-22,1037390397.84,3.0368359000000003,1036702078.08,289667.51,0.0,1
4794886000143,2010-02-23,1038758966.37,3.0377329,1038021028.19,1012723.49,0.0,1
4794886000143,2010-02-24,1041393295.89,3.0386488,1040605676.47,2271679.06,0.0,1
4794886000143,2010-02-25,1042670291.51,3.0394916000000003,1041832867.79,938563.4,0.0,1
4794886000143,2010-02-26,1044080380.04,3.040279,1043193093.56,1090331.57,0.0,1
4794886000143,2010-03-01,1044790496.02,3.0409846000000003,1043853282.03,418072.34,0.0,1
4794886000143,2010-03-02,1046031022.28,3.0418288,1045932471.53,1789437.82,0.0,1
4794886000143,2010-03-03,1046605288.99,3.0428011,1046456680.27,189872.04,0.0,1
4794886000143,2010-03-04,1046968185.99,3.043662,1046769494.34,16721.62,0.0,1
4794886000143,2010-03-05,1047247562.34,3.0445331,1047001436.94,0.0,67635.47,1
4794886000143,2010-03-08,1046506949.24,3.0453594,1046210790.04,0.0,1074807.41,1
4794886000143,2010-03-09,1046726039.12,3.046041,1046379883.76,0.0,65068.05,1
4794886000143,2010-03-10,1046524524.56,3.0469973,1046128364.99,0.0,580006.97,1
4794886000143,2010-03-11,1046861101.12,3.0479226,1046414949.32,0.0,31114.63,1
4794886000143,2010-03-12,1047672531.14,3.0488086,1047176373.46,457247.68,0.0,1
4794886000143,2010-03-15,1048388237.02,3.049819,1047842037.2,318630.05,0.0,1
4794886000143,2010-03-16,1050659981.42,3.0508558,1050063707.75,1865426.17,0.0,1
4794886000143,2010-03-17,1050710317.83,3.0518535,1050063864.53,0.0,343239.61,1
4794886000143,2010-03-18,1052186099.71,3.0528686,1051489466.77,1076352.22,0.0,1
4794886000143,2010-03-19,1052973429.52,3.0541073,1052226549.06,310419.7,0.0,1
4794886000143,2010-03-22,1053890146.73,3.054979,1053092969.05,566094.37,0.0,1
4794886000143,2010-03-23,1055045491.26,3.0557625,1054197975.11,834945.56,0.0,1
4794886000143,2010-03-24,1054768755.6,3.0567348,1053870848.36,0.0,662565.56,1
4794886000143,2010-03-25,1055150891.41,3.057567,1054202608.64,44856.44,0.0,1
4794886000143,2010-03-26,1055703537.25,3.058394,1054704851.5,217079.9,0.0,1
4794886000143,2010-03-29,1056710866.57,3.0593482000000005,1055661753.87,627842.53,0.0,1
4794886000143,2010-03-30,1058616397.3,3.0603537,1057516812.1,1508096.53,0.0,1
4794886000143,2010-03-31,1059409624.5,3.061462,1058259478.5,359688.03,0.0,1
4794886000143,2010-04-01,1062550048.68,3.062441,1061349306.51,2751434.86,0.0,1
4794886000143,2010-04-05,1060173545.19,3.0634702000000003,1060071604.91,0.0,1634403.13,1
4794886000143,2010-04-06,1061074145.34,3.0644057,1060921522.57,526203.35,0.0,1
4794886000143,2010-04-07,1062585248.59,3.0653405,1062381902.87,1136752.99,0.0,1
4794886000143,2010-04-08,1060938787.95,3.0662675999999998,1060686327.48,0.0,2016882.22,1
4794886000143,2010-04-09,1062858473.88,3.0673694,1062560603.89,1493138.34,0.0,1
4794886000143,2010-04-12,1062897163.18,3.0680565,1062548480.1,0.0,250139.96,1
4794886000143,2010-04-13,1065741757.86,3.0689808999999997,1065342262.28,2473620.19,0.0,1
4794886000143,2010-04-14,1067386076.26,3.0695329,1066935635.12,1401764.11,0.0,1
4794886000143,2010-04-15,1068449972.55,3.0697766,1067949228.04,928883.92,0.0,1
4794886000143,2010-04-16,1071421178.67,3.0703111,1070869364.92,2734185.34,0.0,1
4794886000143,2010-04-19,1075070789.72,3.0712069,1074467767.67,3285974.19,0.0,1
4794886000143,2010-04-20,1078854968.07,3.0717571,1078200566.38,3540305.46,0.0,1
4794886000143,2010-04-22,1078891127.23,3.0722959999999997,1078185168.14,0.0,204559.8,1
4794886000143,2010-04-23,1081920321.69,3.0732879,1081162805.93,2629551.28,0.0,1
4794886000143,2010-04-26,1083930256.35,3.0744741,1083121042.12,1540933.44,0.0,1
4794886000143,2010-04-27,1086634121.86,3.0751852000000004,1085773115.93,2401556.8,0.0,1
4794886000143,2010-04-28,1085796910.25,3.0757811,1084883986.32,0.0,1099506.63,1
4794886000143,2010-04-29,1086742261.16,3.0767211,1085777461.59,561904.67,0.0,1
4794886000143,2010-04-30,1088993711.49,3.0780282000000003,1087976993.68,1738242.09,0.0,1
4794886000143,2010-05-03,1091092222.54,3.0788468,1090023481.79,1757140.39,0.0,1
4794886000143,2010-05-04,1091508454.79,3.0797804,1091407186.37,1053176.77,0.0,1
4794886000143,2010-05-05,1093979212.15,3.0805957000000004,1093825757.44,2129650.67,0.0,1
4794886000143,2010-05-06,1096318971.88,3.0811957000000003,1096113215.71,2074415.13,0.0,1
4794886000143,2010-05-07,1095780577.39,3.0817786,1095524111.2,0.0,796473.2,1
4794886000143,2010-05-10,1099608096.85,3.0825545,1099299251.48,3499319.12,0.0,1
4794886000143,2010-05-11,1100845967.55,3.0836826,1100484563.24,783032.25,0.0,1
4794886000143,2010-05-12,1102783532.8,3.0849608,1102369513.05,1428780.89,0.0,1
4794886000143,2010-05-13,1104906366.94,3.0865461,1104439642.03,1503650.39,0.0,1
4794886000143,2010-05-14,1110071512.74,3.0878369,1109551984.08,4650461.79,0.0,1
4794886000143,2010-05-17,1111461571.76,3.0888533,1110888995.92,971797.68,0.0,1
4794886000143,2010-05-18,1113704431.2,3.0911623,1113078744.48,1359334.43,0.0,1
4794886000143,2010-05-19,1115025069.95,3.0920437,1114346168.1,950035.03,0.0,1
4794886000143,2010-05-20,1116108799.52,3.0927789,1115376622.21,765502.43,0.0,1
4794886000143,2010-05-21,1114570678.43,3.0938589,1113785176.55,0.0,1980949.82,1
4794886000143,2010-05-24,1116623675.03,3.0948729,1115784924.37,1634700.96,0.0,1
4794886000143,2010-05-25,1118088688.81,3.09572,1117196594.16,1106290.67,0.0,1
4794886000143,2010-05-26,1119251913.53,3.0965766,1118306407.66,800652.66,0.0,1
4794886000143,2010-05-27,1123976668.98,3.0975409,1122977699.05,4323073.93,0.0,1
4794886000143,2010-05-28,1125024260.96,3.0985585,1123971604.5,624971.72,0.0,1
4794886000143,2010-05-31,1128281693.45,3.0995352,1127175303.15,2849412.76,0.0,1
4794886000143,2010-06-01,1139558879.92,3.1005041,1138398603.22,10870930.0,0.0,1
4794886000143,2010-06-02,1140146915.44,3.1016754,1140038728.81,1210088.59,0.0,1
4794886000143,2010-06-04,1142277360.77,3.1028752999999996,1142114675.18,1634892.38,0.0,1
4794886000143,2010-06-07,1143586271.87,3.1040392999999997,1143368988.49,825863.82,0.0,1
4794886000143,2010-06-08,1145054820.65,3.105142,1144784599.29,1009462.52,0.0,1
4794886000143,2010-06-09,1147176440.43,3.1060882999999997,1146851489.55,1717999.97,0.0,1
4794886000143,2010-06-10,1148804890.03,3.1070425999999998,1148425111.21,1221265.13,0.0,1
4794886000143,2010-06-11,1150775997.78,3.1082194,1150341316.08,1481236.58,0.0,1
4794886000143,2010-06-14,1153123293.33,3.1092502,1152633617.51,1910817.96,0.0,1
4794886000143,2010-06-15,1159275160.98,3.1103383,1158731100.66,5694118.71,0.0,1
4794886000143,2010-06-16,1160686555.93,3.1112984,1160087103.17,998317.27,0.0,1
4794886000143,2010-06-17,1163365007.58,3.1124937999999998,1162710097.79,2177258.29,0.0,1
4794886000143,2010-06-18,1164371527.74,3.1135625,1163661036.04,551714.0,0.0,1
4794886000143,2010-06-21,1164547091.4,3.1147632,1163780972.5,0.0,328801.12,1
4794886000143,2010-06-22,1167584787.74,3.115935,1166763035.92,2544235.19,0.0,1
4794886000143,2010-06-23,1165644415.39,3.117092,1164766888.67,0.0,2429375.02,1
4794886000143,2010-06-24,1164505589.82,3.1180562000000003,1163572383.23,0.0,1554813.15,1
4794886000143,2010-06-25,1162791060.66,3.119223,1161802231.09,0.0,2205580.82,1
4794886000143,2010-06-28,1165163982.67,3.1203222999999998,1164119614.41,1907939.09,0.0,1
4794886000143,2010-06-29,1166757157.11,3.1214254,1165657139.8,1126008.21,0.0,1
4794886000143,2010-06-30,1171172181.99,3.1225967999999997,1170016442.43,3921829.61,0.0,1
4794886000143,2010-07-01,1174522376.2,3.1236868,1173310623.72,2885771.12,0.0,1
4794886000143,2010-07-02,1170098413.0,3.1250228,1169984289.98,0.0,3828135.33,1
4794886000143,2010-07-05,1170148529.85,3.1261704,1169978395.42,0.0,435552.82,1
4794886000143,2010-07-06,1170582090.93,3.1272926,1170355945.4,0.0,42457.94,1
4794886000143,2010-07-07,1170103404.53,3.1282653,1169823045.72,0.0,896928.92,1
4794886000143,2010-07-08,1170764521.44,3.129403,1170433560.15,185093.06,0.0,1
4794886000143,2010-07-09,1171205257.96,3.1304318,1170818350.83,0.0,0.0,1
4794886000143,2010-07-12,1173199987.27,3.1315859,1172757115.98,1507108.49,0.0,1
4794886000143,2010-07-13,1175390220.99,3.132643,1174891293.21,1738314.92,0.0,1
4794886000143,2010-07-14,1177981647.69,3.1338196,1177426561.8,2093971.86,0.0,1
4794886000143,2010-07-15,1178260432.05,3.1349146,1177649067.32,0.0,188896.46,1
4794886000143,2010-07-16,1180291559.37,3.1360925,1179623905.21,1532367.88,0.0,1
4794886000143,2010-07-19,1181721623.47,3.1372761,1180997585.84,928457.06,0.0,1
4794886000143,2010-07-20,1185090286.55,3.1382817000000003,1184309800.0,2933666.87,0.0,1
4794886000143,2010-07-21,1185762985.25,3.1394472,1184925892.1,176281.56,0.0,1
4794886000143,2010-07-22,1189080247.68,3.1407503,1188186518.58,2768775.95,0.0,1
4794886000143,2010-07-23,1189751278.45,3.1418944,1188800758.14,181400.0,0.0,1
4794886000143,2010-07-26,1192466319.21,3.1427378,1191458978.43,2339121.29,0.0,1
4794886000143,2010-07-27,1196197660.93,3.1439762000000004,1195133373.09,3204906.97,0.0,1
4794886000143,2010-07-28,1197308188.27,3.1452373,1196186778.41,574019.53,0.0,1
4794886000143,2010-07-29,1198177868.0,3.1463112,1196999285.95,404082.04,0.0,1
4794886000143,2010-07-30,1203925962.22,3.147487,1202690169.3,5243534.45,0.0,1
4794886000143,2010-08-02,1212134091.49,3.1487578999999997,1210840816.7,7665044.56,0.0,1
4794886000143,2010-08-03,1212280462.41,3.1498422,1212165225.59,907450.38,0.0,1
4794886000143,2010-08-04,1214579450.48,3.150794,1214406280.61,1874771.61,0.0,1
4794886000143,2010-08-05,1213302339.12,3.1517627999999998,1213071129.46,0.0,1708582.31,1
4794886000143,2010-08-06,1213305244.43,3.1530464,1213017933.87,0.0,547226.68,1
4794886000143,2010-08-09,1215881117.04,3.1541191000000004,1215535831.08,2105215.1,0.0,1
4794886000143,2010-08-10,1220643994.39,3.1552955000000003,1220240613.12,4251443.19,0.0,1
4794886000143,2010-08-11,1222631264.59,3.1563934,1222169563.97,1504341.58,0.0,1
4794886000143,2010-08-12,1224152022.98,3.1576468999999996,1223631911.18,977002.15,0.0,1
4794886000143,2010-08-13,1226977841.14,3.1588602000000003,1226399248.49,2297149.3,0.0,1
4794886000143,2010-08-16,1228639102.56,3.1602531000000003,1228002614.12,1062573.47,0.0,1
4794886000143,2010-08-17,1234166722.97,3.1620531,1233471544.81,4769509.34,0.0,1
4794886000143,2010-08-18,1233174698.36,3.1631324,1232420570.01,0.0,1471984.39,1
4794886000143,2010-08-19,1233548589.21,3.1644477,1232735560.75,0.0,197506.74,1
4794886000143,2010-08-20,1236794608.73,3.1656845000000002,1235922665.2,2705316.64,0.0,1
4794886000143,2010-08-23,1240411762.7,3.1668072,1239480752.26,3119775.87,0.0,1
4794886000143,2010-08-24,1245112126.77,3.1680661,1244121880.02,4148389.2,0.0,1
4794886000143,2010-08-25,1250054502.14,3.1693352999999997,1249004798.05,4384492.91,0.0,1
4794886000143,2010-08-26,1252952993.99,3.1702675,1251843600.08,2471450.66,0.0,1
4794886000143,2010-08-27,1256211454.16,3.1712498,1255042235.21,2810737.28,0.0,1
4794886000143,2010-08-30,1263112537.91,3.1721823,1261883341.73,6472065.99,0.0,1
4794886000143,2010-08-31,1269410935.48,3.1732476000000003,1268121436.1,5814304.59,0.0,1
4794886000143,2010-09-01,1277130183.4,3.174493,1275780083.85,7160967.96,0.0,1
4794886000143,2010-09-02,1277305623.08,3.1754681,1277182087.14,1010114.15,0.0,1
4794886000143,2010-09-03,1281144287.75,3.1766978,1280959720.2,3283073.97,0.0,1
4794886000143,2010-09-06,1283667774.99,3.1778154,1283421995.95,2011605.32,0.0,1
4794886000143,2010-09-08,1280546767.45,3.1790802000000005,1280242309.98,0.0,3690519.18,1
4794886000143,2010-09-09,1286908373.84,3.1802578,1286541962.97,5825448.27,0.0,1
4794886000143,2010-09-10,1286358394.87,3.1814842,1285930467.45,0.0,1107655.22,1
4794886000143,2010-09-13,1289547649.36,3.1826346,1289058234.51,2662819.1,0.0,1
4794886000143,2010-09-14,1293243860.4,3.1837725,1292692809.16,3173664.39,0.0,1
4794886000143,2010-09-15,1297355531.22,3.1849924,1296742670.53,3554557.6,0.0,1
4794886000143,2010-09-16,1298604316.14,3.1861084,1297929453.15,732426.39,0.0,1
4794886000143,2010-09-17,1302227385.15,3.1870614,1301490463.32,3172778.6,0.0,1
4794886000143,2010-09-20,1305162898.14,3.1880533,1304363747.93,2468242.68,0.0,1
4794886000143,2010-09-21,1308454926.74,3.1891227000000004,1307593411.3,2792113.56,0.0,1
4794886000143,2010-09-22,1306531205.85,3.1905072,1305607171.41,0.0,2553914.31,1
4794886000143,2010-09-23,1307927575.17,3.1915451,1306941116.3,909202.97,0.0,1
4794886000143,2010-09-24,1310762281.74,3.1927901000000003,1309713334.92,2262396.88,0.0,1
4794886000143,2010-09-27,1313296398.81,3.1939574,1312184832.04,1992672.51,0.0,1
4794886000143,2010-09-28,1319383341.74,3.1950076000000003,1318209037.32,5592766.88,0.0,1
4794886000143,2010-09-29,1325414730.62,3.1961347,1324177401.7,5503306.15,0.0,1
4794886000143,2010-09-30,1334228576.38,3.1974534,1332927938.72,8204190.49,0.0,1
4794886000143,2010-10-01,1344495996.04,3.1986517000000005,1343131630.33,9704183.61,0.0,1
4794886000143,2010-10-04,1345576329.06,3.1999079,1345443220.05,1784108.04,0.0,1
4794886000143,2010-10-05,1349933566.76,3.2012318,1349736133.72,3736229.48,0.0,1
4794886000143,2010-10-06,1350834923.11,3.2023729,1350572961.64,355714.69,0.0,1
4794886000143,2010-10-07,1351636505.45,3.2037471,1351312626.11,160114.85,0.0,1
4794886000143,2010-10-08,1352593115.87,3.2050007999999996,1352210042.53,368597.27,0.0,1
4794886000143,2010-10-11,1352396621.28,3.2060587000000003,1351948911.22,0.0,707457.08,1
4794886000143,2010-10-13,1359643411.06,3.2071637,1359131076.73,6716194.93,0.0,1
4794886000143,2010-10-14,1362536097.44,3.2085001,1361958796.8,2261378.34,0.0,1
4794886000143,2010-10-15,1364831602.54,3.2102584,1364189918.14,1484752.76,0.0,1
4794886000143,2010-10-18,1365634004.61,3.2120157000000003,1364927112.59,0.0,9550.17,1
4794886000143,2010-10-19,1370329267.3,3.2129137,1369557132.57,4248429.58,0.0,1
4794886000143,2010-10-20,1370503644.6,3.2135887999999997,1369666046.67,0.0,178848.37,1
4794886000143,2010-10-21,1371939927.34,3.2150617,1371036861.03,743032.07,0.0,1
4794886000143,2010-10-22,1374759908.9,3.2159575,1373791308.94,2372449.64,0.0,1
4794886000143,2010-10-25,1377546306.75,3.217059,1376512041.96,2250200.16,0.0,1
4794886000143,2010-10-26,1382469282.8,3.2180316,1381369223.67,4441025.79,0.0,1
4794886000143,2010-10-27,1385002338.66,3.2195259,1383836253.82,1825583.51,0.0,1
4794886000143,2010-10-28,1388546805.43,3.2205404,1387314577.45,3042247.4,0.0,1
4794886000143,2010-10-29,1393796839.83,3.2217444,1392498303.06,4665104.67,0.0,1
4794886000143,2010-11-01,1406004362.59,3.2233211,1404639270.19,11459474.29,0.0,1
4794886000143,2010-11-03,1405889309.04,3.2245911,1405754253.05,561560.65,0.0,1
4794886000143,2010-11-04,1409988752.9,3.2258201,1409786510.04,3496471.32,0.0,1
4794886000143,2010-11-05,1413893662.14,3.2268308,1413624040.41,3395818.45,0.0,1
4794886000143,2010-11-08,1414909275.73,3.2278403,1414574426.12,508125.91,0.0,1
4794886000143,2010-11-09,1420452162.98,3.2289682,1420049683.65,4980994.18,0.0,1
4794886000143,2010-11-10,1422469215.15,3.2302141,1421998845.37,1401223.99,0.0,1
4794886000143,2010-11-11,1422419840.2,3.2315063,1421881487.15,0.0,686204.27,1
4794886000143,2010-11-12,1425652071.42,3.2326367,1425045740.7,2666836.46,0.0,1
4794886000143,2010-11-16,1427874241.94,3.2339526000000003,1427199782.87,1573983.3,0.0,1
4794886000143,2010-11-17,1435219915.41,3.2347515,1434477225.42,6924844.51,0.0,1
4794886000143,2010-11-18,1436175122.35,3.2359767999999995,1435363854.86,343293.74,0.0,1
4794886000143,2010-11-19,1437303116.84,3.2370022,1436423229.68,604535.06,0.0,1
4794886000143,2010-11-22,1440340474.28,3.2381694,1439391916.96,2450719.55,0.0,1
4794886000143,2010-11-23,1446346272.06,3.2389471000000003,1445328903.24,5591324.12,0.0,1
4794886000143,2010-11-24,1448499370.12,3.2404038,1447412901.67,1433947.37,0.0,1
4794886000143,2010-11-25,1454452665.18,3.2418513,1453297008.66,5237554.03,0.0,1
4794886000143,2010-11-26,1457057826.88,3.2432139,1455832696.73,1924855.0,0.0,1
4794886000143,2010-11-29,1462175985.69,3.2441711,1460881261.13,4618893.77,0.0,1
4794886000143,2010-11-30,1467272459.79,3.2451165,1465907900.41,4600875.31,0.0,1
4794886000143,2010-12-01,1479387108.84,3.2464487,1477952475.29,11442805.16,0.0,1
4794886000143,2010-12-02,1477081630.8,3.2475509999999996,1476936609.53,0.0,1517709.82,1
4794886000143,2010-12-03,1481357690.5,3.2486398999999997,1481142069.93,3710269.85,0.0,1
4794886000143,2010-12-06,1485898957.39,3.2499069,1485612537.21,3892813.9,0.0,1
4794886000143,2010-12-07,1490156377.83,3.2511019,1489801735.9,3642909.41,0.0,1
4794886000143,2010-12-08,1491001312.9,3.2523092,1490575469.65,220499.06,0.0,1
4794886000143,2010-12-09,1493105503.68,3.2533228,1492608422.25,1568416.74,0.0,1
4794886000143,2010-12-10,1494919606.72,3.2545811000000002,1494351190.33,1165469.37,0.0,1
4794886000143,2010-12-13,1498655601.22,3.2561817000000004,1498015766.85,2929659.59,0.0,1
4794886000143,2010-12-14,1501606196.67,3.2574416,1500894769.85,2299353.44,0.0,1
4794886000143,2010-12-15,1498610996.3,3.2590777,1497828558.64,0.0,3820037.42,1
4794886000143,2010-12-16,1502340283.78,3.2601157000000005,1501486045.73,3180424.73,0.0,1
4794886000143,2010-12-17,1507713358.58,3.2614176,1506787252.5,4701629.46,0.0,1
4794886000143,2010-12-20,1510755128.32,3.2626028,1509760105.13,2425276.88,0.0,1
4794886000143,2010-12-21,1515961807.38,3.2637784,1514894653.88,4590519.1,0.0,1
4794886000143,2010-12-22,1522696510.42,3.2646375,1521556982.14,6263601.08,0.0,1
4794886000143,2010-12-23,1528243215.35,3.265516,1527030995.01,5064567.33,0.0,1
4794886000143,2010-12-24,1535140333.71,3.2666524,1533855160.64,6292764.52,0.0,1
4794886000143,2010-12-27,1542817285.17,3.2678875,1541458834.43,7023733.02,0.0,1
4794886000143,2010-12-28,1536651644.61,3.269073,1535219553.94,0.0,6798505.47,1
4794886000143,2010-12-29,1541614057.58,3.2703989,1540108624.42,4266428.37,0.0,1
4794886000143,2010-12-30,1546823676.36,3.2717151,1545244667.79,4516193.13,0.0,1
4794886000143,2010-12-31,1547501897.44,3.2729947999999998,1545849068.76,0.0,0.0,1
4794886000143,2011-01-03,1561108512.96,3.2742308,1559381834.1,12949014.29,0.0,1
4794886000143,2011-01-04,1572007033.71,3.2755703,1571854861.62,11835078.12,0.0,1
4794886000143,2011-01-05,1572915184.82,3.2767152000000004,1572687924.15,283658.58,0.0,1
4794886000143,2011-01-06,1562639478.8,3.2777753,1562337089.88,0.0,10859662.42,1
4794886000143,2011-01-07,1562073770.9,3.2789318999999995,1561699710.97,0.0,1188650.74,1
4794886000143,2011-01-10,1561985118.47,3.2798677000000005,1561541831.09,0.0,603607.06,1
4794886000143,2011-01-11,1561095306.82,3.2808271,1560577399.51,0.0,1421180.37,1
4794886000143,2011-01-12,1561393472.93,3.2821755,1560800991.62,0.0,417827.46,1
4794886000143,2011-01-13,1560895914.8,3.2833383,1560228848.84,0.0,1125093.83,1
4794886000143,2011-01-14,1561992722.39,3.2846546,1561251119.01,396803.4,0.0,1
4794886000143,2011-01-17,1562651263.05,3.2857006,1561835052.64,86741.92,0.0,1
4794886000143,2011-01-18,1563550403.51,3.2869053,1562659538.25,251848.5,0.0,1
4794886000143,2011-01-19,1562537210.75,3.2880915,1561571671.36,0.0,1651847.4,1
4794886000143,2011-01-20,1562771942.91,3.2892802000000003,1561731781.23,0.0,404411.28,1
4794886000143,2011-01-21,1561666213.14,3.2904962,1560551421.5,0.0,1757707.73,1
4794886000143,2011-01-24,1562150180.64,3.2916501000000005,1560960815.32,0.0,137866.46,1
4794886000143,2011-01-25,1561051583.92,3.2926088,1559787625.36,0.0,1627818.07,1
4794886000143,2011-01-26,1561976483.29,3.293903,1560637987.4,237303.14,0.0,1
4794886000143,2011-01-27,1561670675.52,3.2951284,1560257601.78,0.0,960990.78,1
4794886000143,2011-01-28,1561394966.02,3.2964379,1559907332.54,0.0,970312.0,1
4794886000143,2011-01-31,1561781036.94,3.2978217000000005,1560218860.41,0.0,343323.52,1
4794886000143,2011-02-01,1564549047.04,3.2990703000000003,1562912312.62,2102747.85,0.0,1
4794886000143,2011-02-02,1564018109.82,3.300441,1563868027.9,306327.93,0.0,1
4794886000143,2011-02-03,1560691472.05,3.3018248,1560466658.46,0.0,4057033.82,1
4794886000143,2011-02-04,1556748564.02,3.3029305,1556449180.74,0.0,4540032.57,1
4794886000143,2011-02-07,1556858340.63,3.303941200000001,1556487757.01,0.0,437709.5,1
4794886000143,2011-02-08,1555265967.94,3.305211,1554821004.16,0.0,2264953.38,1
4794886000143,2011-02-09,1556731196.55,3.3068708,1556211931.96,610129.27,0.0,1
4794886000143,2011-02-10,1555509352.42,3.3081085,1554915720.77,0.0,1878701.96,1
4794886000143,2011-02-11,1553175529.4,3.3091623,1552507592.44,0.0,2903414.57,1
4794886000143,2011-02-14,1551305561.33,3.3103172999999995,1550563453.72,0.0,2486012.91,1
4794886000143,2011-02-15,1549321736.14,3.3112735,1548506319.4,0.0,2505012.11,1
4794886000143,2011-02-16,1549936852.7,3.3125226000000003,1549047432.81,0.0,43062.77,1
4794886000143,2011-02-17,1549463249.46,3.3139921,1548499800.64,0.0,1234786.99,1
4794886000143,2011-02-18,1549246332.23,3.3153782999999994,1548208880.54,0.0,938675.0,1
4794886000143,2011-02-21,1552965403.77,3.3165940000000003,1551853963.07,3077408.59,0.0,1
4794886000143,2011-02-22,1554731808.15,3.3177527,1553546204.91,1150054.76,0.0,1
4794886000143,2011-02-23,1554653909.81,3.3190489999999997,1553394063.35,0.0,759133.03,1
4794886000143,2011-02-24,1552793682.76,3.3203317,1551459600.41,0.0,2534780.48,1
4794886000143,2011-02-25,1552823331.27,3.3214322999999997,1551415105.12,0.0,558784.04,1
4794886000143,2011-02-28,1552818562.1,3.3227556000000003,1551336194.26,0.0,696976.26,1
4794886000143,2011-03-01,1553183088.71,3.3241751000000006,1551626582.96,0.0,372377.02,1
4794886000143,2011-03-02,1549968762.74,3.3257497000000003,1549818360.16,0.0,2543197.16,1
4794886000143,2011-03-03,1547712836.37,3.3269186,1547488368.2,0.0,2874694.05,1
4794886000143,2011-03-04,1544493008.59,3.3282111000000003,1544194585.72,0.0,3894966.42,1
4794886000143,2011-03-09,1544034746.64,3.3295559,1543666895.59,0.0,1151656.35,1
4794886000143,2011-03-10,1544571042.14,3.3309230000000003,1544128092.28,0.0,172637.7,1
4794886000143,2011-03-11,1544917241.34,3.3327629,1544400514.34,0.0,580498.32,1
4794886000143,2011-03-14,1544814480.07,3.3340255,1544223962.98,0.0,761628.44,1
4794886000143,2011-03-15,1544960206.08,3.3354116,1544295882.36,0.0,570106.4,1
4794886000143,2011-03-16,1544826676.96,3.3364642,1544088563.16,0.0,694667.45,1
4794886000143,2011-03-17,1545848249.01,3.3377822,1545036336.0,337825.86,0.0,1
4794886000143,2011-03-18,1545530657.76,3.3389154000000003,1544644900.42,0.0,915976.54,1
4794886000143,2011-03-21,1542466850.73,3.3403940000000003,1541507392.49,0.0,3821571.45,1
4794886000143,2011-03-22,1541172432.87,3.341628500000001,1540139323.32,0.0,1937732.35,1
4794886000143,2011-03-23,1542037624.18,3.3431513,1540930928.43,89746.91,0.0,1
4794886000143,2011-03-24,1540992776.88,3.3447051,1539812457.27,0.0,1834644.11,1
4794886000143,2011-03-25,1540702746.46,3.3460463,1539448856.21,0.0,981051.88,1
4794886000143,2011-03-28,1541197152.75,3.3473384,1539869709.21,0.0,173636.29,1
4794886000143,2011-03-29,1540674958.09,3.3487784,1539273941.2,0.0,1258209.49,1
4794886000143,2011-03-30,1537541745.27,3.3499197,1536067183.42,0.0,3731359.59,1
4794886000143,2011-03-31,1537366366.43,3.3515344,1535818412.25,0.0,989159.29,1
4794886000143,2011-04-01,1538602155.77,3.3530269,1536980821.21,478489.1,0.0,1
4794886000143,2011-04-04,1540687567.73,3.3546008,1540536416.41,2834136.28,0.0,1
4794886000143,2011-04-05,1539933575.96,3.3559362,1539708819.54,0.0,1440866.73,1
4794886000143,2011-04-06,1537819903.9,3.3569317,1537521581.78,0.0,2643968.3,1
4794886000143,2011-04-07,1536623572.49,3.3582994,1536255798.57,0.0,1892212.35,1
4794886000143,2011-04-08,1536758555.52,3.3596781000000004,1536321569.62,0.0,564907.85,1
4794886000143,2011-04-11,1538400011.25,3.3610743999999997,1537889611.34,929546.9,0.0,1
4794886000143,2011-04-12,1536911974.63,3.3623366000000003,1536328086.01,0.0,2139060.35,1
4794886000143,2011-04-13,1537168701.95,3.3638233,1536511399.0,0.0,495986.98,1
4794886000143,2011-04-14,1538108363.37,3.3651453,1537377637.35,262356.06,0.0,1
4794886000143,2011-04-15,1532774794.07,3.3664256,1531971394.68,0.0,5991126.97,1
4794886000143,2011-04-18,1533287096.64,3.3677095,1532410489.31,0.0,145172.63,1
4794886000143,2011-04-19,1531511013.47,3.3689864000000003,1530561177.3,0.0,2430364.51,1
4794886000143,2011-04-20,1531087994.88,3.3703138999999998,1530065017.93,0.0,1099257.71,1
4794886000143,2011-04-25,1530429801.12,3.3715401,1529333707.02,0.0,1287975.9,1
4794886000143,2011-04-26,1530956535.55,3.3725822999999995,1529787359.13,0.0,19100.52,1
4794886000143,2011-04-27,1531658707.33,3.3739501000000005,1530416426.97,8647.99,0.0,1
4794886000143,2011-04-28,1530987114.24,3.3754608,1529671700.01,0.0,1429973.69,1
4794886000143,2011-04-29,1531623217.38,3.3769132000000006,1530234704.73,0.0,95181.53,1
4794886000143,2011-05-02,1531867353.45,3.3783635000000003,1530405715.55,0.0,486179.46,1
4794886000143,2011-05-03,1529781861.94,3.3798701,1529635446.26,0.0,1452766.44,1
4794886000143,2011-05-04,1530189253.62,3.3813515,1529969741.27,0.0,336154.23,1
4794886000143,2011-05-05,1530589098.02,3.3827131,1530296473.06,0.0,289351.82,1
4794886000143,2011-05-06,1529236786.42,3.3841459,1528881763.45,0.0,2062902.61,1
4794886000143,2011-05-09,1529139335.11,3.385429,1528702901.22,0.0,758526.81,1
4794886000143,2011-05-10,1529555492.1,3.3869424,1529045661.58,0.0,340600.87,1
4794886000143,2011-05-11,1529733282.57,3.3882957,1529150039.1,0.0,506590.43,1
4794886000143,2011-05-12,1531364839.31,3.3898721,1530708177.89,846694.93,0.0,1
4794886000143,2011-05-13,1531299135.71,3.3912678,1530569002.16,0.0,769392.92,1
4794886000143,2011-05-16,1531770342.67,3.3927144,1530966724.69,0.0,255179.02,1
4794886000143,2011-05-17,1531750538.6,3.3942781,1530873417.22,0.0,798926.7,1
4794886000143,2011-05-18,1533017272.73,3.3957671,1532066652.42,521687.8,0.0,1
4794886000143,2011-05-19,1534280807.25,3.3969606,1533256631.18,651509.6,0.0,1
4794886000143,2011-05-20,1534449289.11,3.3981691,1533351500.62,0.0,450631.14,1
4794886000143,2011-05-23,1534993513.98,3.3993888,1533822108.53,0.0,79739.07,1
4794886000143,2011-05-24,1532337476.51,3.4007367,1531092431.71,0.0,3337849.72,1
4794886000143,2011-05-25,1531595676.12,3.401893,1530277121.96,0.0,1335905.21,1
4794886000143,2011-05-26,1531070047.9,3.4033456,1529678023.18,0.0,1252520.84,1
4794886000143,2011-05-27,1532028856.49,3.4048025,1530563389.76,230543.24,0.0,1
4794886000143,2011-05-30,1533782710.71,3.4062927000000003,1532243759.8,1010452.94,0.0,1
4794886000143,2011-05-31,1536050028.85,3.4077036,1534437513.75,1559101.17,0.0,1
4794886000143,2011-06-01,1540373618.65,3.4092010999999998,1538687434.96,3575623.59,0.0,1
4794886000143,2011-06-02,1537901829.48,3.4105873,1537745383.8,0.0,1567667.84,1
4794886000143,2011-06-03,1538532128.44,3.4119102,1538301856.57,0.0,39995.87,1
4794886000143,2011-06-06,1534988891.0,3.4132318999999995,1534684766.46,0.0,4212986.39,1
4794886000143,2011-06-07,1534698738.4,3.4145174,1534331663.64,0.0,931117.82,1
4794886000143,2011-06-08,1532357705.56,3.4160487,1531917207.96,0.0,3102542.71,1
4794886000143,2011-06-09,1532992124.69,3.4176835,1532478152.61,0.0,172166.61,1
4794886000143,2011-06-10,1531332085.94,3.4190979,1530744945.88,0.0,2367439.53,1
4794886000143,2011-06-13,1531459920.51,3.4205553999999996,1530799528.41,0.0,597942.5,1
4794886000143,2011-06-14,1529591171.45,3.4219828999999997,1528857524.69,0.0,2580872.7,1
4794886000143,2011-06-15,1529624340.32,3.4232892999999995,1528818323.85,0.0,622854.78,1
4794886000143,2011-06-16,1530655064.19,3.4248256,1529775887.88,271470.14,0.0,1
4794886000143,2011-06-17,1530391282.59,3.4261458,1529438900.83,0.0,926679.69,1
4794886000143,2011-06-20,1528246175.17,3.4275326,1527220604.03,0.0,2837356.15,1
4794886000143,2011-06-21,1528046905.81,3.4289266000000005,1526948250.9,0.0,893502.02,1
4794886000143,2011-06-22,1528350401.18,3.4301534,1527178675.48,0.0,315892.33,1
4794886000143,2011-06-24,1529077162.69,3.4315735000000003,1527832355.23,21410.34,0.0,1
4794886000143,2011-06-27,1529603637.43,3.4330629999999998,1528285717.08,0.0,209804.94,1
4794886000143,2011-06-28,1530744315.02,3.4344592000000005,1529353260.19,446003.77,0.0,1
4794886000143,2011-06-29,1529473969.61,3.4356772000000007,1528009729.4,0.0,1885903.84,1
4794886000143,2011-06-30,1530240053.96,3.437052200000001,1528702692.46,81433.52,0.0,1
4794886000143,2011-07-01,1530106381.37,3.4383013,1528495869.54,0.0,762381.32,1
4794886000143,2011-07-04,1526016084.15,3.4398558,1525863662.71,0.0,3323261.8,1
4794886000143,2011-07-05,1527539584.02,3.4414142999999995,1527314147.44,759164.33,0.0,1
4794886000143,2011-07-06,1525859730.16,3.4427315000000003,1525561209.38,0.0,2337488.35,1
4794886000143,2011-07-07,1527725878.21,3.4442529000000004,1527359542.93,1124153.31,0.0,1
4794886000143,2011-07-08,1528879015.97,3.4456132000000004,1528443662.81,480882.2,0.0,1
4794886000143,2011-07-11,1529019980.57,3.4470298,1528511736.39,0.0,560322.33,1
4794886000143,2011-07-12,1529368568.53,3.4484954,1528787430.08,0.0,374180.25,1
4794886000143,2011-07-13,1531709458.68,3.4498712999999994,1531055300.12,1657874.46,0.0,1
4794886000143,2011-07-14,1532203403.62,3.4513637000000004,1531476116.93,0.0,241501.43,1
4794886000143,2011-07-15,1531852495.11,3.4527941,1531052060.26,0.0,1058738.81,1
4794886000143,2011-07-18,1530673831.79,3.4541744,1529800268.98,0.0,1863870.75,1
4794886000143,2011-07-19,1529160888.56,3.4556903,1528214257.39,0.0,2257359.6,1
4794886000143,2011-07-20,1529352597.36,3.4571626,1528332973.35,0.0,532419.5,1
4794886000143,2011-07-21,1528974540.76,3.4585086000000005,1527881918.26,0.0,1046092.03,1
4794886000143,2011-07-22,1528218136.58,3.4598561,1527052537.08,0.0,1424665.58,1
4794886000143,2011-07-25,1529129873.14,3.4613045,1527891336.11,199538.59,0.0,1
4794886000143,2011-07-26,1521818891.17,3.4625764,1520507376.7,0.0,7945414.11,1
4794886000143,2011-07-27,1522186042.07,3.4642354,1520801901.76,0.0,433975.02,1
4794886000143,2011-07-28,1521418600.67,3.4657255,1519961820.49,0.0,1494232.42,1
4794886000143,2011-07-29,1523566202.5,3.4670912000000005,1522039913.46,1479135.63,0.0,1
4794886000143,2011-08-01,1523201783.85,3.4686233,1521599711.05,0.0,1112762.52,1
4794886000143,2011-08-02,1524976224.74,3.4704818,1524828769.08,2413754.86,0.0,1
4794886000143,2011-08-03,1525839357.67,3.4724079,1525619076.44,0.0,55963.83,1
4794886000143,2011-08-04,1528337992.84,3.4738682,1528044848.42,1784167.95,0.0,1
4794886000143,2011-08-05,1529041821.03,3.4756955,1528679280.35,0.0,169334.65,1
4794886000143,2011-08-08,1531770956.55,3.4773519,1531335365.02,1927568.07,0.0,1
4794886000143,2011-08-09,1532967003.2,3.479435,1532458234.35,205551.46,0.0,1
4794886000143,2011-08-10,1534456583.78,3.4811122,1533874584.13,677634.54,0.0,1
4794886000143,2011-08-11,1534893519.82,3.4825339,1534238221.93,0.0,262792.24,1
4794886000143,2011-08-12,1537298425.88,3.4836441,1536569812.46,1842494.52,0.0,1
4794886000143,2011-08-15,1534761990.13,3.4857506000000003,1533960742.47,0.0,3538229.01,1
4794886000143,2011-08-16,1535859425.58,3.4875711000000003,1534984876.09,223009.8,0.0,1
4794886000143,2011-08-17,1535160026.76,3.4895342000000005,1534212126.59,0.0,1636770.4,1
4794886000143,2011-08-18,1534093764.28,3.4914373999999997,1533072540.28,0.0,1976340.0,1
4794886000143,2011-08-19,1534979279.24,3.4933936,1533884785.66,0.0,46715.99,1
4794886000143,2011-08-22,1535688840.77,3.4952207000000004,1534521038.93,0.0,166016.95,1
4794886000143,2011-08-23,1536604515.71,3.4966934999999997,1535363375.32,195747.28,0.0,1
4794886000143,2011-08-24,1538185592.74,3.4984094,1536871073.68,754259.89,0.0,1
4794886000143,2011-08-25,1537973018.65,3.5001133,1536585049.09,0.0,1034564.03,1
4794886000143,2011-08-26,1538854064.27,3.5016281000000005,1537392657.89,142600.99,0.0,1
4794886000143,2011-08-29,1540650807.73,3.5046263999999994,1539115926.06,406848.71,0.0,1
4794886000143,2011-08-30,1541452962.37,3.5072370000000004,1539844523.34,0.0,417868.01,1
4794886000143,2011-08-31,1540059374.03,3.5085564,1538377342.96,0.0,2046473.83,1
4794886000143,2011-09-01,1539910623.82,3.5102294,1538155070.56,0.0,955808.12,1
4794886000143,2011-09-02,1538002733.35,3.5139817000000004,1537852196.87,0.0,1947111.44,1
4794886000143,2011-09-05,1540255328.8,3.5138088,1540031295.19,2254753.06,0.0,1
4794886000143,2011-09-06,1541473473.06,3.5155766,1541175838.45,369758.8,0.0,1
4794886000143,2011-09-08,1542110904.71,3.5170187000000004,1541743197.04,0.0,64817.15,1
4794886000143,2011-09-09,1542289907.06,3.5175207000000004,1541848671.63,0.0,114583.98,1
4794886000143,2011-09-12,1541351665.29,3.5197282,1540836897.03,0.0,1979422.31,1
4794886000143,2011-09-13,1541835444.52,3.5215448,1541247191.6,0.0,384928.63,1
4794886000143,2011-09-14,1541402203.85,3.5222955,1540740446.74,0.0,835300.86,1
4794886000143,2011-09-15,1541370604.11,3.5231437999999993,1540635366.95,0.0,476184.59,1
4794886000143,2011-09-16,1542769705.92,3.5247341,1541960993.7,630243.65,0.0,1
4794886000143,2011-09-19,1544031345.99,3.5264223,1543149095.59,449557.53,0.0,1
4794886000143,2011-09-20,1544352111.81,3.527399,1543396266.67,0.0,180258.01,1
4794886000143,2011-09-21,1544854835.49,3.5282268,1543825383.82,66940.82,0.0,1
4794886000143,2011-09-22,1544071747.4,3.5284409,1542968668.77,0.0,950418.75,1
4794886000143,2011-09-23,1545392187.97,3.5293859,1544215523.16,833621.31,0.0,1
4794886000143,2011-09-26,1547613675.46,3.5321812999999995,1546363365.12,924759.15,0.0,1
4794886000143,2011-09-27,1548621493.83,3.5347765,1547297435.67,0.0,202070.18,1
4794886000143,2011-09-28,1548508673.27,3.5352111000000006,1547110822.81,0.0,376870.29,1
4794886000143,2011-09-29,1549076058.25,3.5372827000000004,1547604424.4,0.0,412971.38,1
4794886000143,2011-09-30,1552271011.14,3.5384932,1550725879.47,2591833.34,0.0,1
4794886000143,2011-10-03,1552672987.74,3.5406814,1551053597.36,0.0,631232.83,1
4794886000143,2011-10-04,1551930975.84,3.5436317,1551780026.69,0.0,566023.09,1
4794886000143,2011-10-05,1550342704.07,3.5445339999999996,1550117755.11,0.0,2057358.46,1
4794886000143,2011-10-06,1551825344.96,3.5465134,1551524686.74,541286.62,0.0,1
4794886000143,2011-10-07,1552275248.25,3.5472678,1551902391.0,47664.97,0.0,1
4794886000143,2011-10-10,1547962915.5,3.5493391000000005,1547521273.77,0.0,5287297.69,1
4794886000143,2011-10-11,1548818885.86,3.5505917,1548303268.26,235831.59,0.0,1
4794886000143,2011-10-13,1550714888.66,3.5527374,1550125257.96,886352.49,0.0,1
4794886000143,2011-10-14,1550383661.22,3.5536354,1549720703.79,0.0,796389.32,1
4794886000143,2011-10-17,1550005995.96,3.5540737,1549268957.49,0.0,642904.43,1
4794886000143,2011-10-18,1545185030.88,3.5552642999999997,1544373932.89,0.0,5414013.82,1
4794886000143,2011-10-19,1547977992.26,3.5573341,1547093067.87,1820030.36,0.0,1
4794886000143,2011-10-20,1548728154.08,3.5589011,1547769403.93,0.0,5129.04,1
4794886000143,2011-10-21,1549543702.26,3.5588867,1548510964.03,747799.64,0.0,1
4794886000143,2011-10-24,1549847375.3,3.5606184,1548740483.41,0.0,523969.15,1
4794886000143,2011-10-25,1549408853.14,3.5618962999999995,1548227926.88,0.0,1068375.28,1
4794886000143,2011-10-26,1548857697.46,3.5631125,1547602761.12,0.0,1153820.13,1
4794886000143,2011-10-27,1551555120.88,3.5651907,1550226204.49,1720807.66,0.0,1
4794886000143,2011-10-28,1550544378.89,3.5660623999999994,1549141357.38,0.0,1463902.98,1
4794886000143,2011-10-31,1557285805.05,3.5677832,1555812130.17,5923240.41,0.0,1
4794886000143,2011-11-01,1553703516.43,3.5694662000000004,1552155470.46,0.0,4390556.53,1
4794886000143,2011-11-03,1552541392.8,3.5703907,1552394565.57,0.0,162933.21,1
4794886000143,2011-11-04,1553368933.2,3.571809,1553147897.6,136681.46,0.0,1
4794886000143,2011-11-07,1552033206.75,3.5736113,1551737926.93,0.0,2193667.67,1
4794886000143,2011-11-08,1552864863.96,3.5754796000000004,1552498964.53,0.0,50248.56,1
4794886000143,2011-11-09,1553749786.67,3.5771702000000003,1553309674.89,76645.23,0.0,1
4794886000143,2011-11-10,1555970728.47,3.5794286,1555456365.73,1166051.89,0.0,1
4794886000143,2011-11-11,1557144683.21,3.5804713,1556555967.3,646496.19,0.0,1
4794886000143,2011-11-14,1557313182.58,3.5822521000000003,1556650061.12,0.0,680073.9,1
4794886000143,2011-11-16,1557253581.19,3.5838328,1556516049.72,0.0,820924.98,1
4794886000143,2011-11-17,1557154000.08,3.5855872000000004,1556342064.97,0.0,935947.87,1
4794886000143,2011-11-18,1557974914.89,3.5878376000000003,1557088584.42,0.0,230252.09,1
4794886000143,2011-11-21,1558471809.94,3.5892131000000003,1557511048.56,0.0,174499.33,1
4794886000143,2011-11-22,1559758217.99,3.5901002,1558723005.59,826976.21,0.0,1
4794886000143,2011-11-23,1559173155.17,3.5910913,1558063434.03,0.0,1089849.07,1
4794886000143,2011-11-24,1554523139.45,3.5926282,1553338940.99,0.0,5391334.4,1
4794886000143,2011-11-25,1553792100.79,3.5945104,1552533649.98,0.0,1619058.29,1
4794886000143,2011-11-28,1554666484.73,3.59621,1553333819.92,66052.85,0.0,1
4794886000143,2011-11-29,1554035810.88,3.5977872000000004,1552628893.97,0.0,1386177.68,1
4794886000143,2011-11-30,1555185012.43,3.5994066,1553703876.97,376133.95,0.0,1
4794886000143,2011-12-01,1554612629.53,3.6017601000000004,1553057224.34,0.0,1662530.88,1
4794886000143,2011-12-02,1552223867.28,3.6022169,1552074975.47,0.0,1179242.35,1
4794886000143,2011-12-05,1553422061.8,3.6034154000000003,1553198977.84,607607.18,0.0,1
4794886000143,2011-12-06,1550645424.61,3.604673200000001,1550348094.94,0.0,3393031.06,1
4794886000143,2011-12-07,1550490160.82,3.6062719,1550121667.95,0.0,914027.22,1
4794886000143,2011-12-08,1550261342.98,3.6081767,1549818823.55,0.0,1121585.66,1
4794886000143,2011-12-09,1551058382.18,3.6092678,1550541850.61,254344.62,0.0,1
4794886000143,2011-12-12,1551701901.07,3.6105002,1551111322.92,40050.34,0.0,1
4794886000143,2011-12-13,1553136590.18,3.6121830000000004,1552471938.37,637672.28,0.0,1
4794886000143,2011-12-14,1554834042.55,3.6134489000000003,1554095252.26,1079219.36,0.0,1
4794886000143,2011-12-15,1556145167.71,3.614495,1555332954.5,787799.08,0.0,1
4794886000143,2011-12-16,1557745554.99,3.6154870000000003,1556859067.94,1099244.61,0.0,1
4794886000143,2011-12-19,1559490108.12,3.6164796000000003,1558529274.54,1242807.24,0.0,1
4794886000143,2011-12-20,1560856748.12,3.6176581,1559821488.47,784330.62,0.0,1
4794886000143,2011-12-21,1561116867.61,3.6193327000000006,1560007120.38,0.0,536395.41,1
4794886000143,2011-12-22,1561856740.84,3.6208818,1560672497.18,0.0,2330.5,1
4794886000143,2011-12-23,1563612868.06,3.6210234,1562354096.28,1620566.36,0.0,1
4794886000143,2011-12-26,1565146179.67,3.6216756,1563812799.71,1177288.29,0.0,1
4794886000143,2011-12-27,1564807129.32,3.6224983999999996,1563399071.69,0.0,769005.74,1
4794886000143,2011-12-28,1568265670.31,3.6242517999999997,1566782954.73,2627154.73,0.0,1
4794886000143,2011-12-29,1569879808.73,3.6257656000000003,1568322274.07,884921.6,0.0,1
4794886000143,2011-12-30,1570389230.37,3.6274594,1568756817.39,0.0,0.0,1
4794886000143,2012-01-02,1571592666.16,3.6287793,1569885341.6,557689.56,0.0,1
4794886000143,2012-01-03,1570789062.86,3.630497,1570637541.42,9077.76,0.0,1
4794886000143,2012-01-04,1571137138.86,3.6316858,1570910616.16,0.0,241216.29,1
4794886000143,2012-01-05,1570314718.97,3.6323166,1570013181.97,0.0,1170305.23,1
4794886000143,2012-01-06,1566417443.51,3.6332158,1566044900.84,0.0,4356907.3,1
4794886000143,2012-01-09,1567913574.91,3.6348065,1567466535.27,735979.11,0.0,1
4794886000143,2012-01-10,1568299968.39,3.6360257000000007,1567783418.83,0.0,208905.94,1
4794886000143,2012-01-11,1569522858.31,3.6376126,1568930019.36,462367.01,0.0,1
4794886000143,2012-01-12,1569658896.35,3.6388184,1568991059.95,0.0,459012.93,1
4794886000143,2012-01-13,1569760006.6,3.6398248,1569017169.85,0.0,407862.26,1
4794886000143,2012-01-16,1568803215.9,3.641444200000002,1567985377.54,0.0,1729852.41,1
4794886000143,2012-01-17,1569378885.6,3.643449500000001,1568486094.8,0.0,362746.79,1
4794886000143,2012-01-18,1568631750.02,3.6445976,1567663982.91,144794.1,1461179.04,1
4794886000143,2012-01-19,1566393762.9,3.6462295,1565351058.63,0.0,3014825.69,1
4794886000143,2012-01-20,1566007985.46,3.6477991,1564890578.97,0.0,1134335.82,1
4794886000143,2012-01-23,1566567580.05,3.6500698,1565375386.29,0.0,489308.9,1
4794886000143,2012-01-24,1567233069.85,3.6508701,1565966065.74,247447.69,0.0,1
4794886000143,2012-01-25,1567903977.24,3.6521605,1566562134.65,42587.12,0.0,1
4794886000143,2012-01-26,1568905267.06,3.6534013,1567488557.61,394195.85,0.0,1
4794886000143,2012-01-27,1568594898.25,3.6560466,1567103277.82,0.0,1520253.76,1
4794886000143,2012-01-30,1569110299.13,3.6581242,1567543786.07,0.0,450023.57,1
4794886000143,2012-01-31,1569935058.15,3.6602264,1568293631.49,0.0,150969.7,1
4794886000143,2012-02-01,1567130293.9,3.6611247000000002,1565413917.84,0.0,3264609.33,1
4794886000143,2012-02-02,1565429282.44,3.6625746,1565280611.08,0.0,753243.89,1
4794886000143,2012-02-03,1566336973.24,3.6640703,1566113496.04,193674.37,0.0,1
4794886000143,2012-02-06,1565735617.27,3.6652765,1565437294.58,0.0,1191774.4,1
4794886000143,2012-02-07,1566196856.0,3.6661848,1565827348.91,2146.78,0.0,1
4794886000143,2012-02-08,1566888651.0,3.6679714,1566444280.55,0.0,146141.58,1
4794886000143,2012-02-09,1565588333.82,3.6696883999999996,1565069070.63,0.0,2108455.41,1
4794886000143,2012-02-10,1567468051.67,3.6718108,1566873961.24,899695.51,0.0,1
4794886000143,2012-02-13,1568479311.55,3.6740443,1567810307.89,0.0,16756.01,1
4794886000143,2012-02-14,1570051480.37,3.6752382000000003,1569307518.92,987755.18,0.0,1
4794886000143,2012-02-15,1570321029.55,3.6771922,1569502890.64,0.0,638973.05,1
4794886000143,2012-02-16,1570803785.45,3.6783466000000002,1569910604.77,0.0,85021.89,1
4794886000143,2012-02-17,1570413244.39,3.6800394,1569445002.53,0.0,1188087.94,1
4794886000143,2012-02-22,1570819483.08,3.6818505,1569776202.21,0.0,441167.47,1
4794886000143,2012-02-23,1572312704.15,3.683188,1571194368.49,847891.86,0.0,1
4794886000143,2012-02-24,1570226549.13,3.68425,1569033091.16,0.0,2614287.92,1
4794886000143,2012-02-27,1570877955.14,3.6846148999999997,1569609477.77,420968.52,0.0,1
4794886000143,2012-02-28,1571129447.94,3.6854760000000004,1569785923.73,0.0,190357.37,1
4794886000143,2012-02-29,1573572588.64,3.6875513999999994,1572154009.22,1484061.55,0.0,1
4794886000143,2012-03-01,1574616854.29,3.6888926,1573123106.82,397292.52,0.0,1
4794886000143,2012-03-02,1573691675.37,3.6905495,1572122713.75,0.0,1706953.49,1
4794886000143,2012-03-05,1572049384.3,3.6928398,1571823833.72,0.0,1274538.76,1
4794886000143,2012-03-06,1573015352.36,3.6943586,1572714649.5,244350.39,0.0,1
4794886000143,2012-03-07,1572157846.71,3.6955672,1571785622.65,0.0,1443505.53,1
4794886000143,2012-03-08,1570648568.95,3.6972919,1570201226.52,0.0,2317960.92,1
4794886000143,2012-03-09,1572293630.74,3.7003364,1571771245.48,277075.3,0.0,1
4794886000143,2012-03-12,1571050828.43,3.7025866,1570453325.55,0.0,2273737.94,1
4794886000143,2012-03-13,1569791804.94,3.703454,1569119247.18,0.0,1701991.57,1
4794886000143,2012-03-14,1568893759.2,3.7041046,1568146210.09,0.0,1248692.99,1
4794886000143,2012-03-15,1563747939.33,3.7044841,1562925445.2,0.0,5381409.17,1
4794886000143,2012-03-16,1563514803.44,3.705385,1562617612.9,0.0,687938.82,1
4794886000143,2012-03-19,1563997823.7,3.7061439,1563025951.42,88305.64,0.0,1
4794886000143,2012-03-20,1562377925.9,3.7066142,1561331352.4,0.0,1892940.34,1
4794886000143,2012-03-21,1560167322.58,3.7079528,1559046128.6,0.0,2849074.19,1
4794886000143,2012-03-22,1560488930.47,3.7095385,1559293224.82,0.0,419645.99,1
4794886000143,2012-03-23,1559494875.24,3.7109008,1558224646.14,0.0,1641211.58,1
4794886000143,2012-03-26,1559107132.88,3.7122466,1557762431.2,0.0,1027338.44,1
4794886000143,2012-03-27,1559197565.13,3.7133909,1557778412.92,0.0,464159.4,1
4794886000143,2012-03-28,1558677519.62,3.7149287,1557183916.09,0.0,1239627.73,1
4794886000143,2012-03-29,1558650056.07,3.7164662000000006,1557082029.55,0.0,746360.62,1
4794886000143,2012-03-30,1560254637.19,3.7173905,1558612192.53,1142919.19,0.0,1
4794886000143,2012-04-02,1562577382.05,3.7185818,1560860444.98,1748765.35,0.0,1
4794886000143,2012-04-03,1561598474.7,3.720195,1561446923.22,0.0,90646.63,1
4794886000143,2012-04-04,1560797308.5,3.7211413999999996,1560571129.63,0.0,1273015.28,1
4794886000143,2012-04-05,1559562512.33,3.7227462,1559261747.78,0.0,1982426.16,1
4794886000143,2012-04-09,1559768514.04,3.7241385,1559396899.64,0.0,448019.94,1
4794886000143,2012-04-10,1560941151.22,3.726058,1560500390.3,299776.36,0.0,1
4794886000143,2012-04-11,1561060241.47,3.7276347999999997,1560544881.48,0.0,615916.83,1
4794886000143,2012-04-12,1560897884.77,3.728648,1560307923.59,0.0,661111.61,1
4794886000143,2012-04-13,1560960975.17,3.7301117999999995,1560296424.08,0.0,624058.84,1
4794886000143,2012-04-16,1561871460.82,3.7315831,1561133176.38,221339.46,0.0,1
4794886000143,2012-04-17,1562083048.14,3.7325047,1561270135.53,0.0,248620.56,1
4794886000143,2012-04-18,1560979013.16,3.7339585,1560091465.83,0.0,1786783.26,1
4794886000143,2012-04-19,1560915276.51,3.7352457,1559953150.59,0.0,676115.4,1
4794886000143,2012-04-20,1558165593.47,3.7373218,1557128895.57,0.0,3691284.57,1
4794886000143,2012-04-23,1556053078.81,3.738439,1554941943.35,0.0,2652439.91,1
4794886000143,2012-04-24,1556949917.35,3.7394605000000003,1555764448.57,397625.27,0.0,1
4794886000143,2012-04-25,1553565248.41,3.7415392,1552305407.1,0.0,4323846.64,1
4794886000143,2012-04-26,1552705315.01,3.7431707000000003,1551371265.89,0.0,1611050.01,1
4794886000143,2012-04-27,1552534610.49,3.7442830000000002,1551126398.03,0.0,705863.39,1
4794886000143,2012-04-30,1553543569.5,3.7459441,1552061205.36,246692.35,0.0,1
4794886000143,2012-05-02,1554528120.51,3.7468242,1552971560.19,545676.59,0.0,1
4794886000143,2012-05-03,1555615760.61,3.7494174,1555469098.16,1422720.92,0.0,1
4794886000143,2012-05-04,1556118216.17,3.7518911,1555897195.24,0.0,598134.59,1
4794886000143,2012-05-07,1553305973.84,3.7552309,1553010574.07,0.0,4271593.08,1
4794886000143,2012-05-08,1552996708.41,3.757650700000001,1552630650.52,0.0,1380677.3,1
4794886000143,2012-05-09,1552196801.11,3.7570256,1551756572.52,0.0,615774.32,1
4794886000143,2012-05-10,1547749015.41,3.7566227,1547234619.88,0.0,4355572.63,1
4794886000143,2012-05-11,1546368752.85,3.7597045,1545780403.28,0.0,2723503.79,1
4794886000143,2012-05-14,1546909257.5,3.760658,1546247028.0,74626.62,0.0,1
4794886000143,2012-05-15,1547341923.45,3.762314700000001,1546605789.37,0.0,322428.44,1
4794886000143,2012-05-16,1547164656.56,3.7636032,1546354600.81,0.0,780884.83,1
4794886000143,2012-05-17,1545951863.1,3.7656544,1545067897.65,0.0,2129473.32,1
4794886000143,2012-05-18,1546127304.93,3.7671572,1545169491.05,0.0,514984.75,1
4794886000143,2012-05-21,1546160056.8,3.7691027,1545128389.64,0.0,839113.97,1
4794886000143,2012-05-22,1545539077.08,3.7688771,1544433558.6,0.0,602329.72,1
4794886000143,2012-05-23,1543135512.0,3.7658846,1541956175.3,0.0,1251092.38,1
4794886000143,2012-05-24,1541467200.13,3.7673904,1540214163.18,0.0,2358580.48,1
4794886000143,2012-05-25,1540763483.65,3.7661572,1539436829.39,0.0,273172.96,1
4794886000143,2012-05-28,1539389828.32,3.7677953,1537989593.78,0.0,2116809.44,1
4794886000143,2012-05-29,1539329410.63,3.7690977,1537855664.71,0.0,665556.67,1
4794886000143,2012-05-30,1538245173.07,3.7715457,1536697922.15,0.0,2156587.59,1
4794886000143,2012-05-31,1534314003.3,3.7729213,1532693302.52,0.0,4565090.7,1
4794886000143,2012-06-01,1533617494.71,3.7735785,1531923534.76,0.0,1036749.49,1
4794886000143,2012-06-04,1531744579.02,3.7741216,1531597395.07,0.0,546611.23,1
4794886000143,2012-06-05,1530448233.66,3.7719428,1530227842.73,0.0,485351.96,1
4794886000143,2012-06-06,1528260045.62,3.7730827000000007,1527966512.93,0.0,2723768.69,1
4794886000143,2012-06-08,1527448547.66,3.7741007000000004,1527085639.89,0.0,1293118.7,1
4794886000143,2012-06-11,1522378692.87,3.7772989000000003,1521942609.17,0.0,6437096.8,1
4794886000143,2012-06-12,1517670950.37,3.7771845,1517162121.38,0.0,4734423.05,1
4794886000143,2012-06-13,1516921347.9,3.7787449,1516340001.27,0.0,1448857.67,1
4794886000143,2012-06-14,1514018078.12,3.7804,1513364252.98,0.0,3639922.08,1
4794886000143,2012-06-15,1512378032.8,3.7819936000000003,1511652726.35,0.0,2349472.59,1
4794886000143,2012-06-18,1511369450.35,3.781827,1510571889.07,0.0,1014245.38,1
4794886000143,2012-06-19,1510204442.37,3.7833918,1509334677.75,0.0,1862249.11,1
4794886000143,2012-06-20,1508265517.53,3.7852991,1507323608.48,0.0,2771939.39,1
4794886000143,2012-06-21,1505282975.55,3.7865692,1504269017.78,0.0,3560353.21,1
4794886000143,2012-06-22,1504823789.1,3.7884187000000007,1503737928.15,0.0,1265819.75,1
4794886000143,2012-06-25,1502035680.51,3.7896246,1500877941.64,0.0,3338653.88,1
4794886000143,2012-06-26,1504022287.81,3.7919349,1502792807.2,999874.45,0.0,1
4794886000143,2012-06-27,1505923089.29,3.7929557000000003,1504621775.79,1424388.11,0.0,1
4794886000143,2012-06-28,1505961342.71,3.7936894,1504588109.16,0.0,324711.72,1
4794886000143,2012-06-29,1502268825.8,3.7947032999999997,1500823673.85,0.0,4166533.8,1
4794886000143,2012-07-02,1497959112.77,3.7966906,1496442224.4,0.0,5167452.94,1
4794886000143,2012-07-03,1490828802.15,3.7987251,1490683722.82,0.0,6560373.16,1
4794886000143,2012-07-04,1487867692.02,3.7998957,1487651359.12,0.0,3491714.83,1
4794886000143,2012-07-05,1484072384.98,3.8000591,1483784942.9,0.0,3930399.51,1
4794886000143,2012-07-06,1481852917.1,3.800067,1481498003.19,0.0,2290039.05,1
4794886000143,2012-07-09,1481444489.94,3.8020551,1481018768.2,0.0,1254288.29,1
4794886000143,2012-07-10,1479138534.86,3.8030499,1478647428.1,0.0,2758878.23,1
4794886000143,2012-07-11,1479144269.62,3.8050891,1478582490.77,0.0,857769.47,1
4794886000143,2012-07-12,1478041121.85,3.8077319,1477408674.01,0.0,2200743.66,1
4794886000143,2012-07-13,1474726662.74,3.8083231,1474023601.78,0.0,3614490.39,1
4794886000143,2012-07-16,1470290527.04,3.8099797,1469517014.18,0.0,5147749.68,1
4794886000143,2012-07-17,1470219644.93,3.8120085,1469375894.74,0.0,923651.43,1
4794886000143,2012-07-18,1469917104.7,3.8127271,1469003123.93,0.0,649762.2,1
4794886000143,2012-07-19,1464341248.38,3.8140791,1463357054.77,0.0,6166961.82,1
4794886000143,2012-07-20,1463152072.12,3.8159078,1462097934.52,0.0,1960764.96,1
4794886000143,2012-07-23,1463377421.74,3.8181315,1462253400.12,0.0,696561.75,1
4794886000143,2012-07-24,1462075582.63,3.819877,1460881669.6,0.0,2040223.76,1
4794886000143,2012-07-25,1459257505.68,3.8201915,1457993766.53,0.0,3008158.25,1
4794886000143,2012-07-26,1459244257.02,3.8213672,1457910829.3,0.0,531666.22,1
4794886000143,2012-07-27,1459347313.28,3.8217451,1457944200.91,0.0,110779.81,1
4794886000143,2012-07-30,1456854731.2,3.8212826,1455381932.61,0.0,2385859.38,1
4794886000143,2012-07-31,1455286675.38,3.8223315,1453744312.55,0.0,2037094.07,1
4794886000143,2012-08-01,1455252689.53,3.8236016000000004,1453640840.49,0.0,586544.13,1
4794886000143,2012-08-02,1453982754.28,3.8253269999999997,1453845056.37,0.0,451720.09,1
4794886000143,2012-08-03,1451562703.06,3.8264357,1451355514.13,0.0,2910906.29,1
4794886000143,2012-08-06,1451361993.24,3.8274582,1451085431.81,0.0,657929.64,1
4794886000143,2012-08-07,1446273299.89,3.8286176,1445930831.99,0.0,5594147.06,1
4794886000143,2012-08-08,1446466019.68,3.8303964,1446054439.61,0.0,548184.1,1
4794886000143,2012-08-09,1444116969.29,3.8319447999999996,1443636271.1,0.0,3002727.4,1
4794886000143,2012-08-10,1441984584.03,3.8325703,1441434882.86,0.0,2437042.59,1
4794886000143,2012-08-13,1440417936.77,3.832333,1439799337.45,0.0,1546272.13,1
4794886000143,2012-08-14,1439469079.82,3.8334382000000007,1438781660.23,0.0,1432928.18,1
4794886000143,2012-08-15,1439153532.11,3.8339519999999996,1438398194.76,0.0,576302.85,1
4794886000143,2012-08-16,1437112453.53,3.8353224999999997,1436288361.65,0.0,2623983.65,1
4794886000143,2012-08-17,1434903123.1,3.8345176,1434010377.18,0.0,1976585.68,1
4794886000143,2012-08-20,1434696913.35,3.835749700000002,1433735621.86,0.0,735510.65,1
4794886000143,2012-08-21,1427510614.65,3.8355257000000007,1426480790.67,0.0,7171094.35,1
4794886000143,2012-08-22,1428434249.39,3.8373581,1427336238.39,173943.48,0.0,1
4794886000143,2012-08-23,1427859139.23,3.8382474,1426692900.47,0.0,974128.42,1
4794886000143,2012-08-24,1428140793.17,3.8394426,1426906357.29,0.0,230813.91,1
4794886000143,2012-08-27,1427163765.26,3.8406852,1425861122.09,0.0,1507014.06,1
4794886000143,2012-08-28,1427434892.3,3.842357,1426064091.62,0.0,417703.0,1
4794886000143,2012-08-29,1427240673.93,3.8438427,1425801706.08,0.0,813770.32,1
4794886000143,2012-08-30,1426725840.28,3.8445527999999998,1425218717.74,0.0,846401.51,1
4794886000143,2012-08-31,1423195026.47,3.8456053,1421619777.01,0.0,3989112.98,1
4794886000143,2012-09-03,1421390506.25,3.8469271,1419747301.22,0.0,2361109.71,1
4794886000143,2012-09-04,1417863832.85,3.848176,1417727623.53,0.0,2480600.15,1
4794886000143,2012-09-05,1417674602.23,3.8492085,1417470622.69,0.0,637393.24,1
4794886000143,2012-09-06,1416516197.06,3.8506023,1416244459.56,0.0,1739417.41,1
4794886000143,2012-09-10,1416434951.34,3.8509598,1416099059.38,0.0,276888.33,1
4794886000143,2012-09-11,1414456020.76,3.8514011,1414052608.08,0.0,2208728.2,1
4794886000143,2012-09-12,1415110692.31,3.8527348,1414639820.77,97548.56,0.0,1
4794886000143,2012-09-13,1413497655.3,3.8542196,1412959314.73,0.0,2225725.76,1
4794886000143,2012-09-14,1410611132.86,3.8555965,1410005403.28,0.0,3458653.81,1
4794886000143,2012-09-17,1409473982.64,3.8563977,1408801004.73,0.0,1497426.7,1
4794886000143,2012-09-18,1409603513.03,3.8578121,1408863344.12,0.0,454343.4,1
4794886000143,2012-09-19,1409651656.75,3.8585639,1408844176.02,0.0,293722.7,1
4794886000143,2012-09-20,1408657283.69,3.8594555,1407782492.03,0.0,1387237.16,1
4794886000143,2012-09-21,1409331129.91,3.8611185,1408389077.9,0.0,0.0,1
4794886000143,2012-09-24,1409517078.88,3.862557,1408507737.62,0.0,406074.05,1
4794886000143,2012-09-25,1410117516.12,3.8642072,1409040879.96,0.0,68618.12,1
4794886000143,2012-09-26,1410994246.3,3.8660351,1409850289.86,142887.14,0.0,1
4794886000143,2012-09-27,1411016621.79,3.866758,1409805306.53,0.0,308588.96,1
4794886000143,2012-09-28,1411353280.2,3.8679358,1410074608.24,0.0,160120.85,1
4794886000143,2012-10-01,1411261876.92,3.8696411,1409915832.73,0.0,780454.07,1
4794886000143,2012-10-02,1407116206.09,3.8711976000000003,1406980913.92,0.0,3502018.07,1
4794886000143,2012-10-03,1408655959.1,3.8728480000000003,1408453442.01,872683.57,0.0,1
4794886000143,2012-10-04,1408384760.72,3.8740388,1408114948.6,0.0,771562.12,1
4794886000143,2012-10-05,1409176932.64,3.8754777999999996,1408839841.61,201838.41,0.0,1
4794886000143,2012-10-08,1408596731.11,3.8802779000000003,1408192195.45,0.0,2392585.28,1
4794886000143,2012-10-09,1408572354.63,3.8801739,1408100405.21,0.0,54074.84,1
4794886000143,2012-10-10,1408989962.58,3.8814707000000004,1408456003.75,0.0,114996.96,1
4794886000143,2012-10-11,1409039852.58,3.8826306000000006,1408438467.42,0.0,438407.0,1
4794886000143,2012-10-15,1408376644.74,3.8845962,1407708689.56,0.0,1442806.71,1
4794886000143,2012-10-16,1406769648.41,3.8853771,1406034302.99,0.0,1957364.78,1
4794886000143,2012-10-17,1406307327.18,3.8864379000000002,1405504671.23,0.0,913525.2,1
4794886000143,2012-10-18,1405288471.54,3.8863383000000002,1404418530.28,0.0,1050118.8,1
4794886000143,2012-10-19,1406016459.68,3.8879138999999996,1405079284.85,91384.31,0.0,1
4794886000143,2012-10-22,1405476864.55,3.88945,1404467583.56,0.0,1166849.09,1
4794886000143,2012-10-23,1405152305.4,3.8909952000000003,1404080631.52,0.0,949751.1,1
4794886000143,2012-10-24,1404516979.23,3.8923186000000003,1403378089.72,0.0,1180103.26,1
4794886000143,2012-10-25,1406453156.54,3.8928653,1405247078.99,1671882.54,0.0,1
4794886000143,2012-10-26,1406608896.45,3.8933160000000004,1405335545.85,0.0,74231.94,1
4794886000143,2012-10-29,1407498105.93,3.8945689,1406157478.08,369677.28,0.0,1
4794886000143,2012-10-30,1405687228.14,3.8954629,1404279283.9,0.0,2200971.34,1
4794886000143,2012-10-31,1406798421.46,3.8964258999999997,1405326786.38,700329.78,0.0,1
4794886000143,2012-11-01,1406712109.45,3.8975429,1405173315.4,0.0,556344.07,1
4794886000143,2012-11-05,1405333822.21,3.8981976,1405201555.67,0.0,207801.12,1
4794886000143,2012-11-06,1406344230.77,3.8992581,1406144811.23,561001.41,0.0,1
4794886000143,2012-11-07,1404278913.74,3.8997706,1404012296.28,0.0,2317358.44,1
4794886000143,2012-11-08,1404520407.39,3.9008874,1404189579.64,0.0,224762.04,1
4794886000143,2012-11-09,1406044723.69,3.9014713,1405646922.31,1247140.17,0.0,1
4794886000143,2012-11-12,1402332202.47,3.901999,1401867173.47,0.0,3969869.95,1
4794886000143,2012-11-13,1402111739.83,3.9023316,1401579663.2,0.0,407008.63,1
4794886000143,2012-11-14,1401043681.97,3.9022105,1400444571.39,0.0,1091604.53,1
4794886000143,2012-11-16,1400594176.74,3.9014892,1399928086.28,0.0,257617.04,1
4794886000143,2012-11-19,1401404031.62,3.9035058,1400670985.87,19315.95,0.0,1
4794886000143,2012-11-20,1402473094.6,3.9049951,1401673058.17,467665.77,0.0,1
4794886000143,2012-11-21,1402634221.55,3.9059189,1401767146.72,0.0,237485.11,1
4794886000143,2012-11-22,1403420730.69,3.9064501,1402486613.0,528818.99,0.0,1
4794886000143,2012-11-23,1399987071.58,3.9072467,1398985876.75,0.0,3786742.53,1
4794886000143,2012-11-26,1401189218.68,3.9088114,1400121113.42,575004.69,0.0,1
4794886000143,2012-11-27,1402299405.46,3.9103407,1401164335.73,495427.7,0.0,1
4794886000143,2012-11-28,1400642206.03,3.9121682,1399440122.13,0.0,2379035.08,1
4794886000143,2012-11-29,1400273884.39,3.9128856,1399004868.42,0.0,691900.9,1
4794886000143,2012-11-30,1400759871.93,3.9137609,1399423944.63,106124.16,0.0,1
4794886000143,2012-12-03,1401097475.13,3.9156041,1399694616.54,0.0,388371.21,1
4794886000143,2012-12-04,1400399338.84,3.9170895,1400265004.15,39397.46,0.0,1
4794886000143,2012-12-05,1399383027.74,3.9196269999999998,1399181721.69,0.0,1990364.51,1
4794886000143,2012-12-06,1399795185.68,3.9206548999999997,1399526959.9,0.0,21678.68,1
4794886000143,2012-12-07,1396740051.86,3.9243672,1396408344.21,0.0,4443772.46,1
4794886000143,2012-12-10,1396139420.15,3.9246131,1395741429.0,0.0,754420.81,1
4794886000143,2012-12-11,1396345960.59,3.9246921,1395880738.38,111223.17,0.0,1
4794886000143,2012-12-12,1396384449.27,3.9248114000000003,1395852479.04,0.0,70692.54,1
4794886000143,2012-12-13,1397213932.22,3.9264473,1396615215.29,180907.25,0.0,1
4794886000143,2012-12-14,1398121447.72,3.928219200000002,1397457657.3,212195.08,0.0,1
4794886000143,2012-12-17,1398550522.02,3.9290992999999994,1397819052.97,48303.78,0.0,1
4794886000143,2012-12-18,1400373798.78,3.9300089,1399575488.91,1432828.04,0.0,1
4794886000143,2012-12-19,1399210570.64,3.9305868999999998,1398347981.47,0.0,1433354.81,1
4794886000143,2012-12-20,1398085606.01,3.9316266000000004,1397154239.84,0.0,1563625.41,1
4794886000143,2012-12-21,1399274785.79,3.9314008,1398275876.27,1201908.7,0.0,1
4794886000143,2012-12-24,1398566074.32,3.9321049,1397500302.22,0.0,1025999.99,1
4794886000143,2012-12-26,1398955732.79,3.9330687000000006,1397823135.05,0.0,19737.55,1
4794886000143,2012-12-27,1400696889.48,3.934561,1399497450.71,1143955.39,0.0,1
4794886000143,2012-12-28,1401900345.8,3.9357102999999998,1400633986.28,727750.78,0.0,1
4794886000143,2012-12-31,1402422060.84,3.9369881,1401088726.44,0.0,0.0,1
4794886000143,2013-01-02,1404420476.69,3.9379733,1403020142.87,1580787.45,0.0,1
4794886000143,2013-01-03,1404248621.89,3.9395776,1404112752.66,521037.77,0.0,1
4794886000143,2013-01-04,1405370775.76,3.9417357,1405167763.11,285841.23,0.0,1
4794886000143,2013-01-07,1402057491.67,3.9426383,1401787285.35,0.0,3702239.53,1
4794886000143,2013-01-08,1402228752.17,3.9440978,1401894946.56,0.0,411250.51,1
4794886000143,2013-01-09,1400313387.84,3.9440846,1399912559.37,0.0,1977710.62,1
4794886000143,2013-01-10,1399650893.93,3.9457852,1399188536.98,0.0,1327622.06,1
4794886000143,2013-01-11,1399396498.43,3.947275,1398867247.49,0.0,849585.96,1
4794886000143,2013-01-14,1399665171.06,3.9485366,1399069041.43,0.0,245283.08,1
4794886000143,2013-01-15,1399398369.55,3.949596,1398735351.59,0.0,709088.0,1
4794886000143,2013-01-16,1399114547.14,3.9504295,1398384656.78,0.0,645863.39,1
4794886000143,2013-01-17,1399469902.7,3.951354,1398673156.63,0.0,38772.91,1
4794886000143,2013-01-18,1398387870.43,3.9510964,1397524254.9,0.0,1057715.52,1
4794886000143,2013-01-21,1398396369.33,3.9513138,1397465939.07,0.0,135214.75,1
4794886000143,2013-01-22,1398802922.12,3.9535998,1397805679.89,0.0,468722.97,1
4794886000143,2013-01-23,1399885419.33,3.9541378,1398821348.95,825439.82,0.0,1
4794886000143,2013-01-24,1400296892.04,3.9554897000000007,1399165945.16,0.0,133659.91,1
4794886000143,2013-01-25,1395293110.28,3.9539221,1394095270.38,0.0,4516173.0,1
4794886000143,2013-01-28,1395450853.1,3.9550565,1394186361.85,0.0,308860.42,1
4794886000143,2013-01-29,1396346984.05,3.9553424,1395015837.0,728686.32,0.0,1
4794886000143,2013-01-30,1394048421.62,3.9562448,1392650579.27,0.0,2683531.15,1
4794886000143,2013-01-31,1392526224.73,3.9562981,1391061799.73,0.0,1607538.32,1
4794886000143,2013-02-01,1390670034.13,3.9563029000000003,1389139102.12,0.0,1924382.34,1
4794886000143,2013-02-04,1389732404.64,3.9569286,1389600611.15,241791.76,0.0,1
4794886000143,2013-02-05,1390406678.13,3.9567072,1390208447.24,685590.09,0.0,1
4794886000143,2013-02-06,1389931173.93,3.9558793,1389666476.66,0.0,251085.25,1
4794886000143,2013-02-07,1390275771.48,3.9558032,1389948067.07,308333.63,0.0,1
4794886000143,2013-02-08,1389868548.79,3.9552127,1389474343.32,0.0,266221.44,1
4794886000143,2013-02-13,1389927943.61,3.955743,1389467259.63,0.0,193383.9,1
4794886000143,2013-02-14,1388718991.48,3.9568714,1388191829.33,0.0,1671800.0,1
4794886000143,2013-02-15,1388508988.6,3.9574078999999998,1387916263.48,0.0,463772.82,1
4794886000143,2013-02-18,1388825855.0,3.9588129999999997,1388166725.06,0.0,242348.3,1
4794886000143,2013-02-19,1388501472.67,3.9590062000000006,1387775925.97,0.0,458517.31,1
4794886000143,2013-02-20,1388833697.88,3.9600008,1388042010.7,0.0,82587.57,1
4794886000143,2013-02-21,1388477912.47,3.9606184,1387619556.79,0.0,638913.58,1
4794886000143,2013-02-22,1389285100.28,3.9619367999999997,1388360353.88,278904.05,0.0,1
4794886000143,2013-02-25,1388638497.5,3.961982,1387647325.12,0.0,728875.79,1
4794886000143,2013-02-26,1387505149.05,3.963971,1386447584.64,0.0,1896362.35,1
4794886000143,2013-02-27,1387721683.69,3.9653267999999997,1386597784.39,0.0,324008.61,1
4794886000143,2013-02-28,1387904459.43,3.9664406000000003,1386714218.07,0.0,273052.3,1
4794886000143,2013-03-01,1385826693.85,3.9673147000000006,1384570104.9,0.0,2449700.0,1
4794886000143,2013-03-04,1383162918.91,3.9690943,1383030338.33,0.0,2160851.31,1
4794886000143,2013-03-05,1383837702.6,3.9703513,1383638949.55,170623.62,0.0,1
4794886000143,2013-03-06,1384198460.18,3.9721495,1383933506.27,0.0,332116.12,1
4794886000143,2013-03-07,1382987349.66,3.9731576,1382659029.86,0.0,1625723.38,1
4794886000143,2013-03-08,1382193569.32,3.9734346,1381799194.27,0.0,956206.98,1
4794886000143,2013-03-11,1382729358.75,3.9735163,1382268969.42,441343.21,0.0,1
4794886000143,2013-03-12,1382350072.98,3.9740885,1381823595.81,0.0,644399.16,1
4794886000143,2013-03-13,1381186053.13,3.9740987,1380593509.34,0.0,1233651.27,1
4794886000143,2013-03-14,1378904983.7,3.9736182,1378246431.83,0.0,2180132.22,1
4794886000143,2013-03-15,1378900005.55,3.975214100000001,1378175558.33,0.0,624417.06,1
4794886000143,2013-03-18,1379170024.84,3.9769392,1378379684.61,0.0,393973.02,1
4794886000143,2013-03-19,1378931775.11,3.9777731,1378075532.16,0.0,593164.38,1
4794886000143,2013-03-20,1378014485.99,3.9792434,1377092354.79,0.0,1492541.0,1
4794886000143,2013-03-21,1376003590.89,3.9793903,1375015618.26,0.0,2127580.35,1
4794886000143,2013-03-22,1375578091.25,3.9784433,1374524376.08,0.0,164015.39,1
4794886000143,2013-03-25,1375964747.37,3.9793437000000007,1374845313.07,9855.7,0.0,1
4794886000143,2013-03-26,1376277810.8,3.980634,1375092642.07,0.0,198465.98,1
4794886000143,2013-03-27,1375788465.98,3.9815146,1374537551.06,0.0,859286.66,1
4794886000143,2013-03-28,1373842337.36,3.9826256,1372525702.76,0.0,2395426.19,1
4794886000143,2013-04-01,1373094417.23,3.9812065000000003,1371712163.06,0.0,324461.18,1
4794886000143,2013-04-02,1371830732.63,3.9801665999999996,1371696946.01,343086.93,0.0,1
4794886000143,2013-04-03,1371891100.37,3.9822561000000003,1371691733.65,0.0,725346.96,1
4794886000143,2013-04-04,1370816161.13,3.9817334000000004,1370551214.54,0.0,960473.66,1
4794886000143,2013-04-05,1371733109.15,3.9833381,1371405470.2,301913.61,0.0,1
4794886000143,2013-04-08,1373894726.42,3.9876552000000003,1373501496.12,609701.04,0.0,1
4794886000143,2013-04-09,1374805165.08,3.9879611000000006,1374346243.64,739405.5,0.0,1
4794886000143,2013-04-10,1375407229.43,3.9891102,1374887976.62,145698.38,0.0,1
4794886000143,2013-04-11,1375495163.75,3.9900726000000004,1374910153.76,0.0,309507.02,1
4794886000143,2013-04-12,1375641759.52,3.9902097000000003,1374990991.3,33607.17,0.0,1
4794886000143,2013-04-15,1374263717.36,3.9895468000000003,1373548043.05,0.0,1214530.26,1
4794886000143,2013-04-16,1375212059.34,3.9902157,1374430692.71,652342.51,0.0,1
4794886000143,2013-04-17,1376640018.84,3.9916968999999995,1375792917.82,852033.46,0.0,1
4794886000143,2013-04-18,1377318807.08,3.9928099,1376405906.82,229369.51,0.0,1
4794886000143,2013-04-19,1373241831.85,3.9971212999999994,1372263103.15,0.0,5629014.31,1
4794886000143,2013-04-22,1375145007.21,3.9985061,1374100647.35,1362106.49,0.0,1
4794886000143,2013-04-23,1375035011.49,3.9998261,1373924932.97,0.0,629329.33,1
4794886000143,2013-04-24,1375243142.07,4.0007324,1374067353.24,0.0,168880.6,1
4794886000143,2013-04-25,1375652638.27,4.0010159,1374411132.38,246403.6,0.0,1
4794886000143,2013-04-26,1374122928.33,4.0008906,1372815688.98,0.0,1552407.46,1
4794886000143,2013-04-29,1374872537.16,4.0012253,1373499640.33,569115.62,0.0,1
4794886000143,2013-04-30,1375369524.56,4.0024542,1373930937.69,9442.31,0.0,1
4794886000143,2013-05-02,1374874407.83,4.0038313,1373370110.38,0.0,1033555.12,1
4794886000143,2013-05-03,1376029900.14,4.0065801,1375898846.43,1585884.06,0.0,1
4794886000143,2013-05-06,1375015776.44,4.006649899999998,1374818918.43,0.0,1103893.22,1
4794886000143,2013-05-07,1372416492.9,4.0080017,1372153882.03,0.0,3128897.56,1
4794886000143,2013-05-08,1373123731.26,4.0093476,1372798327.6,183679.98,0.0,1
4794886000143,2013-05-09,1374987073.54,4.0103083,1374596001.36,1468727.26,0.0,1
4794886000143,2013-05-10,1375329609.62,4.0096574,1374872783.32,499884.3,0.0,1
4794886000143,2013-05-13,1375054177.95,4.008795,1374531584.35,0.0,45508.91,1
4794886000143,2013-05-14,1374443697.81,4.010276,1373855353.16,0.0,1184015.34,1
4794886000143,2013-05-15,1374195313.67,4.0088901,1373541250.16,160682.76,0.0,1
4794886000143,2013-05-16,1375448345.44,4.0109673,1374728578.04,475631.63,0.0,1
4794886000143,2013-05-17,1374612508.79,4.0123699,1373826980.94,0.0,1382349.19,1
4794886000143,2013-05-20,1375964820.59,4.0121602,1375113575.24,1358426.19,0.0,1
4794886000143,2013-05-21,1376071788.66,4.0120744,1375154764.54,70586.84,0.0,1
4794886000143,2013-05-22,1376748712.59,4.0133959,1375765907.74,158181.45,0.0,1
4794886000143,2013-05-23,1375879550.38,4.0135009,1374830935.7,0.0,970961.43,1
4794886000143,2013-05-24,1376472200.78,4.0137327,1375357820.78,447479.7,0.0,1
4794886000143,2013-05-27,1373508545.41,4.0128157,1372328375.02,0.0,2715224.09,1
4794886000143,2013-05-28,1373195006.65,4.0115434,1371949190.11,55925.61,0.0,1
4794886000143,2013-05-29,1371566914.55,4.0086166,1370255469.93,0.0,692759.3,1
4794886000143,2013-05-31,1372800162.81,4.0112623,1371423170.76,263340.48,0.0,1
4794886000143,2013-06-03,1369417322.77,4.0075864999999995,1367974727.68,0.0,2191713.41,1
4794886000143,2013-06-04,1366194786.62,4.0048201,1366060737.44,0.0,969702.95,1
4794886000143,2013-06-05,1367574536.23,4.0083057,1367375139.36,125462.33,0.0,1
4794886000143,2013-06-06,1367886978.79,4.009443,1367622171.66,0.0,140943.58,1
4794886000143,2013-06-07,1367552929.36,4.0081074,1367225564.07,58979.34,0.0,1
4794886000143,2013-06-10,1363813101.88,4.0071549,1363420333.89,0.0,3480318.44,1
4794886000143,2013-06-11,1362138536.08,3.9985159,1361680546.58,1199594.43,0.0,1
4794886000143,2013-06-12,1361323318.68,3.9971104,1360800190.52,0.0,401721.61,1
4794886000143,2013-06-13,1361875711.83,3.9940032999999997,1361287486.94,1545111.88,0.0,1
4794886000143,2013-06-14,1363701171.55,4.0027574999999995,1363048682.64,0.0,1222531.87,1
4794886000143,2013-06-17,1348354801.53,4.0011806000000005,1347637109.75,0.0,14874618.65,1
4794886000143,2013-06-18,1348013388.41,3.9981892999999995,1347231227.62,601648.59,0.0,1
4794886000143,2013-06-19,1344567080.64,3.993257700000002,1343720470.19,0.0,1849026.62,1
4794886000143,2013-06-20,1340839365.63,3.9861318999999997,1339928472.69,0.0,1394169.63,1
4794886000143,2013-06-21,1344019250.77,3.9915309999999997,1343044255.91,1300891.12,0.0,1
4794886000143,2013-06-24,1346264396.46,3.9965417000000003,1345225151.32,494933.73,0.0,1
4794886000143,2013-06-25,1347229978.74,4.0052531,1346126379.45,0.0,2031019.46,1
4794886000143,2013-06-26,1347985515.86,4.0098723,1346817519.51,0.0,861335.67,1
4794886000143,2013-06-27,1349873519.56,4.0108347,1348641093.24,1500329.41,0.0,1
4794886000143,2013-06-28,1350995721.44,4.0148199,1349698778.32,0.0,282333.24,1
4794886000143,2013-07-01,1349930804.63,4.0104206,1348569349.42,349538.03,0.0,1
4794886000143,2013-07-02,1349005659.92,4.0125463,1348871474.53,0.0,412678.85,1
4794886000143,2013-07-03,1351197996.86,4.016441,1350999338.78,818599.09,0.0,1
4794886000143,2013-07-04,1346464884.97,4.0162232000000015,1346201652.86,0.0,4724440.49,1
4794886000143,2013-07-05,1345059274.04,4.0122375,1344734560.26,0.0,131092.18,1
4794886000143,2013-07-08,1342150416.91,4.0123986,1341761444.61,0.0,3027121.17,1
4794886000143,2013-07-09,1342927490.48,4.0157115,1342474401.23,0.0,394882.9,1
4794886000143,2013-07-10,1338316706.81,4.0167881,1337804866.67,0.0,5029469.21,1
4794886000143,2013-07-11,1338116738.68,4.0170758,1337540970.0,0.0,359703.1,1
4794886000143,2013-07-12,1337708616.49,4.0166442,1337068931.84,0.0,328334.47,1
4794886000143,2013-07-15,1335396530.89,4.0179858,1334692952.74,0.0,2822570.14,1
4794886000143,2013-07-16,1335694087.96,4.0222943,1334926729.46,0.0,1197424.34,1
4794886000143,2013-07-17,1335515071.61,4.0236894,1334683921.62,0.0,705810.41,1
4794886000143,2013-07-18,1336771826.84,4.0274889,1335876196.78,0.0,68035.09,1
4794886000143,2013-07-19,1336965167.75,4.031218,1336006401.14,0.0,1106697.58,1
4794886000143,2013-07-22,1336642160.09,4.0342333,1335619550.59,0.0,1386178.87,1
4794886000143,2013-07-23,1337514615.8,4.0367708,1336428181.82,0.0,31475.86,1
4794886000143,2013-07-24,1336680325.05,4.0395796000000015,1335530028.09,0.0,1828029.7,1
4794886000143,2013-07-25,1336097444.28,4.0382486,1334883327.1,0.0,206665.16,1
4794886000143,2013-07-26,1336191328.54,4.038537,1334913421.95,0.0,65251.47,1
4794886000143,2013-07-29,1336457323.19,4.0387342,1335115625.74,137029.1,0.0,1
4794886000143,2013-07-30,1333386661.17,4.0364198,1331981163.25,0.0,2369381.84,1
4794886000143,2013-07-31,1333526445.92,4.0353619,1332057296.78,425232.15,0.0,1
4794886000143,2013-08-01,1336688243.05,4.0388156,1335155439.07,1958102.98,0.0,1
4794886000143,2013-08-02,1331930202.46,4.036277,1331800566.72,0.0,2515673.61,1
4794886000143,2013-08-05,1333795925.69,4.0393736,1333602647.34,780353.05,0.0,1
4794886000143,2013-08-06,1330037434.48,4.0412864,1329780427.69,0.0,4453731.69,1
4794886000143,2013-08-07,1331338079.44,4.040879299999999,1331020339.01,1373869.74,0.0,1
4794886000143,2013-08-08,1331812575.79,4.0421116,1331431196.94,4945.11,0.0,1
4794886000143,2013-08-09,1332240006.77,4.0440862,1331794969.92,0.0,286650.17,1
4794886000143,2013-08-12,1333786142.12,4.0460606,1333277429.96,832275.01,0.0,1
4794886000143,2013-08-13,1332102946.24,4.041887,1331530488.18,0.0,371666.44,1
4794886000143,2013-08-14,1331524515.46,4.0417261,1330888394.68,0.0,589076.57,1
4794886000143,2013-08-15,1329957300.04,4.0392978,1329258364.06,0.0,830425.0,1
4794886000143,2013-08-16,1329226812.06,4.0408217,1328464283.49,0.0,1295549.78,1
4794886000143,2013-08-19,1329001890.27,4.0403423,1328175806.94,0.0,130869.51,1
4794886000143,2013-08-20,1327516653.75,4.0383636,1326627237.62,0.0,898112.84,1
4794886000143,2013-08-21,1331130783.96,4.046121,1330177880.37,1002263.56,0.0,1
4794886000143,2013-08-22,1327313087.63,4.0418388,1326296585.26,0.0,2473496.0,1
4794886000143,2013-08-23,1328893405.51,4.0435214,1327813489.2,964777.66,0.0,1
4794886000143,2013-08-26,1332427002.69,4.0505149,1331283600.22,1173591.79,0.0,1
4794886000143,2013-08-27,1329593680.91,4.0495678,1328386627.04,0.0,2585703.89,1
4794886000143,2013-08-28,1332048555.91,4.0508681000000015,1330777988.56,1964832.8,0.0,1
4794886000143,2013-08-29,1333120530.39,4.0526315,1331786335.71,429027.55,0.0,1
4794886000143,2013-08-30,1330742218.31,4.049402,1329344348.28,0.0,1380685.78,1
4794886000143,2013-09-02,1329572797.53,4.0502562000000015,1328111368.42,0.0,1513406.37,1
4794886000143,2013-09-03,1328709581.35,4.0513149,1328582561.61,124034.11,0.0,1
4794886000143,2013-09-04,1329341485.34,4.0522278,1329146908.69,264984.98,0.0,1
4794886000143,2013-09-05,1327561640.47,4.0532062999999985,1327303514.15,0.0,2164348.88,1
4794886000143,2013-09-06,1329568885.51,4.0538363,1329250168.69,1740347.72,0.0,1
4794886000143,2013-09-09,1331847965.81,4.0561837,1331465738.83,1445859.86,0.0,1
4794886000143,2013-09-10,1333158780.66,4.057628500000001,1332712938.03,772929.12,0.0,1
4794886000143,2013-09-11,1327409382.31,4.0592149,1326899864.65,0.0,6334131.0,1
4794886000143,2013-09-12,1328355714.98,4.0605208,1327782799.09,456059.89,0.0,1
4794886000143,2013-09-13,1328158342.12,4.060468,1327521985.96,0.0,243550.62,1
4794886000143,2013-09-16,1328055259.51,4.0617758,1327355475.49,0.0,594059.43,1
4794886000143,2013-09-17,1324686391.82,4.0631048,1323923187.88,0.0,3866610.15,1
4794886000143,2013-09-18,1323906833.23,4.0644455000000015,1323080372.82,0.0,1279667.51,1
4794886000143,2013-09-19,1325384028.43,4.0712005,1324494351.66,0.0,784927.83,1
4794886000143,2013-09-20,1325594176.22,4.071531200000001,1324641215.77,39270.12,0.0,1
4794886000143,2013-09-23,1326638856.38,4.0729973,1325622605.27,504386.82,0.0,1
4794886000143,2013-09-24,1327240808.63,4.0735413000000005,1326161220.1,361565.45,0.0,1
4794886000143,2013-09-25,1328971091.78,4.0749895,1327828140.2,1195449.17,0.0,1
4794886000143,2013-09-26,1328754545.85,4.0748494,1327548151.84,0.0,234328.51,1
4794886000143,2013-09-27,1328685609.06,4.074443100000001,1327415785.95,0.0,0.0,1
4794886000143,2013-09-30,1329451803.74,4.075019,1328118557.83,825855.46,310693.17,1
4794886000143,2013-10-01,1330605216.78,4.0758303,1329208512.05,825537.67,0.0,1
4794886000143,2013-10-02,1329896682.77,4.0758987,1329763905.08,533063.71,0.0,1
4794886000143,2013-10-03,1332403827.92,4.0774738,1332207513.07,1929742.25,0.0,1
4794886000143,2013-10-04,1331695030.07,4.0794665,1331435061.68,0.0,1423512.0,1
4794886000143,2013-10-07,1330499047.26,4.0807081,1330178325.64,0.0,1661972.01,1
4794886000143,2013-10-08,1331404164.48,4.082635,1331019996.76,213557.89,0.0,1
4794886000143,2013-10-09,1333014600.83,4.084653,1332566946.96,889065.88,0.0,1
4794886000143,2013-10-10,1335047309.45,4.0874312,1334541495.75,1068189.38,0.0,1
4794886000143,2013-10-11,1336200644.76,4.0868125,1335631177.2,1291679.77,0.0,1
4794886000143,2013-10-14,1335266212.49,4.0878051,1334633039.19,0.0,1322545.5,1
4794886000143,2013-10-15,1335817305.08,4.0887936,1335121169.45,165416.84,0.0,1
4794886000143,2013-10-16,1336695460.66,4.0899015,1335935484.46,453528.66,993.62,1
4794886000143,2013-10-17,1338425490.07,4.0909574,1337601634.51,1321245.44,0.0,1
4794886000143,2013-10-18,1339908692.97,4.0918932,1339020878.7,1113267.88,0.0,1
4794886000143,2013-10-21,1338088317.86,4.0918845,1337136477.32,0.0,1881553.21,1
4794886000143,2013-10-22,1340092383.22,4.0923202000000005,1339076606.13,1797774.44,0.0,1
4794886000143,2013-10-23,1342407645.75,4.095001,1341327839.73,1374024.97,0.0,1
4794886000143,2013-10-24,1343911585.59,4.097537,1342767643.44,609115.55,0.0,1
4794886000143,2013-10-25,1341872731.75,4.0981290999999995,1340664584.91,0.0,2297077.78,1
4794886000143,2013-10-28,1344719457.87,4.0997580000000005,1343447206.47,2249729.83,0.0,1
4794886000143,2013-10-29,1345936599.56,4.1006807,1344600111.11,850565.43,0.0,1
4794886000143,2013-10-30,1347934508.17,4.1022794000000005,1346533727.75,1409385.96,0.0,1
4794886000143,2013-10-31,1347956295.2,4.1039976000000005,1346491130.76,0.0,606556.9,1
4794886000143,2013-11-01,1349943735.12,4.1032414,1348414188.67,2171161.92,0.0,1
4794886000143,2013-11-04,1346577623.77,4.1014955,1346447057.93,0.0,1393392.42,1
4794886000143,2013-11-05,1340361194.53,4.102272,1340166248.78,0.0,6535722.5,1
4794886000143,2013-11-06,1339099458.74,4.1013197,1338840044.59,0.0,1015092.14,1
4794886000143,2013-11-07,1339864299.08,4.1016175000000015,1339544118.35,606858.02,0.0,1
4794886000143,2013-11-08,1339140312.68,4.0987774,1338756057.47,139485.88,0.0,1
4794886000143,2013-11-11,1341944682.33,4.0985427,1341496390.16,2816978.58,0.0,1
4794886000143,2013-11-12,1342406076.92,4.099756299999999,1341893617.31,0.0,0.0,1
4794886000143,2013-11-13,1347588642.89,4.103803299999999,1347011996.9,3793770.13,0.0,1
4794886000143,2013-11-14,1346914678.18,4.1073227,1346273602.51,0.0,1893584.14,1
4794886000143,2013-11-18,1350006166.36,4.109706299999999,1349300695.35,2245810.8,0.0,1
4794886000143,2013-11-19,1348251094.77,4.1129321,1347481084.68,0.0,2878718.45,1
4794886000143,2013-11-20,1346272892.93,4.1113325,1345438430.4,0.0,1518592.07,1
4794886000143,2013-11-21,1347551299.69,4.1126719,1346652482.0,775728.38,0.0,1
4794886000143,2013-11-22,1347178826.39,4.1106762,1346219131.82,220134.39,0.0,1
4794886000143,2013-11-25,1347778414.71,4.1119625,1346754327.81,113915.3,0.0,1
4794886000143,2013-11-26,1345677870.82,4.1112988,1344589366.09,0.0,1947567.26,1
4794886000143,2013-11-27,1348632430.72,4.1135356,1347479611.26,2158707.7,0.0,1
4794886000143,2013-11-28,1349371197.18,4.1146544,1348153925.34,307804.95,0.0,1
4794886000143,2013-11-29,1355529752.33,4.1170513999999985,1354247996.02,5308716.45,0.0,1
4794886000143,2013-12-02,1356518514.83,4.1163052,1355171983.86,1169427.0,0.0,1
4794886000143,2013-12-03,1353539105.87,4.1149953,1353408585.01,0.0,1332132.0,1
4794886000143,2013-12-04,1354044431.15,4.1154577,1353849175.59,288488.48,0.0,1
4794886000143,2013-12-05,1354972800.31,4.1171917,1354712789.08,293179.98,0.0,1
4794886000143,2013-12-06,1357811693.19,4.119965799999999,1357489788.81,1864221.31,0.0,1
4794886000143,2013-12-09,1359497675.1,4.1217803,1359110915.19,1023287.27,0.0,1
4794886000143,2013-12-10,1361483302.28,4.1242571,1361031609.63,1103990.65,0.0,1
4794886000143,2013-12-11,1365128678.02,4.1271943,1364611961.19,2611055.15,0.0,1
4794886000143,2013-12-12,1364636676.3,4.129215,1364054764.75,0.0,1225340.45,1
4794886000143,2013-12-13,1365471306.48,4.1314208,1364825082.73,41678.74,0.0,1
4794886000143,2013-12-16,1367351129.29,4.1327336,1366639701.63,1380924.66,0.0,1
4794886000143,2013-12-17,1370679191.46,4.1344012999999995,1369902473.48,2711288.77,0.0,1
4794886000143,2013-12-18,1372288862.66,4.1358599,1371446698.99,1060922.07,0.0,1
4794886000143,2013-12-19,1374383602.76,4.137424299999998,1373475919.87,1510468.32,0.0,1
4794886000143,2013-12-20,1375665534.18,4.1374097999999995,1374692589.04,1221486.02,0.0,1
4794886000143,2013-12-23,1376737508.85,4.1378371,1375698536.32,863951.13,0.0,1
4794886000143,2013-12-24,1377801536.56,4.1396454,1376696842.34,397113.99,0.0,1
4794886000143,2013-12-26,1380950753.83,4.1411526,1379780290.38,2582208.34,0.0,1
4794886000143,2013-12-27,1383720250.73,4.1419442,1382483871.22,2439850.06,0.0,1
4794886000143,2013-12-30,1386741776.95,4.1442783,1385439352.63,2176403.03,0.0,1
4794886000143,2013-12-31,1387429859.56,4.1461386,1386061249.7,0.0,0.0,1
4794886000143,2014-01-02,1389203791.93,4.1476426,1387768962.77,1418121.87,213200.04,1
4794886000143,2014-01-03,1389116111.07,4.1482822,1388981589.41,998610.58,0.0,1
4794886000143,2014-01-06,1390787726.2,4.1496459,1390586846.18,1148643.97,0.0,1
4794886000143,2014-01-07,1389467563.64,4.150789,1389200248.81,0.0,1769671.35,1
4794886000143,2014-01-08,1389770514.49,4.1524981,1389439842.97,0.0,332390.14,1
4794886000143,2014-01-09,1389622095.81,4.1532373,1389225015.53,0.0,462181.29,1
4794886000143,2014-01-10,1389106596.22,4.1543303,1388648517.42,0.0,942086.88,1
4794886000143,2014-01-13,1389527446.43,4.156738,1389002971.48,0.0,450357.46,1
4794886000143,2014-01-14,1389672227.68,4.1580525,1389081339.7,0.0,360890.85,1
4794886000143,2014-01-15,1387760194.44,4.1588463,1387102889.7,0.0,2243622.17,1
4794886000143,2014-01-16,1389392190.82,4.1608288999999985,1388668563.54,904414.55,0.0,1
4794886000143,2014-01-17,1390371305.31,4.1624791,1389581280.93,361951.99,0.0,1
4794886000143,2014-01-20,1391997252.6,4.1647441,1391140938.09,803517.84,0.0,1
4794886000143,2014-01-21,1391171912.14,4.1648537,1390249107.87,0.0,928436.09,1
4794886000143,2014-01-22,1392151129.97,4.165184,1391161878.4,802510.34,0.0,1
4794886000143,2014-01-23,1392769839.44,4.1664256,1391714097.12,137528.55,0.0,1
4794886000143,2014-01-24,1394832725.6,4.1653574,1393710466.23,2353184.24,0.0,1
4794886000143,2014-01-27,1395701056.7,4.167609,1394512185.21,48364.24,0.0,1
4794886000143,2014-01-28,1395198287.51,4.1677449,1393942765.71,0.0,614920.45,1
4794886000143,2014-01-29,1396580019.37,4.168056299999999,1395257874.39,1210955.4,0.0,1
4794886000143,2014-01-30,1399165549.43,4.1681786,1397776718.65,2477931.21,0.0,1
4794886000143,2014-01-31,1400586448.65,4.1681377999999984,1399130812.12,1367748.39,0.0,1
4794886000143,2014-02-03,1402801851.06,4.1693663999999995,1401279344.29,1736138.14,0.0,1
4794886000143,2014-02-04,1403151492.86,4.1703278,1403018814.28,1416345.48,0.0,1
4794886000143,2014-02-05,1405854550.25,4.1738077,1405654816.31,1465275.82,0.0,1
4794886000143,2014-02-06,1407077643.46,4.177415,1406810728.62,0.0,58943.48,1
4794886000143,2014-02-07,1407673993.48,4.179187799999999,1407342856.65,0.0,64909.39,1
4794886000143,2014-02-10,1408731643.17,4.182710299999999,1408333230.6,0.0,195812.92,1
4794886000143,2014-02-11,1410283338.46,4.1844891,1409817603.0,885442.47,0.0,1
4794886000143,2014-02-12,1411694715.99,4.1854426,1411161586.94,1022720.84,0.0,1
4794886000143,2014-02-13,1412698539.34,4.1861491000000015,1412097952.72,698167.32,0.0,1
4794886000143,2014-02-14,1416205976.69,4.1884755,1415536985.92,2654272.21,0.0,1
4794886000143,2014-02-17,1418189512.41,4.1909905,1417454656.03,1067721.35,0.0,1
4794886000143,2014-02-18,1419039423.0,4.1941285000000015,1418236805.67,0.0,279183.71,1
4794886000143,2014-02-19,1421348594.33,4.1973876,1420478178.81,1139331.48,0.0,1
4794886000143,2014-02-20,1423834271.57,4.1984582,1422895951.12,2055449.5,0.0,1
4794886000143,2014-02-21,1424830745.14,4.2016304,1423824404.65,0.0,146639.71,1
4794886000143,2014-02-24,1427169737.8,4.203600499999999,1426095333.05,1603305.77,0.0,1
4794886000143,2014-02-25,1427397620.52,4.2053177,1426255043.36,0.0,422835.8,1
4794886000143,2014-02-26,1431065911.82,4.2067215,1429856011.71,3124857.05,0.0,1
4794886000143,2014-02-27,1433996260.53,4.2086985,1432718009.61,2190000.69,0.0,1
4794886000143,2014-02-28,1438518074.06,4.2116611,1437171367.63,3444832.26,0.0,1
4794886000143,2014-03-05,1438274437.53,4.2118011,1436858974.66,0.0,360156.6,1
4794886000143,2014-03-06,1436727745.75,4.213401599999999,1436591160.37,0.0,813837.55,1
4794886000143,2014-03-07,1438365887.91,4.2146759000000005,1438160616.02,1134985.7,0.0,1
4794886000143,2014-03-10,1439632577.75,4.2152235000000005,1439358596.34,1011137.42,0.0,1
4794886000143,2014-03-11,1438258690.47,4.215585,1437918873.48,0.0,1563190.12,1
4794886000143,2014-03-12,1439497692.54,4.2164052000000005,1439089100.87,890470.9,0.0,1
4794886000143,2014-03-13,1438893073.03,4.2190371,1438415713.77,0.0,1571666.28,1
4794886000143,2014-03-14,1443405275.32,4.221325900000001,1442859189.59,3663142.78,0.0,1
4794886000143,2014-03-17,1446688336.05,4.2226629,1446073187.53,2757002.28,0.0,1
4794886000143,2014-03-18,1449627225.42,4.2242583,1448942942.96,2323396.06,0.0,1
4794886000143,2014-03-19,1441839717.24,4.2253864000000005,1441086202.24,0.0,8243662.01,1
4794886000143,2014-03-20,1442346889.3,4.2261642,1441524464.03,172986.15,0.0,1
4794886000143,2014-03-21,1445029340.83,4.22832,1444138011.51,1878213.22,0.0,1
4794886000143,2014-03-24,1444305464.53,4.2300825,1443345056.92,0.0,1394936.55,1
4794886000143,2014-03-25,1446000871.27,4.231911599999999,1444971537.31,1002377.62,0.0,1
4794886000143,2014-03-26,1448815799.46,4.2336502000000005,1447717315.1,2152131.03,0.0,1
4794886000143,2014-03-27,1451774287.15,4.235517400000001,1450606627.62,2250837.0,0.0,1
4794886000143,2014-03-28,1452372366.86,4.2373222,1451135373.14,0.0,89384.41,1
4794886000143,2014-03-31,1457568355.22,4.2391805,1456261983.28,4490196.71,0.0,1
4794886000143,2014-04-01,1458798162.44,4.2407207,1457422126.67,631055.24,0.0,1
4794886000143,2014-04-02,1460254614.48,4.2424307,1460114029.42,2104225.02,0.0,1
4794886000143,2014-04-03,1462828865.48,4.244179099999998,1462618469.17,1902691.24,0.0,1
4794886000143,2014-04-04,1459353747.08,4.2465683,1459073437.09,0.0,4368391.91,1
4794886000143,2014-04-07,1460742045.51,4.2480641,1460395053.63,807671.05,0.0,1
4794886000143,2014-04-08,1461566906.67,4.2496585,1461150250.52,207090.0,0.0,1
4794886000143,2014-04-09,1461769708.96,4.2509551,1461283374.24,0.0,312688.34,1
4794886000143,2014-04-10,1463471903.67,4.2531059,1462921078.15,898376.13,0.0,1
4794886000143,2014-04-11,1465616862.16,4.2550650999999995,1464996114.41,1401122.68,0.0,1
4794886000143,2014-04-14,1466118248.31,4.2567182,1465427435.45,0.0,137821.38,1
4794886000143,2014-04-15,1465586872.64,4.258454,1464826867.39,0.0,1198136.47,1
4794886000143,2014-04-16,1466735809.54,4.2604465,1465905754.08,393477.11,0.0,1
4794886000143,2014-04-17,1467261474.65,4.2620058,1466361365.7,0.0,80874.79,1
4794886000143,2014-04-22,1469240357.32,4.2631166,1468270157.9,1526609.92,0.0,1
4794886000143,2014-04-23,1467590314.84,4.2641943,1466549915.34,0.0,2091408.78,1
4794886000143,2014-04-24,1470613735.02,4.2664276,1469503257.7,2185231.55,0.0,1
4794886000143,2014-04-25,1473358410.07,4.2681613,1472177708.0,2077325.27,0.0,1
4794886000143,2014-04-28,1475615014.91,4.269775900000001,1474363924.63,1629289.15,0.0,1
4794886000143,2014-04-29,1478285505.3,4.2710308,1476963947.97,2166714.43,0.0,1
4794886000143,2014-04-30,1483028175.34,4.2728369000000015,1481635973.53,4047460.79,0.0,1
4794886000143,2014-05-02,1483580083.36,4.2749614000000005,1482117059.83,0.0,255593.96,1
4794886000143,2014-05-05,1485374478.59,4.277416400000001,1485235631.02,2267426.62,0.0,1
4794886000143,2014-05-06,1487865993.17,4.278474299999999,1487656195.97,2053249.55,0.0,1
4794886000143,2014-05-07,1491123700.56,4.2810126,1490842779.86,2303990.92,0.0,1
4794886000143,2014-05-08,1491641956.07,4.2831952000000015,1491292855.09,0.0,310014.11,1
4794886000143,2014-05-09,1492928579.15,4.2839645,1492508151.6,947435.37,0.0,1
4794886000143,2014-05-12,1496550765.5,4.2846714000000015,1496059090.43,3304672.29,0.0,1
4794886000143,2014-05-13,1498351528.56,4.2857934,1497788276.36,1337411.76,0.0,1
4794886000143,2014-05-14,1499148124.42,4.2875478,1498513295.03,111894.05,0.0,1
4794886000143,2014-05-15,1500422919.77,4.290398400000001,1499716577.15,206992.54,0.0,1
4794886000143,2014-05-16,1500494436.52,4.2917191,1499716348.32,0.0,461882.53,1
4794886000143,2014-05-19,1503151301.52,4.2934533,1502301568.99,1979218.73,0.0,1
4794886000143,2014-05-20,1505451713.71,4.2953882000000005,1504530220.33,1551625.3,0.0,1
4794886000143,2014-05-21,1507939447.63,4.2969366,1506946057.79,1873495.83,0.0,1
4794886000143,2014-05-22,1511977468.33,4.2998131,1510912115.93,2957244.76,0.0,1
4794886000143,2014-05-23,1513895058.83,4.3021009,1512757476.91,1041466.67,0.0,1
4794886000143,2014-05-26,1515013230.22,4.3034457,1513803384.97,573020.73,0.0,1
4794886000143,2014-05-27,1516402093.29,4.305108799999998,1515119833.3,731430.91,0.0,1
4794886000143,2014-05-28,1518068773.71,4.3059077000000014,1516714098.78,1313093.38,0.0,1
4794886000143,2014-05-29,1520831994.5,4.3089833,1519404904.83,1607469.52,0.0,1
4794886000143,2014-05-30,1525144105.82,4.3121698,1523644334.24,3115830.48,0.0,1
4794886000143,2014-06-02,1525280794.05,4.3141157,1523708237.17,0.0,623671.04,1
4794886000143,2014-06-03,1523979929.21,4.3141427000000006,1523834844.24,117089.22,0.0,1
4794886000143,2014-06-04,1524024679.09,4.3141337,1523806749.37,0.0,24921.42,1
4794886000143,2014-06-05,1523818476.29,4.3158145,1523527751.48,0.0,872673.07,1
4794886000143,2014-06-06,1525792742.76,4.3180593,1525432274.49,1112060.22,0.0,1
4794886000143,2014-06-09,1529681548.47,4.3225882,1529248144.52,2215976.46,0.0,1
4794886000143,2014-06-10,1532085356.78,4.3235789,1531578896.5,1980237.53,0.0,1
4794886000143,2014-06-11,1533595625.37,4.324721,1533015957.35,1032497.08,0.0,1
4794886000143,2014-06-12,1534434632.51,4.326881200000001,1533781691.2,0.0,0.0,1
4794886000143,2014-06-13,1534222490.5,4.3284785999999995,1533496190.87,38127.74,889876.34,1
4794886000143,2014-06-16,1535749505.98,4.3317029,1534950780.52,312291.31,0.0,1
4794886000143,2014-06-17,1537092686.71,4.3320361,1536220605.92,1151731.03,0.0,1
4794886000143,2014-06-18,1538768905.68,4.3327611,1537823408.47,1345730.43,0.0,1
4794886000143,2014-06-20,1540537901.75,4.335202,1539518808.59,829027.23,0.0,1
4794886000143,2014-06-23,1543668546.43,4.3365797,1542575874.52,2567825.17,0.0,1
4794886000143,2014-06-24,1545298352.35,4.3383825,1544131977.91,914846.94,0.0,1
4794886000143,2014-06-25,1546404544.78,4.340543,1545164314.31,263367.55,0.0,1
4794886000143,2014-06-26,1549762225.75,4.3427088,1548448069.88,2512747.33,0.0,1
4794886000143,2014-06-27,1551217971.15,4.3448725999999995,1549829825.92,610239.77,0.0,1
4794886000143,2014-06-30,1554250531.88,4.3449779,1552788283.59,2920891.84,0.0,1
4794886000143,2014-07-01,1556133482.69,4.3460096,1554596984.2,1439978.88,0.0,1
4794886000143,2014-07-02,1556423042.45,4.3486812000000015,1556273405.37,720776.0,0.0,1
4794886000143,2014-07-03,1557956968.52,4.3492731,1557732948.82,1247712.43,0.0,1
4794886000143,2014-07-04,1559864624.61,4.351427200000002,1559566153.23,1061712.86,0.0,1
4794886000143,2014-07-07,1560505921.72,4.3531365,1560135953.1,0.0,42845.42,1
4794886000143,2014-07-08,1561040069.14,4.3549432,1560595582.05,0.0,187864.07,1
4794886000143,2014-07-09,1561814099.69,4.356895099999999,1561295036.31,0.0,0.0,1
4794886000143,2014-07-10,1561391617.06,4.358486599999999,1560803291.03,0.0,1062053.08,1
4794886000143,2014-07-11,1563003656.82,4.3594345,1562340802.4,1198057.77,0.0,1
4794886000143,2014-07-14,1564585000.65,4.3606231,1563847494.7,1080707.86,0.0,1
4794886000143,2014-07-15,1566165334.3,4.3624933,1565353031.59,834819.58,0.0,1
4794886000143,2014-07-16,1567416314.08,4.3634536,1566529201.15,831620.03,0.0,1
4794886000143,2014-07-17,1569910963.84,4.3655024,1568948946.7,1684182.05,0.0,1
4794886000143,2014-07-18,1572994746.58,4.3678062,1571957720.76,2180792.83,0.0,1
4794886000143,2014-07-21,1576052216.22,4.3710347,1574940224.51,1820578.88,0.0,1
4794886000143,2014-07-22,1578532915.59,4.3732169,1577345716.33,1619237.01,0.0,1
4794886000143,2014-07-23,1581049692.86,4.3759367,1579787096.93,1460362.42,0.0,1
4794886000143,2014-07-24,1582916182.77,4.3759739,1581578148.14,1777636.7,0.0,1
4794886000143,2014-07-25,1582432834.96,4.3755752,1581019231.12,0.0,414808.54,1
4794886000143,2014-07-28,1583729500.97,4.3784307999999985,1582240409.39,189346.29,0.0,1
4794886000143,2014-07-29,1584157181.82,4.3795806,1582592489.24,0.0,63408.8,1
4794886000143,2014-07-30,1585645899.02,4.3803004,1584005592.24,1152994.76,0.0,1
4794886000143,2014-07-31,1586865080.68,4.3806901,1585149065.4,1002567.75,0.0,1
4794886000143,2014-08-01,1588374508.06,4.3814412,1586582791.42,1161929.34,0.0,1
4794886000143,2014-08-04,1586811627.23,4.380838099999999,1586661506.56,297094.93,0.0,1
4794886000143,2014-08-05,1588840556.19,4.3832594,1588614686.46,1076253.67,0.0,1
4794886000143,2014-08-06,1588064505.31,4.380831400000001,1587762730.61,27990.77,0.0,1
4794886000143,2014-08-07,1590715684.4,4.3857013,1590341160.72,813419.07,0.0,1
4794886000143,2014-08-08,1592326054.04,4.3856395,1591875524.45,1556792.0,0.0,1
4794886000143,2014-08-11,1594071324.66,4.3890874,1593544672.04,417648.24,0.0,1
4794886000143,2014-08-12,1596133920.92,4.391676,1595531103.43,1046585.86,0.0,1
4794886000143,2014-08-13,1596950983.12,4.392996900000001,1596272008.92,260988.61,0.0,1
4794886000143,2014-08-14,1596604357.81,4.392425599999998,1595849064.67,0.0,215338.0,1
4794886000143,2014-08-15,1598944746.04,4.3953837,1598114080.62,1190288.2,0.0,1
4794886000143,2014-08-18,1601983525.62,4.399776,1601076468.07,1365376.18,0.0,1
4794886000143,2014-08-19,1602388955.47,4.402986900000001,1601405470.11,0.0,839418.42,1
4794886000143,2014-08-20,1604614736.08,4.4045682,1603554631.71,1574006.06,0.0,1
4794886000143,2014-08-21,1605452289.58,4.4055788,1604315653.81,393095.99,0.0,1
4794886000143,2014-08-22,1606787506.26,4.4063611,1605574206.93,973700.08,0.0,1
4794886000143,2014-08-25,1609456131.47,4.4094702,1608166025.29,1458916.72,0.0,1
4794886000143,2014-08-26,1611158835.47,4.4117237000000005,1609791891.65,804009.36,0.0,1
4794886000143,2014-08-27,1611029296.67,4.4141842,1609585459.95,0.0,1104268.5,1
4794886000143,2014-08-28,1614395946.29,4.4176609000000004,1612875171.7,2021976.71,0.0,1
4794886000143,2014-08-29,1620869471.02,4.4197293,1619271654.64,5641329.46,0.0,1
4794886000143,2014-09-01,1621466323.2,4.4222087,1619791085.2,0.0,388945.8,1
4794886000143,2014-09-02,1621187962.64,4.4248133,1621033059.53,287935.47,0.0,1
4794886000143,2014-09-03,1623766738.08,4.4283766,1623534424.16,1195948.88,0.0,1
4794886000143,2014-09-04,1624828501.94,4.4296525,1624518590.43,516381.23,0.0,1
4794886000143,2014-09-05,1625571758.2,4.4301932,1625187487.37,470626.83,0.0,1
4794886000143,2014-09-08,1628111946.0,4.431537400000002,1627649970.99,1969349.15,0.0,1
4794886000143,2014-09-09,1626651128.28,4.430654799999999,1626111425.41,0.0,1214357.27,1
4794886000143,2014-09-10,1626191021.72,4.4299521,1625573597.94,0.0,279923.59,1
4794886000143,2014-09-11,1628095858.79,4.4316121,1627400769.34,1218006.05,0.0,1
4794886000143,2014-09-12,1631841646.4,4.4344154,1631068827.89,2638629.66,0.0,1
4794886000143,2014-09-15,1630307488.1,4.4305451,1629456721.7,0.0,188514.51,1
4794886000143,2014-09-16,1632443023.05,4.4332124,1631514414.64,1076714.62,0.0,1
4794886000143,2014-09-17,1633218413.37,4.4364813,1632211811.49,0.0,505638.85,1
4794886000143,2014-09-18,1635166447.86,4.438062,1634081900.75,1288542.56,0.0,1
4794886000143,2014-09-19,1634807175.1,4.438287,1633644537.95,0.0,520213.16,1
4794886000143,2014-09-22,1638006914.78,4.4404178,1636766144.05,2337322.47,0.0,1
4794886000143,2014-09-23,1638887607.71,4.4389989000000005,1637568689.84,1325557.55,0.0,1
4794886000143,2014-09-24,1638910295.84,4.441517500000002,1637513164.73,0.0,984670.33,1
4794886000143,2014-09-25,1640406589.64,4.4453662000000005,1638931151.22,0.0,967.05,1
4794886000143,2014-09-26,1642446790.41,4.4460223,1640893058.09,1720013.89,0.0,1
4794886000143,2014-09-29,1646893336.56,4.448567,1645261163.85,3428960.81,0.0,1
4794886000143,2014-09-30,1646906100.88,4.44285,1645195364.5,2048545.56,0.0,1
4794886000143,2014-10-01,1649087757.32,4.4460372999999995,1647298369.2,922755.6,0.0,1
4794886000143,2014-10-02,1648534405.48,4.446296,1648374441.07,980231.19,0.0,1
4794886000143,2014-10-03,1650998007.96,4.448653599999999,1650759232.66,1510747.84,0.0,1
4794886000143,2014-10-06,1655024178.8,4.4530242,1654706569.02,2325537.82,0.0,1
4794886000143,2014-10-07,1656942012.65,4.457445099999998,1656548487.16,199144.53,0.0,1
4794886000143,2014-10-08,1659940328.76,4.4616511,1659467700.26,1356132.85,0.0,1
4794886000143,2014-10-09,1662215888.06,4.4634735999999995,1661664036.62,1518451.94,0.0,1
4794886000143,2014-10-10,1665029475.78,4.4653292,1664403557.23,2048712.37,0.0,1
4794886000143,2014-10-13,1667569514.87,4.465937,1666864101.43,2234014.98,0.0,1
4794886000143,2014-10-14,1669672299.56,4.4704509,1668887264.65,338405.64,0.0,1
4794886000143,2014-10-15,1670706700.0,4.4710121,1669842877.41,746076.42,0.0,1
4794886000143,2014-10-16,1669071225.14,4.470689599999999,1668127516.74,0.0,1594876.22,1
4794886000143,2014-10-17,1670490020.21,4.4710936,1669466648.2,1188364.0,0.0,1
4794886000143,2014-10-20,1671757236.77,4.474273999999999,1670654173.06,0.0,0.0,1
4794886000143,2014-10-21,1672767956.65,4.4732737,1671585096.61,1388187.62,83776.39,1
4794886000143,2014-10-22,1673324019.58,4.4713968,1672061312.73,1177605.07,0.0,1
4794886000143,2014-10-23,1675892106.59,4.4731765,1674549497.2,1822672.04,0.0,1
4794886000143,2014-10-24,1676306765.05,4.473503599999999,1674884247.38,212284.77,0.0,1
4794886000143,2014-10-27,1676900790.74,4.4772333,1675398249.2,0.0,882414.88,1
4794886000143,2014-10-28,1676611024.69,4.4778199999999995,1675027568.15,0.0,590211.23,1
4794886000143,2014-10-29,1679034662.31,4.4810987,1677371189.96,1117161.0,0.0,1
4794886000143,2014-10-30,1678346125.06,4.4816995,1676602525.3,0.0,993581.36,1
4794886000143,2014-10-31,1680877286.9,4.4820805,1679053596.31,2308552.25,0.0,1
4794886000143,2014-11-03,1682736136.99,4.4851912,1680832238.87,613342.0,0.0,1
4794886000143,2014-11-04,1680919298.3,4.4855218,1680758905.09,0.0,197252.35,1
4794886000143,2014-11-05,1681784554.48,4.4858240999999985,1681543872.52,671692.37,0.0,1
4794886000143,2014-11-06,1684470448.27,4.4886433,1684149440.18,1548786.84,0.0,1
4794886000143,2014-11-07,1683797711.34,4.4877514000000005,1683399459.4,0.0,415344.51,1
4794886000143,2014-11-10,1688132451.45,4.4890183,1687653761.67,3779075.17,0.0,1
4794886000143,2014-11-11,1691335898.77,4.4916230000000015,1690776568.56,2143556.04,0.0,1
4794886000143,2014-11-12,1691625877.06,4.4922041,1690985757.72,0.0,9543.3,1
4794886000143,2014-11-13,1692020062.53,4.493036599999999,1691299144.11,0.0,0.0,1
4794886000143,2014-11-14,1692109981.19,4.4930608,1691308248.75,0.0,0.0,1
4794886000143,2014-11-17,1695535126.86,4.4958012,1694652579.96,2885169.31,572398.67,1
4794886000143,2014-11-18,1698548389.67,4.4972667999999985,1697584869.07,2379870.59,0.0,1
4794886000143,2014-11-19,1701322817.26,4.5001837999999985,1700278183.34,1592218.0,0.0,1
4794886000143,2014-11-20,1702904432.22,4.5041549000000005,1701778556.7,0.0,0.0,1
4794886000143,2014-11-21,1707454674.76,4.5058665,1706247486.21,3822254.93,0.0,1
4794886000143,2014-11-24,1712138431.99,4.5124356,1710849717.61,2114676.79,0.0,1
4794886000143,2014-11-25,1712433556.66,4.5143252999999985,1711063097.29,0.0,503070.06,1
4794886000143,2014-11-26,1716054862.14,4.5172947,1714602647.61,2414066.0,0.0,1
4794886000143,2014-11-27,1720931862.51,4.5204236,1719397724.27,3607451.0,0.0,1
4794886000143,2014-11-28,1725095740.74,4.522179799999999,1723479450.45,3413745.17,0.0,1
4794886000143,2014-12-01,1725968462.26,4.5227972,1724269825.57,555065.35,0.0,1
4794886000143,2014-12-02,1725165614.05,4.522297099999999,1724998794.04,919597.42,0.0,1
4794886000143,2014-12-03,1727122859.24,4.5218953,1726873620.47,2028098.94,0.0,1
4794886000143,2014-12-04,1728494078.46,4.5236813,1728162331.64,606655.04,0.0,1
4794886000143,2014-12-05,1731066170.95,4.5266215999999995,1730655061.07,1369455.31,0.0,1
4794886000143,2014-12-08,1733767511.18,4.5287422,1733273722.04,1807919.0,0.0,1
4794886000143,2014-12-09,1734290486.01,4.529235099999998,1733713892.91,251493.93,0.0,1
4794886000143,2014-12-10,1736046097.36,4.5304767,1735386679.36,1197529.74,0.0,1
4794886000143,2014-12-11,1737746685.58,4.531068,1737004363.02,1391216.33,0.0,1
4794886000143,2014-12-12,1737384713.69,4.5309155,1736559409.52,0.0,386491.0,1
4794886000143,2014-12-15,1735906871.38,4.532031,1734999508.82,0.0,1987462.2,1
4794886000143,2014-12-16,1738994627.13,4.5317910999999995,1738004378.49,3096712.64,0.0,1
4794886000143,2014-12-17,1739434629.77,4.5320545,1738361351.87,255972.0,0.0,1
4794886000143,2014-12-18,1734744818.76,4.5337726,1733588494.64,0.0,5431877.68,1
4794886000143,2014-12-19,1736069713.03,4.536357,1734830569.96,563192.39,309306.33,1
4794886000143,2014-12-22,1736813758.79,4.5385318,1735491737.64,0.0,170554.43,1
4794886000143,2014-12-23,1744386320.15,4.5418652999999996,1742981389.5,6214953.88,0.0,1
4794886000143,2014-12-24,1748391313.62,4.5434488,1746903116.68,3314054.2,0.0,1
4794886000143,2014-12-26,1750806741.77,4.5453035,1749235091.86,1618866.72,0.0,1
4794886000143,2014-12-29,1753494130.45,4.5469259000000015,1751838916.52,1979455.1,0.0,1
4794886000143,2014-12-30,1756966623.31,4.547961900000002,1755227721.38,2989642.31,0.0,1
4794886000143,2014-12-31,1758364939.37,4.5513678,1756542188.05,0.0,0.0,1
4794886000143,2015-01-02,1760445362.33,4.5532283,1758538693.59,1779797.27,501316.79,1
4794886000143,2015-01-05,1760943375.04,4.5552797,1760771543.27,1440545.36,0.0,1
4794886000143,2015-01-06,1760548150.09,4.557976,1760292199.51,0.0,1521542.91,1
4794886000143,2015-01-07,1761167039.11,4.5620925,1760826992.53,0.0,1054990.27,1
4794886000143,2015-01-08,1754299408.25,4.5636549,1753878567.98,0.0,7551479.83,1
4794886000143,2015-01-09,1755787370.86,4.5656936,1755288095.19,626036.09,0.0,1
4794886000143,2015-01-12,1756150602.2,4.5696684,1755567423.9,0.0,1248791.19,1
4794886000143,2015-01-13,1757121691.48,4.5698176,1756454597.22,829847.3,0.0,1
4794886000143,2015-01-14,1759514429.81,4.5735071,1758763366.0,890676.79,0.0,1
4794886000143,2015-01-15,1760458077.02,4.5756705,1759622933.73,27625.81,0.0,1
4794886000143,2015-01-16,1764052909.48,4.5785154000000015,1763133645.78,2416670.64,0.0,1
4794886000143,2015-01-19,1766998386.45,4.5818701,1765994835.15,1569346.2,0.0,1
4794886000143,2015-01-20,1765802164.05,4.5821443,1764714245.68,0.0,1386286.03,1
4794886000143,2015-01-21,1768272344.16,4.5865027000000005,1767100074.32,707270.08,0.0,1
4794886000143,2015-01-22,1769994927.46,4.5885147,1768738192.49,862948.67,0.0,1
4794886000143,2015-01-23,1768729642.06,4.5887805,1767388363.97,0.0,1452308.38,1
4794886000143,2015-01-26,1770947220.44,4.5920287,1769521463.51,882060.87,0.0,1
4794886000143,2015-01-27,1773796634.99,4.5932007000000015,1772286297.65,2313217.49,0.0,1
4794886000143,2015-01-28,1774955275.56,4.5950777,1773360226.12,349689.13,0.0,1
4794886000143,2015-01-29,1777355842.71,4.5966037,1775676030.05,1726866.18,0.0,1
4794886000143,2015-01-30,1779325345.03,4.599166599999998,1777560658.88,894561.82,0.0,1
4794886000143,2015-02-02,1780949628.83,4.5994204000000005,1779099979.45,1441235.05,0.0,1
4794886000143,2015-02-03,1780054827.04,4.5990657,1779883210.66,920431.38,0.0,1
4794886000143,2015-02-04,1782116301.71,4.6022695,1781859015.76,735923.2,0.0,1
4794886000143,2015-02-05,1783475541.86,4.603128599999999,1783132492.25,940862.91,0.0,1
4794886000143,2015-02-06,1785116044.32,4.6041455000000004,1784690577.9,1164153.51,0.0,1
4794886000143,2015-02-09,1788447784.25,4.6052419,1787936465.83,2820879.69,0.0,1
4794886000143,2015-02-10,1789062129.09,4.6055285999999995,1788464804.09,417022.82,0.0,1
4794886000143,2015-02-11,1788401944.16,4.605543900000002,1787718587.44,0.0,752137.5,1
4794886000143,2015-02-12,1790054267.24,4.6045434,1789284914.32,1954677.92,0.0,1
4794886000143,2015-02-13,1794169423.04,4.6088982000000005,1793319118.9,2341975.75,0.0,1
4794886000143,2015-02-18,1796433736.75,4.6108696,1795497786.41,1411601.84,0.0,1
4794886000143,2015-02-19,1796204584.83,4.6120871,1795183795.28,0.0,788086.16,1
4794886000143,2015-02-20,1799269506.17,4.614284099999999,1798162957.04,2123994.03,0.0,1
4794886000143,2015-02-23,1799447321.82,4.6154217000000015,1798254871.25,0.0,351410.68,1
4794886000143,2015-02-24,1801312761.37,4.6181454,1800034404.98,718359.87,0.0,1
4794886000143,2015-02-25,1805604828.36,4.621507299999998,1804240481.42,2895668.23,0.0,1
4794886000143,2015-02-26,1806974256.16,4.6232847999999995,1805523718.39,589312.32,0.0,1
4794886000143,2015-02-27,1810239456.03,4.625741400000001,1808702666.3,2219551.91,0.0,1
4794886000143,2015-03-02,1811336910.62,4.6318624,1809713717.55,0.0,1382273.14,1
4794886000143,2015-03-03,1811384315.87,4.6322385000000015,1811209425.98,1348736.63,0.0,1
4794886000143,2015-03-04,1814388133.24,4.6342288,1814126720.66,2139094.19,0.0,1
4794886000143,2015-03-05,1816198166.24,4.6343785,1815850092.03,1664763.8,0.0,1
4794886000143,2015-03-06,1818088275.1,4.634499099999998,1817656864.7,1759535.28,0.0,1
4794886000143,2015-03-09,1818962108.78,4.634903400000002,1818443862.74,628426.09,0.0,1
4794886000143,2015-03-10,1817610975.48,4.6318229,1817005856.34,0.0,229415.8,1
4794886000143,2015-03-11,1820168495.07,4.6359309,1819476571.3,859211.89,0.0,1
4794886000143,2015-03-12,1822544589.91,4.6381819,1821765743.86,1405702.99,0.0,1
4794886000143,2015-03-13,1823096573.36,4.638113099999999,1822230696.02,491964.57,0.0,1
4794886000143,2015-03-16,1824028380.18,4.6410093,1823075449.39,0.0,293098.92,1
4794886000143,2015-03-17,1827731221.4,4.6429307999999985,1826691196.97,2860947.89,0.0,1
4794886000143,2015-03-18,1832863520.14,4.6482479,1831736229.86,2953104.36,0.0,1
4794886000143,2015-03-19,1836150124.59,4.652026599999999,1834935328.23,1710000.64,0.0,1
4794886000143,2015-03-20,1837100223.02,4.6499523,1835797768.25,1680623.84,0.0,1
4794886000143,2015-03-23,1837484954.4,4.6532689000000005,1836094800.13,0.0,1012362.64,1
4794886000143,2015-03-24,1842355921.18,4.6565874,1840878053.29,3473864.64,0.0,1
4794886000143,2015-03-25,1842605537.92,4.6584002,1841039728.64,0.0,555010.8,1
4794886000143,2015-03-26,1846568138.13,4.6606885,1844914379.74,2970301.17,0.0,1
4794886000143,2015-03-27,1848325309.53,4.6619235,1846583417.52,1180200.13,0.0,1
4794886000143,2015-03-30,1851254324.07,4.6629407,1849424218.98,2437883.53,0.0,1
4794886000143,2015-03-31,1854452102.85,4.6657956,1852533649.41,1977096.36,0.0,1
4794886000143,2015-04-01,1855169142.09,4.6694330000000015,1853162192.22,0.0,815649.89,1
4794886000143,2015-04-02,1856048217.01,4.6742367,1855866424.23,797776.49,0.0,1
4794886000143,2015-04-06,1858794405.0,4.676228099999999,1858523957.11,1866874.4,0.0,1
4794886000143,2015-04-07,1862239379.01,4.6789807,1861880149.43,2262197.42,0.0,1
4794886000143,2015-04-08,1865190809.94,4.6814565,1864746062.44,1880704.08,0.0,1
4794886000143,2015-04-09,1868052348.51,4.686514,1867518467.94,757875.18,0.0,1
4794886000143,2015-04-10,1868109039.1,4.686775,1867491293.44,0.0,131194.48,1
4794886000143,2015-04-13,1873158637.42,4.6905535,1872451627.94,3454759.31,0.0,1
4794886000143,2015-04-14,1874413774.31,4.6915941,1873617264.83,750230.76,0.0,1
4794886000143,2015-04-15,1877246393.91,4.6959264,1876361265.45,1013886.06,0.0,1
4794886000143,2015-04-16,1880887849.61,4.6987798,1879913036.2,2411648.11,0.0,1
4794886000143,2015-04-17,1883296555.6,4.6998428,1882231888.09,1893540.75,0.0,1
4794886000143,2015-04-20,1885450222.14,4.699903,1884295590.14,2039600.81,0.0,1
4794886000143,2015-04-22,1885352116.12,4.6988622000000015,1884107421.35,229127.16,0.0,1
4794886000143,2015-04-23,1887815581.59,4.7010582,1886480833.0,1492842.32,0.0,1
4794886000143,2015-04-24,1890548565.06,4.702552799999999,1889123637.65,2043052.74,0.0,1
4794886000143,2015-04-27,1893311272.47,4.7034750999999995,1891796040.38,2301895.65,0.0,1
4794886000143,2015-04-28,1898239394.98,4.7082030999999995,1896633730.95,2936025.09,0.0,1
4794886000143,2015-04-29,1904083879.54,4.7097065,1902387553.21,5148217.54,0.0,1
4794886000143,2015-04-30,1913091957.34,4.7130149,1911304694.72,7580754.71,0.0,1
4794886000143,2015-05-04,1913158165.97,4.7109623,1911279542.43,807278.0,0.0,1
4794886000143,2015-05-05,1914242530.77,4.7118954,1914058315.23,2400177.0,0.0,1
4794886000143,2015-05-06,1916786956.73,4.7144996,1916511249.15,1395077.0,0.0,1
4794886000143,2015-05-07,1917589653.31,4.7168267,1917222336.88,0.0,234923.0,1
4794886000143,2015-05-08,1921691913.72,4.7183058,1921236572.77,3413062.0,0.0,1
4794886000143,2015-05-11,1927909961.09,4.723751,1927362845.9,3909037.0,0.0,1
4794886000143,2015-05-12,1927248580.04,4.7242180000000005,1926609398.88,0.0,943995.0,1
4794886000143,2015-05-13,1931503787.59,4.7258802000000015,1930772576.33,3485329.0,0.0,1
4794886000143,2015-05-14,1932298123.88,4.7280081,1931474684.28,0.0,167278.0,1
4794886000143,2015-05-15,1936663625.9,4.7327023,1935747924.53,2355604.0,0.0,1
4794886000143,2015-05-18,1943930114.11,4.7391523,1942921947.49,4535868.0,0.0,1
4794886000143,2015-05-19,1945236073.68,4.7384011,1944135100.16,1521118.0,0.0,1
4794886000143,2015-05-20,1948640871.93,4.7404853,1947447033.78,2456804.0,0.0,1
4794886000143,2015-05-21,1951880173.24,4.745286599999999,1950593312.72,1173855.0,0.0,1
4794886000143,2015-05-22,1955522250.11,4.7479375,1954142217.41,2459225.0,0.0,1
4794886000143,2015-05-25,1960021927.17,4.7523088,1958548553.29,2607183.0,0.0,1
4794886000143,2015-05-26,1961989134.87,4.7531447999999985,1960422209.98,1529117.0,0.0,1
4794886000143,2015-05-27,1965889382.16,4.7548678,1964228817.11,3095954.0,0.0,1
4794886000143,2015-05-28,1969772438.45,4.7557722,1968018051.83,3415661.0,0.0,1
4794886000143,2015-05-29,1975981056.38,4.7600446,1974132667.83,4346629.84,0.0,1
4794886000143,2015-06-01,1979855937.81,4.7614044,1977913256.14,3216625.0,0.0,1
4794886000143,2015-06-02,1980964708.56,4.7622029,1980772031.72,2527053.0,0.0,1
4794886000143,2015-06-03,1980899630.32,4.7622662,1980612344.21,0.0,185991.0,1
4794886000143,2015-06-05,1984393607.94,4.7631991,1984011720.17,3011361.0,0.0,1
4794886000143,2015-06-08,1986245344.38,4.7641122000000005,1985772311.25,1380261.0,0.0,1
4794886000143,2015-06-09,1990037422.43,4.7689257000000005,1989469486.84,1690846.0,0.0,1
4794886000143,2015-06-10,1993461058.75,4.771457,1992798044.65,2272542.0,0.0,1
4794886000143,2015-06-11,1994443870.87,4.7688139000000005,1993685619.74,1991469.0,0.0,1
4794886000143,2015-06-12,1998071771.31,4.7693989000000006,1997218240.91,3288037.0,0.0,1
4794886000143,2015-06-15,2002179350.72,4.7735554,2001231310.23,2272542.0,0.0,1
4794886000143,2015-06-16,2005646962.67,4.7722305,2004603285.71,6199951.0,2272542.0,1
4794886000143,2015-06-17,2007713244.87,4.7754997999999995,2006573770.85,597203.0,0.0,1
4794886000143,2015-06-18,2012147563.67,4.7786815,2010912198.77,3001500.0,0.0,1
4794886000143,2015-06-19,2011279411.99,4.7820918,2009947949.62,0.0,2399305.0,1
4794886000143,2015-06-22,2015251826.59,4.7829129,2013824312.66,3531254.0,0.0,1
4794886000143,2015-06-23,2019607441.49,4.7883758,2018083691.41,1959248.0,0.0,1
4794886000143,2015-06-24,2022829302.81,4.7916609,2021209113.77,1740866.0,0.0,1
4794886000143,2015-06-25,2024897059.97,4.792675099999999,2023180283.12,1543364.0,0.0,1
4794886000143,2015-06-26,2028418543.94,4.7916106,2026605085.41,3874199.0,0.0,1
4794886000143,2015-06-29,2035367540.82,4.7954062,2033457237.55,5246777.0,0.0,1
4794886000143,2015-06-30,2039161677.45,4.7968595999999994,2037154203.13,3080700.87,0.0,1
4794886000143,2015-07-01,2042223627.18,4.800247799999998,2040118811.2,1525684.88,0.0,1
4794886000143,2015-07-02,2044035243.9,4.800772,2043834183.95,3492556.65,0.0,1
4794886000143,2015-07-03,2050624130.49,4.8072026,2050325410.73,3753542.47,0.0,1
4794886000143,2015-07-06,2055041388.4,4.8109165,2054644632.34,2735215.73,0.0,1
4794886000143,2015-07-07,2057955972.3,4.8123752,2057465439.09,2197822.6,0.0,1
4794886000143,2015-07-08,2063300847.44,4.8149349,2062712017.45,4152180.92,0.0,1
4794886000143,2015-07-09,2064224006.63,4.8168598,2063536630.01,0.0,0.0,1
4794886000143,2015-07-10,2068893121.11,4.8190953,2068112558.59,3618261.82,0.0,1
4794886000143,2015-07-13,2073165429.72,4.823031200000001,2072286063.44,2484403.33,0.0,1
4794886000143,2015-07-14,2075700807.66,4.8251662,2074722438.83,1519056.56,0.0,1
4794886000143,2015-07-15,2077894403.33,4.8282753,2076816915.95,757630.57,0.0,1
4794886000143,2015-07-16,2079457573.24,4.830660400000001,2078280867.6,438007.55,0.0,1
4794886000143,2015-07-17,2083210415.08,4.8324782,2081934421.43,2871514.48,0.0,1
4794886000143,2015-07-20,2083644315.76,4.8354935,2082268860.13,0.0,964634.64,1
4794886000143,2015-07-21,2088010843.65,4.8404224000000005,2086535910.14,2144557.37,0.0,1
4794886000143,2015-07-22,2090072589.17,4.8445394,2088497974.57,187349.32,0.0,1
4794886000143,2015-07-23,2092911411.41,4.845057,2091237022.27,2515911.01,0.0,1
4794886000143,2015-07-24,2091787411.56,4.8372718,2090013117.48,2136365.46,0.0,1
4794886000143,2015-07-27,2093488429.35,4.8372888,2091614288.6,1593846.52,0.0,1
4794886000143,2015-07-28,2095431009.02,4.8391114,2093456945.33,1054572.59,0.0,1
4794886000143,2015-07-29,2097171423.06,4.8406487999999985,2095097348.71,975318.15,0.0,1
4794886000143,2015-07-30,2100945007.62,4.8432512,2098770844.5,2547141.71,0.0,1
4794886000143,2015-07-31,2107098290.85,4.8506565,2104823864.02,2843984.8,0.0,1
4794886000143,2015-08-03,2109662832.72,4.8544186,2107287865.71,831558.0,0.0,1
4794886000143,2015-08-04,2108630623.37,4.853122,2108425448.25,1700434.0,0.0,1
4794886000143,2015-08-05,2111378151.0,4.8550391,2111072264.21,1813919.0,0.0,1
4794886000143,2015-08-06,2114555237.21,4.853946400000001,2114148512.71,3551385.0,0.0,1
4794886000143,2015-08-07,2113992971.9,4.8479775,2113489728.05,1940971.0,0.0,1
4794886000143,2015-08-10,2117917199.76,4.8479756,2117312979.64,3824087.0,0.0,1
4794886000143,2015-08-11,2123887560.49,4.8532707,2123182182.06,3556632.0,0.0,1
4794886000143,2015-08-12,2126525782.87,4.8572931,2125718941.83,777035.0,0.0,1
4794886000143,2015-08-13,2131005851.76,4.8629013,2130097427.31,1924129.0,0.0,1
4794886000143,2015-08-14,2135660704.52,4.8643933,2134651422.43,3900491.0,0.0,1
4794886000143,2015-08-17,2137761490.32,4.8673109000000006,2136650198.46,718443.0,0.0,1
4794886000143,2015-08-18,2140498756.61,4.8685119000000014,2139285359.78,2107930.0,0.0,1
4794886000143,2015-08-19,2144497158.86,4.8716638,2143181531.57,2511184.0,0.0,1
4794886000143,2015-08-20,2147996436.06,4.8744512,2146578566.53,2170761.0,0.0,1
4794886000143,2015-08-21,2151895653.7,4.8779695,2150375231.25,2247326.0,0.0,1
4794886000143,2015-08-24,2154554155.71,4.8776371,2152930999.55,2702285.0,0.0,1
4794886000143,2015-08-25,2154170671.06,4.8750952000000005,2152444659.48,635609.0,0.0,1
4794886000143,2015-08-26,2157734654.5,4.8765027000000005,2155905810.67,2839750.0,0.0,1
4794886000143,2015-08-27,2164686568.28,4.8819517999999995,2162754727.36,4439858.0,0.0,1
4794886000143,2015-08-28,2167073902.81,4.8852427,2165038738.66,826120.0,0.0,1
4794886000143,2015-08-31,2171744375.29,4.8867007000000005,2169605779.21,3920872.36,0.0,1
4794886000143,2015-09-01,2171177259.27,4.8836128,2168935013.69,700207.16,0.0,1
4794886000143,2015-09-02,2170738909.27,4.8816731,2170526158.38,2452612.52,0.0,1
4794886000143,2015-09-03,2170577232.94,4.8768967000000005,2170260788.75,1858360.86,0.0,1
4794886000143,2015-09-04,2172553010.7,4.8807570999999985,2172132885.89,154175.23,0.0,1
4794886000143,2015-09-08,2169159859.78,4.8768876,2168640533.83,0.0,1770290.82,1
4794886000143,2015-09-09,2171981711.98,4.8825957,2171358780.21,180019.56,0.0,1
4794886000143,2015-09-10,2175508292.02,4.8849431,2174781625.01,2378906.44,0.0,1
4794886000143,2015-09-11,2174998195.22,4.8809152000000005,2174168490.52,1180070.01,0.0,1
4794886000143,2015-09-14,2178435718.73,4.8849208,2177501284.42,1548545.38,0.0,1
4794886000143,2015-09-15,2180728984.22,4.891538400000001,2179690522.16,0.0,760618.04,1
4794886000143,2015-09-16,2181977663.44,4.8933905,2180835069.38,319252.49,0.0,1
4794886000143,2015-09-17,2185730909.84,4.8956902,2184484129.27,2624156.72,0.0,1
4794886000143,2015-09-18,2187233032.83,4.8966112,2185881892.0,986803.0,0.0,1
4794886000143,2015-09-21,2188201352.4,4.893399,2186745784.75,2297848.77,0.0,1
4794886000143,2015-09-22,2191409492.72,4.8935328,2189849457.11,3043868.8,0.0,1
4794886000143,2015-09-23,2192738367.0,4.8939667,2191073715.62,1030090.74,0.0,1
4794886000143,2015-09-24,2193087775.95,4.887599400000001,2191318450.52,3095439.56,0.0,1
4794886000143,2015-09-25,2203590935.39,4.9056182,2201716924.25,2319881.21,0.0,1
4794886000143,2015-09-28,2209346149.18,4.908339099999999,2207366957.16,4428854.88,0.0,1
4794886000143,2015-09-29,2208064728.14,4.901384200000002,2205980086.2,1740840.44,0.0,1
4794886000143,2015-09-30,2214221604.0,4.9086973,2212031578.18,2760074.17,0.0,1
4794886000143,2015-10-01,2219130327.6,4.9172936,2216834627.1,929257.94,0.0,1
4794886000143,2015-10-02,2218321437.13,4.9184594000000015,2218101737.3,741537.27,0.0,1
4794886000143,2015-10-05,2225213319.63,4.9257524,2224887587.76,3496877.1,0.0,1
4794886000143,2015-10-06,2225544615.54,4.927737400000002,2225112508.54,0.0,671662.13,1
4794886000143,2015-10-07,2228430857.29,4.9312322,2227897021.66,1206429.59,0.0,1
4794886000143,2015-10-08,2230529702.69,4.9299704,2229889366.69,2562410.65,0.0,1
4794886000143,2015-10-09,2236673148.04,4.934867,2235935919.5,3831775.65,0.0,1
4794886000143,2015-10-13,2238994116.01,4.9331822999999995,2238150004.27,2977414.33,0.0,1
4794886000143,2015-10-14,2238077755.88,4.9320177,2237126655.53,0.0,494978.5,1
4794886000143,2015-10-15,2240518635.84,4.9358016,2239461530.9,618516.87,0.0,1
4794886000143,2015-10-16,2244134466.26,4.941559,2242970310.24,896544.14,0.0,1
4794886000143,2015-10-19,2245106514.02,4.9434643,2243835139.84,0.0,0.0,1
4794886000143,2015-10-20,2246306399.42,4.9450386,2244927765.9,378051.57,0.0,1
4794886000143,2015-10-21,2251067898.54,4.9487635999999995,2249581953.65,2963149.93,0.0,1
4794886000143,2015-10-22,2254391697.63,4.9507245000000015,2252798219.75,2324890.74,0.0,1
4794886000143,2015-10-23,2256524153.02,4.9563222,2254822988.99,0.0,522418.44,1
4794886000143,2015-10-26,2258515152.17,4.9580028,2256706205.57,1118621.68,0.0,1
4794886000143,2015-10-27,2260883165.69,4.9614595999999995,2258966346.84,686731.56,0.0,1
4794886000143,2015-10-28,2263355664.38,4.9657953,2261330865.64,390475.7,0.0,1
4794886000143,2015-10-29,2270751884.19,4.9670302,2268618992.99,6725758.09,0.0,1
4794886000143,2015-10-30,2277707919.89,4.97308,2275466594.19,4084440.0,0.0,1
4794886000143,2015-11-03,2281055683.46,4.9753072,2278705599.13,2219932.34,0.0,1
4794886000143,2015-11-04,2282921255.4,4.9793734,2282702262.63,2134352.38,0.0,1
4794886000143,2015-11-05,2286449336.52,4.9834903,2286121245.58,1531662.18,0.0,1
4794886000143,2015-11-06,2291894334.74,4.9851771,2291456982.83,4561931.36,0.0,1
4794886000143,2015-11-09,2295525912.0,4.9881469,2294983702.25,2161650.46,0.0,1
4794886000143,2015-11-10,2298253102.55,4.9898581,2297606235.73,1835222.1,0.0,1
4794886000143,2015-11-11,2304201269.25,4.9925213,2303444582.48,4612060.79,0.0,1
4794886000143,2015-11-12,2308232602.38,4.9966199,2307365817.64,2030220.08,0.0,1
4794886000143,2015-11-13,2313167054.65,4.9991193,2312189985.23,3669979.54,0.0,1
4794886000143,2015-11-16,2320129305.02,5.0008327,2319041700.36,6059236.62,0.0,1
4794886000143,2015-11-17,2321502119.24,5.003554,2320303653.06,0.0,0.0,1
4794886000143,2015-11-18,2327660503.83,5.0059807,2326351116.06,4922137.98,0.0,1
4794886000143,2015-11-19,2329724140.7,5.0089787,2328303543.36,559208.04,0.0,1
4794886000143,2015-11-20,2331927080.08,5.0134785000000015,2330395180.19,0.0,0.0,1
4794886000143,2015-11-23,2337860002.01,5.0160791,2336216699.98,4612722.44,0.0,1
4794886000143,2015-11-24,2341503461.23,5.0186699,2339748479.85,2325132.86,0.0,1
4794886000143,2015-11-25,2340347198.89,5.0192043,2338480369.97,0.0,1517287.7,1
4794886000143,2015-11-26,2348553654.55,5.0195502,2346575038.47,7933522.46,0.0,1
4794886000143,2015-11-27,2351680454.54,5.0198229,2349589665.84,2887155.38,0.0,1
4794886000143,2015-11-30,2361859504.95,5.0228967,2359656400.08,8627972.41,0.0,1
4794886000143,2015-12-01,2365895411.87,5.0252555,2363579511.46,2814995.43,0.0,1
4794886000143,2015-12-02,2368501450.41,5.028007499999998,2368275665.2,3401806.45,0.0,1
4794886000143,2015-12-03,2371097137.61,5.0308955,2370758146.43,1122172.01,0.0,1
4794886000143,2015-12-04,2381117142.27,5.0331852,2380664826.89,8827675.89,0.0,1
4794886000143,2015-12-07,2388015793.91,5.0356633,2387454359.56,5617438.13,0.0,1
4794886000143,2015-12-08,2394151317.39,5.0386332000000005,2393475776.29,4613339.92,0.0,1
4794886000143,2015-12-09,2398697763.93,5.0410048,2397907829.34,3305509.06,0.0,1
4794886000143,2015-12-10,2404773996.14,5.0437507,2403869457.01,4655426.31,0.0,1
4794886000143,2015-12-11,2409588892.75,5.0455301,2408569465.21,3851954.08,0.0,1
4794886000143,2015-12-14,2416790627.15,5.0481123,2415656087.38,5853952.69,0.0,1
4794886000143,2015-12-15,2423392386.51,5.0503225,2422143331.23,5429625.9,0.0,1
4794886000143,2015-12-16,2432849841.98,5.052489,2431485026.97,8302640.82,0.0,1
4794886000143,2015-12-17,2441724331.71,5.0549537,2440243312.13,7572141.3,0.0,1
4794886000143,2015-12-18,2449998991.38,5.0588792,2448401350.19,6263016.57,0.0,1
4794886000143,2015-12-21,2461177175.65,5.0615144,2459462524.36,9785795.8,0.0,1
4794886000143,2015-12-22,2471391179.92,5.0638013,2469558991.81,8985242.27,0.0,1
4794886000143,2015-12-23,2479649734.35,5.067252099999998,2477699528.62,6457589.73,0.0,1
4794886000143,2015-12-24,2491627079.39,5.070334099999998,2489558468.41,10351968.75,0.0,1
4794886000143,2015-12-28,2495368538.64,5.0729277,2493180957.69,2349014.54,0.0,1
4794886000143,2015-12-29,2503467576.38,5.0757919000000005,2501160852.98,6572266.07,0.0,1
4794886000143,2015-12-30,2513458033.52,5.078682700000001,2511031787.65,8446430.1,0.0,1
4794886000143,2015-12-31,2514794412.69,5.0811429000000015,2512248174.31,0.0,0.0,1
4794886000143,2016-01-04,2520885386.35,5.0837457000000015,2518219092.49,4684022.0,0.0,1
4794886000143,2016-01-05,2520572524.86,5.0865812,2520328452.79,704824.0,0.0,1
4794886000143,2016-01-06,2527261232.94,5.0903967,2526896720.62,4677720.0,0.0,1
4794886000143,2016-01-07,2532502423.84,5.0936181,2532017158.49,3521328.0,0.0,1
4794886000143,2016-01-08,2538846003.97,5.096183,2538254049.15,4961876.0,0.0,1
4794886000143,2016-01-11,2542508840.52,5.0985624000000005,2541795596.21,2356472.0,0.0,1
4794886000143,2016-01-12,2547373145.58,5.101,2546538443.13,3527598.0,0.0,1
4794886000143,2016-01-13,2551666760.65,5.1039838,2550710374.22,2682348.0,0.0,1
4794886000143,2016-01-14,2557272087.72,5.107056299999999,2556193818.66,3947986.0,0.0,1
4794886000143,2016-01-15,2560257072.2,5.1094464,2559056659.37,1666527.0,0.0,1
4794886000143,2016-01-18,2566154689.59,5.1118343,2564831996.67,4579375.0,0.0,1
4794886000143,2016-01-19,2569610138.25,5.114807099999998,2568164890.23,1841308.0,0.0,1
4794886000143,2016-01-20,2572531658.73,5.1172117,2570963696.9,1591424.0,0.0,1
4794886000143,2016-01-21,2579119226.65,5.1196695,2577428417.75,5229923.0,0.0,1
4794886000143,2016-01-22,2585812213.56,5.1251527,2583998249.72,3809387.0,0.0,1
4794886000143,2016-01-25,2587380767.37,5.128018900000002,2585443335.74,0.0,0.0,1
4794886000143,2016-01-26,2592854469.45,5.1307687999999985,2590793501.23,3963709.0,0.0,1
4794886000143,2016-01-27,2598649932.24,5.134590900000001,2596465172.66,3741693.0,0.0,1
4794886000143,2016-01-28,2606410756.46,5.1360827,2604101935.43,6882407.0,0.0,1
4794886000143,2016-01-29,2613624348.33,5.1407316,2611191102.21,4732036.61,0.0,1
4794886000143,2016-02-01,2619750300.16,5.1439297,2617192291.37,4376757.0,0.0,1
4794886000143,2016-02-02,2623152605.95,5.147767900000002,2622904998.74,3759838.0,0.0,1
4794886000143,2016-02-03,2623896570.22,5.148382,2623523642.52,305773.0,0.0,1
4794886000143,2016-02-04,2628547822.83,5.1516095,2628049545.19,2881207.0,0.0,1
4794886000143,2016-02-05,2633799339.78,5.1520312000000015,2633180101.36,4915433.0,0.0,1
4794886000143,2016-02-10,2641570926.33,5.1559483,2640825530.52,5643444.0,0.0,1
4794886000143,2016-02-11,2645835829.97,5.1593860000000005,2644963904.03,2377603.0,0.0,1
4794886000143,2016-02-12,2648719040.16,5.1610747,2647720387.04,1890791.0,0.0,1
4794886000143,2016-02-15,2654802058.57,5.165355,2653677532.48,3761251.0,0.0,1
4794886000143,2016-02-16,2659430968.85,5.168371,2658179301.13,2952298.0,0.0,1
4794886000143,2016-02-17,2664457462.01,5.171768900000001,2663078438.28,3151533.0,0.0,1
4794886000143,2016-02-18,2667789904.26,5.175131299999999,2666283291.22,1473498.0,0.0,1
4794886000143,2016-02-19,2671751259.4,5.1766162000000016,2670116965.09,3068637.0,0.0,1
4794886000143,2016-02-22,2675705261.73,5.1802651,2673943051.61,1943934.0,0.0,1
4794886000143,2016-02-23,2682262097.85,5.183873,2680371789.72,4566432.0,0.0,1
4794886000143,2016-02-24,2686226509.33,5.1861239,2684207797.07,2672178.0,0.0,1
4794886000143,2016-02-25,2690826582.67,5.1896878,2688679283.61,2626910.0,0.0,1
4794886000143,2016-02-26,2697064801.63,5.1906991,2694788702.84,5585464.0,0.0,1
4794886000143,2016-02-29,2703547230.13,5.191343700000001,2701142040.68,6018704.73,0.0,1
4794886000143,2016-03-01,2706788169.43,5.194096900000001,2704253586.8,1679005.0,0.0,1
4794886000143,2016-03-02,2712498332.13,5.1986276,2712234345.17,5621866.0,0.0,1
4794886000143,2016-03-03,2718620664.15,5.2027019,2718226755.8,3866788.0,0.0,1
4794886000143,2016-03-04,2724354582.83,5.2091087,2723830467.73,2256374.0,0.0,1
4794886000143,2016-03-07,2732063806.07,5.214051,2731419944.74,5005154.0,0.0,1
4794886000143,2016-03-08,2732994054.98,5.212437,2732219421.04,1644965.0,0.0,1
4794886000143,2016-03-09,2738674928.81,5.2172262,2737769484.17,3039731.0,0.0,1
4794886000143,2016-03-10,2744671822.85,5.2221066,2743635303.29,3304766.0,0.0,1
4794886000143,2016-03-11,2750908708.02,5.2256985999999985,2749740834.2,4218368.0,0.0,1
4794886000143,2016-03-14,2757956160.41,5.2312451,2756656641.58,3997253.0,0.0,1
4794886000143,2016-03-15,2763647434.23,5.2320134000000005,2762215941.09,5154416.0,0.0,1
4794886000143,2016-03-16,2765888887.59,5.2305676,2764325155.39,2872547.0,0.0,1
4794886000143,2016-03-17,2768444940.81,5.2340807,2766748869.12,567030.0,0.0,1
4794886000143,2016-03-18,2777005122.08,5.2431362,2775176595.5,3640989.0,0.0,1
4794886000143,2016-03-21,2785125231.95,5.2466745,2783163849.13,6114436.0,0.0,1
4794886000143,2016-03-22,2789235119.35,5.250185299999999,2787140499.96,2114282.0,0.0,1
4794886000143,2016-03-23,2798048258.21,5.2556933,2795820212.87,5755725.0,0.0,1
4794886000143,2016-03-24,2801645406.31,5.2534904,2799283521.76,4635157.0,0.0,1
4794886000143,2016-03-28,2803711832.0,5.252574299999999,2801215943.23,2420567.0,0.0,1
4794886000143,2016-03-29,2809338589.37,5.2586232000000015,2806708604.4,2266750.47,0.0,1
4794886000143,2016-03-30,2814045099.79,5.2617203,2811280757.07,2919136.16,0.0,1
4794886000143,2016-03-31,2821677400.78,5.261101999999998,2818778482.59,7828058.25,0.0,1
4794886000143,2016-04-01,2825262984.98,5.2606537000000015,2822229139.32,3690857.0,0.0,1
4794886000143,2016-04-04,2828618319.33,5.2654115,2828338153.78,3556543.0,0.0,1
4794886000143,2016-04-05,2832437122.0,5.2648897,2832021573.78,3963742.0,0.0,1
4794886000143,2016-04-06,2837389448.5,5.2679113,2836838342.18,3191387.0,0.0,1
4794886000143,2016-04-07,2841944721.33,5.2695416,2841268875.38,3552638.0,0.0,1
4794886000143,2016-04-08,2843525483.42,5.2715829,2842723270.9,353725.0,0.0,1
4794886000143,2016-04-11,2853904226.58,5.2784748,2852965875.51,6526114.0,0.0,1
4794886000143,2016-04-12,2861506620.52,5.2831348,2860431643.16,4947071.0,0.0,1
4794886000143,2016-04-13,2866371980.83,5.2863317,2865160021.67,2997485.0,0.0,1
4794886000143,2016-04-14,2874986154.73,5.2921185,2873636988.6,5340555.0,0.0,1
4794886000143,2016-04-15,2879480045.19,5.294315900000001,2877994252.3,3164107.0,0.0,1
4794886000143,2016-04-18,2886141430.97,5.2981685999999995,2884517818.83,4429209.0,0.0,1
4794886000143,2016-04-19,2889362259.44,5.3023919,2887600517.42,783410.0,0.0,1
4794886000143,2016-04-20,2894696344.92,5.3030245,2892796326.22,4851289.0,0.0,1
4794886000143,2016-04-22,2901697591.38,5.3041297,2899659048.58,6259815.0,0.0,1
4794886000143,2016-04-25,2906667532.99,5.3057106,2904490139.3,3966838.0,0.0,1
4794886000143,2016-04-26,2910320361.78,5.3088185999999995,2908003887.15,1812391.0,0.0,1
4794886000143,2016-04-27,2915036345.88,5.3112547,2912580622.96,3242308.0,0.0,1
4794886000143,2016-04-28,2921486349.83,5.3165485,2918891160.71,3407514.0,0.0,1
4794886000143,2016-04-29,2928824569.1,5.3174017,2926089613.27,6730019.09,0.0,1
4794886000143,2016-05-02,2936425427.87,5.3240189,2933550362.54,3819385.64,0.0,1
4794886000143,2016-05-03,2941776042.47,5.3260798,2941491985.1,6806098.51,0.0,1
4794886000143,2016-05-04,2947649864.05,5.3280659,2947224963.7,4636072.8,0.0,1
4794886000143,2016-05-05,2952965147.57,5.3294446,2952398980.56,4411413.64,0.0,1
4794886000143,2016-05-06,2958372211.73,5.333010400000001,2957676293.9,3301909.49,0.0,1
4794886000143,2016-05-09,2963786871.5,5.3345915,2962949352.98,4396209.15,0.0,1
4794886000143,2016-05-10,2966314555.48,5.3354421,2965335185.18,1913364.54,0.0,1
4794886000143,2016-05-11,2972428581.46,5.3410419000000005,2971307245.79,2859789.64,0.0,1
4794886000143,2016-05-12,2979673525.1,5.344585,2978409939.63,5131645.75,0.0,1
4794886000143,2016-05-13,2987444910.08,5.3488135,2986038736.6,5272345.08,0.0,1
4794886000143,2016-05-16,2995054248.03,5.3521052000000005,2993505123.38,5628722.3,0.0,1
4794886000143,2016-05-17,2998794083.41,5.353569,2997101651.83,2777842.03,0.0,1
4794886000143,2016-05-18,3003411462.91,5.3539869000000015,3001575553.23,4239951.49,0.0,1
4794886000143,2016-05-19,3002292989.85,5.352419,3000313389.04,0.0,383189.36,1
4794886000143,2016-05-20,3007331646.64,5.3567015,3005208414.8,4946629.5,2452132.64,1
4794886000143,2016-05-23,3013196706.19,5.3598398000000005,3010929610.25,3960546.78,0.0,1
4794886000143,2016-05-24,3013670145.91,5.3588030999999985,3011258913.4,911675.64,0.0,1
4794886000143,2016-05-25,3021110597.44,5.3609448,3018555212.7,6092770.47,0.0,1
4794886000143,2016-05-27,3027617115.97,5.3626868,3024917231.53,5381196.32,0.0,1
4794886000143,2016-05-30,3031625690.07,5.3637120000000005,3028781002.99,3285462.61,0.0,1
4794886000143,2016-05-31,3040654527.31,5.368077,3037664853.71,6419024.58,0.0,1
4794886000143,2016-06-01,3045352188.14,5.3698657,3042217104.77,3540073.87,0.0,1
4794886000143,2016-06-02,3046883941.92,5.3741089,3046584880.64,1963890.53,0.0,1
4794886000143,2016-06-03,3051772417.33,5.3784465,3051327521.61,2283625.47,0.0,1
4794886000143,2016-06-06,3060605371.83,5.3838422,3060014415.85,5625782.72,0.0,1
4794886000143,2016-06-07,3069102314.62,5.3874952,3068376646.91,6285980.45,0.0,1
4794886000143,2016-06-08,3073643590.73,5.3896068,3072771611.01,3192336.0,0.0,1
4794886000143,2016-06-09,3081718792.09,5.393545,3080700291.05,5683368.6,0.0,1
4794886000143,2016-06-10,3087499976.28,5.3954967000000025,3086334576.38,4519551.21,0.0,1
4794886000143,2016-06-13,3091550642.02,5.3963133,3090237434.13,3435725.59,0.0,1
4794886000143,2016-06-14,3094373327.48,5.3998584,3092912125.76,644552.2,0.0,1
4794886000143,2016-06-15,3098812775.3,5.4024032,3097204438.5,2834719.89,0.0,1
4794886000143,2016-06-16,3105285551.23,5.4045947,3103528889.94,5068042.52,0.0,1
4794886000143,2016-06-17,3110415847.61,5.4067804000000015,3108510560.66,3726578.58,0.0,1
4794886000143,2016-06-20,3117935818.35,5.4097363,3115881668.53,5671683.32,0.0,1
4794886000143,2016-06-21,3121745437.43,5.4126177,3119542073.74,2000785.46,0.0,1
4794886000143,2016-06-22,3126876020.74,5.4163524,3124523268.87,2828730.9,0.0,1
4794886000143,2016-06-23,3128334638.03,5.4187746,3125832260.79,0.0,88301.84,1
4794886000143,2016-06-24,3135486041.1,5.4229659,3132833976.14,4583919.29,0.0,1
4794886000143,2016-06-27,3138622577.33,5.424875900000001,3135820491.24,1883115.85,0.0,1
4794886000143,2016-06-28,3138696894.12,5.4291829000000025,3135744644.68,0.0,2565467.86,1
4794886000143,2016-06-29,3144937496.9,5.4306905999999975,3141835087.73,5219657.34,0.0,1
4794886000143,2016-06-30,3149802507.38,5.4305575,3146549648.48,4791533.6,0.0,1
4794886000143,2016-07-01,3155072328.42,5.4328393,3151668799.99,3797060.36,0.0,1
4794886000143,2016-07-04,3156575470.11,5.4368763,3156262475.93,2251723.36,0.0,1
4794886000143,2016-07-05,3160656474.69,5.4396767,3160192348.49,2304181.01,0.0,1
4794886000143,2016-07-06,3164365745.51,5.4405626,3163750300.14,3043261.1,0.0,1
4794886000143,2016-07-07,3165457199.91,5.4424861,3164702441.54,0.0,166384.14,1
4794886000143,2016-07-08,3173283730.97,5.4450417,3172387187.31,6198705.95,0.0,1
4794886000143,2016-07-11,3179741858.46,5.4496569,3178693460.85,3617358.37,0.0,1
4794886000143,2016-07-12,3185451049.14,5.4530279,3184250497.28,3590786.52,0.0,1
4794886000143,2016-07-13,3188641363.81,5.4553615,3187288370.8,1675211.04,0.0,1
4794886000143,2016-07-14,3191908820.92,5.4592292,3190403242.11,855177.53,0.0,1
4794886000143,2016-07-15,3198584205.02,5.4627184,3196925892.1,4483511.11,0.0,1
4794886000143,2016-07-18,3205434513.56,5.466450599999999,3203623155.91,4513095.08,0.0,1
4794886000143,2016-07-19,3208266912.31,5.4696914,3206302191.03,779755.83,0.0,1
4794886000143,2016-07-20,3211458544.38,5.4710219,3209340465.48,2258374.0,0.0,1
4794886000143,2016-07-21,3218081721.7,5.4742405,3215810029.16,4581507.91,0.0,1
4794886000143,2016-07-22,3221208910.53,5.4754114000000005,3218783296.29,2285395.0,0.0,1
4794886000143,2016-07-25,3224513775.38,5.4769655,3221934097.86,2237237.84,0.0,1
4794886000143,2016-07-26,3229317097.49,5.4792332,3226583206.64,3315090.98,0.0,1
4794886000143,2016-07-27,3234515199.67,5.4827542000000005,3231626874.13,2970235.56,0.0,1
4794886000143,2016-07-28,3239404782.4,5.486414,3236361781.96,2577746.0,0.0,1
4794886000143,2016-07-29,3245467032.81,5.4896972,3242269132.01,3970627.18,0.0,1
4794886000143,2016-08-01,3248920107.32,5.492757,3245567024.86,1490760.48,0.0,1
4794886000143,2016-08-02,3253617500.12,5.496239,3253300671.36,5676200.45,0.0,1
4794886000143,2016-08-03,3258583893.17,5.498293299999999,3258111357.44,3594681.43,0.0,1
4794886000143,2016-08-04,3260742501.27,5.5007318,3260114029.47,557748.68,0.0,1
4794886000143,2016-08-05,3266262023.32,5.504353,3265490012.87,3229772.56,0.0,1
4794886000143,2016-08-08,3271969563.26,5.5086023,3271041305.32,3030412.9,0.0,1
4794886000143,2016-08-09,3275073806.72,5.5107233,3273989036.94,1688215.0,0.0,1
4794886000143,2016-08-10,3280685275.58,5.5147134000000015,3279443853.57,3084267.0,0.0,1
4794886000143,2016-08-11,3284761655.34,5.5181273,3283363321.36,1889296.0,0.0,1
4794886000143,2016-08-12,3287741108.62,5.5216802000000005,3286185676.04,708329.19,0.0,1
4794886000143,2016-08-15,3292907330.68,5.5245695999999995,3291195649.54,3290424.2,0.0,1
4794886000143,2016-08-16,3296377314.33,5.5264462,3294508161.07,2194519.67,0.0,1
4794886000143,2016-08-17,3299033171.76,5.5286663,3297006388.63,1174772.35,0.0,1
4794886000143,2016-08-18,3302288289.26,5.531410299999999,3300103757.31,1460960.25,0.0,1
4794886000143,2016-08-19,3302146314.87,5.5334662,3299803886.6,0.0,1526444.0,1
4794886000143,2016-08-22,3306618323.41,5.5366427000000025,3304118013.09,2419867.18,0.0,1
4794886000143,2016-08-23,3308195734.72,5.5384988,3305537336.91,311661.2,0.0,1
4794886000143,2016-08-24,3313284003.02,5.5404513,3310467450.16,3764823.05,0.0,1
4794886000143,2016-08-25,3316418493.63,5.5419563,3313443550.94,2076852.62,0.0,1
4794886000143,2016-08-26,3321090394.52,5.5441677,3317956920.27,3191189.68,0.0,1
4794886000143,2016-08-29,3324449440.67,5.5442746,3321157219.94,3136348.35,0.0,1
4794886000143,2016-08-30,3328819391.8,5.5481377,3325368272.21,1896920.54,0.0,1
4794886000143,2016-08-31,3331229518.08,5.549377099999999,3327619299.1,1508203.07,0.0,1
4794886000143,2016-09-01,3336057570.41,5.5529692000000015,3332288144.85,2514872.77,0.0,1
4794886000143,2016-09-02,3339340129.25,5.557091099999999,3339011252.94,4249582.59,0.0,1
4794886000143,2016-09-05,3345375750.01,5.5609035,3344887124.64,3585181.56,0.0,1
4794886000143,2016-09-06,3349995882.72,5.5629112,3349347228.48,3252455.87,0.0,1
4794886000143,2016-09-08,3353312981.66,5.566054,3352517185.39,1277708.71,0.0,1
4794886000143,2016-09-09,3356605612.43,5.5680279000000015,3355649978.92,1943934.11,0.0,1
4794886000143,2016-09-12,3357219078.5,5.5672284,3356103123.96,934934.0,0.0,1
4794886000143,2016-09-13,3363908076.33,5.5710167,3362631424.38,4244589.0,0.0,1
4794886000143,2016-09-14,3363113091.81,5.5705696,3361675431.58,0.0,686118.13,1
4794886000143,2016-09-15,3368809680.86,5.573663099999999,3367211057.88,3668784.0,0.0,1
4794886000143,2016-09-16,3374189185.42,5.5770056,3372429336.08,3199010.57,0.0,1
4794886000143,2016-09-19,3378049502.24,5.5801602,3376128178.05,1791249.16,0.0,1
4794886000143,2016-09-20,3381717575.7,5.5828114,3379634600.53,1902335.74,0.0,1
4794886000143,2016-09-21,3382602029.25,5.5851235999999975,3380357236.13,0.0,677066.43,1
4794886000143,2016-09-22,3384784732.94,5.589804,3382378087.45,0.0,811908.73,1
4794886000143,2016-09-23,3388825357.78,5.5950922,3386256763.69,678784.0,0.0,1
4794886000143,2016-09-26,3392471534.6,5.5984914,3389740807.22,1426785.0,0.0,1
4794886000143,2016-09-27,3396036858.74,5.6006985,3393143832.16,2067326.0,642.0,1
4794886000143,2016-09-28,3399522323.1,5.6047083,3396466835.26,893671.0,0.0,1
4794886000143,2016-09-29,3405669140.38,5.6079668,3402451033.04,4009538.0,0.0,1
4794886000143,2016-09-30,3409693157.07,5.6092687,3406312145.28,3071216.69,0.0,1
4794886000143,2016-10-03,3412523385.36,5.6123891,3408979278.04,772273.41,0.0,1
4794886000143,2016-10-04,3415088423.11,5.6185164000000025,3414748137.43,2047095.41,0.0,1
4794886000143,2016-10-05,3416809421.27,5.6194387,3416305638.34,996985.0,0.0,1
4794886000143,2016-10-06,3423341571.29,5.6242901,3422674216.95,3419183.36,0.0,1
4794886000143,2016-10-07,3428009212.56,5.6265807,3427191082.73,3122884.69,0.0,1
4794886000143,2016-10-10,3432442306.52,5.6294889,3431470479.06,2508030.72,0.0,1
4794886000143,2016-10-11,3436822006.85,5.6322664000000024,3435686575.27,2523069.0,0.0,1
4794886000143,2016-10-13,3442036451.08,5.6342008,3440737214.62,3870636.17,0.0,1
4794886000143,2016-10-14,3447530902.67,5.637022099999999,3446068605.81,3608465.0,0.0,1
4794886000143,2016-10-17,3454841376.12,5.6392218000000005,3453214779.99,5801450.78,0.0,1
4794886000143,2016-10-18,3460195860.83,5.6420447,3458404625.12,3461178.0,0.0,1
4794886000143,2016-10-19,3465904105.96,5.6453470999999995,3463947983.56,3519129.51,0.0,1
4794886000143,2016-10-20,3470501993.59,5.6500715999999995,3468380720.53,1533757.0,0.0,1
4794886000143,2016-10-21,3474662299.6,5.6521122,3472375664.78,2742301.0,0.0,1
4794886000143,2016-10-24,3478064930.59,5.6525367,3475612743.78,2976308.64,0.0,1
4794886000143,2016-10-25,3483011676.6,5.656343,3480393783.65,2440661.56,0.0,1
4794886000143,2016-10-26,3485077745.75,5.6566474,3482293919.0,1712816.0,0.0,1
4794886000143,2016-10-27,3487614927.32,5.656982900000001,3484665076.29,2164598.0,0.0,1
4794886000143,2016-10-28,3488863621.41,5.6580288,3485747633.18,438287.88,0.0,1
4794886000143,2016-10-31,3495120843.77,5.6604198,3491838666.79,4618004.35,0.0,1
4794886000143,2016-11-01,3499631688.58,5.6637394,3496183053.62,2296587.83,0.0,1
4794886000143,2016-11-03,3500827949.55,5.6654389000000025,3500497183.57,3265016.94,0.0,1
4794886000143,2016-11-04,3506469529.59,5.6679555,3505971893.31,3919786.0,0.0,1
4794886000143,2016-11-07,3511193215.66,5.6708117,3510521659.52,2783053.56,0.0,1
4794886000143,2016-11-08,3516662722.15,5.6743744000000005,3515830607.24,3103435.81,0.0,1
4794886000143,2016-11-09,3520784017.35,5.6771737,3519784301.99,2219253.24,0.0,1
4794886000143,2016-11-10,3523002692.09,5.676291,3521835187.99,2598182.0,0.0,1
4794886000143,2016-11-11,3527140724.22,5.6726035,3525804579.42,6257275.0,0.0,1
4794886000143,2016-11-14,3533270804.22,5.6739274,3531765829.69,5138394.31,0.0,1
4794886000143,2016-11-16,3535215177.6,5.6712449000000005,3533541089.48,3445004.19,0.0,1
4794886000143,2016-11-17,3541422274.01,5.6798907,3539578987.76,651026.0,0.0,1
4794886000143,2016-11-18,3546952804.5,5.682110099999999,3544940032.59,3977948.0,0.0,1
4794886000143,2016-11-21,3553858019.45,5.6846964999999985,3551675506.61,5121865.0,0.0,1
4794886000143,2016-11-22,3561863415.19,5.691256299999999,3559510840.67,3736913.79,0.0,1
4794886000143,2016-11-23,3566150802.42,5.6939169000000005,3563627793.12,2452906.0,0.0,1
4794886000143,2016-11-24,3571086572.61,5.6965764000000005,3568392932.47,3100691.0,0.0,1
4794886000143,2016-11-25,3573329978.78,5.6984898,3570465480.91,873951.78,0.0,1
4794886000143,2016-11-28,3578822310.1,5.6989521,3575786855.79,5031720.76,0.0,1
4794886000143,2016-11-29,3584970093.59,5.7029078,3581763429.46,3494582.0,0.0,1
4794886000143,2016-11-30,3590038981.76,5.70683,3586665942.72,2439116.42,0.0,1
4794886000143,2016-12-01,3592099925.69,5.710121900000001,3588555158.41,0.0,179681.31,1
4794886000143,2016-12-02,3588719053.35,5.7054277,3588369578.19,2764506.89,0.0,1
4794886000143,2016-12-05,3595320995.44,5.7086758,3594799710.87,4387291.77,0.0,1
4794886000143,2016-12-06,3601284953.7,5.7156366,3600591553.55,1408580.32,0.0,1
4794886000143,2016-12-07,3598391183.37,5.717768799999999,3597538969.6,233761.37,4629543.85,1
4794886000143,2016-12-08,3606882350.22,5.7219875,3605858014.08,5664679.24,0.0,1
4794886000143,2016-12-09,3613619049.58,5.7276552,3612422194.92,2992532.58,0.0,1
4794886000143,2016-12-12,3620242463.32,5.729666,3618872780.4,5182395.11,0.0,1
4794886000143,2016-12-13,3625538927.02,5.733378900000001,3623996106.17,2778209.86,0.0,1
4794886000143,2016-12-14,3627918259.42,5.7359124,3626202056.69,5163381.0,4558819.0,1
4794886000143,2016-12-15,3635133087.99,5.7390375,3633244384.39,5066674.97,0.0,1
4794886000143,2016-12-16,3636978394.04,5.7410808,3634915869.22,377949.62,0.0,1
4794886000143,2016-12-19,3643435772.16,5.7445663,3641199346.54,4076616.61,0.0,1
4794886000143,2016-12-20,3650160744.48,5.7484264000000005,3647750118.81,4104102.16,0.0,1
4794886000143,2016-12-21,3657410758.45,5.7515163000000005,3654825620.89,5114718.32,0.0,1
4794886000143,2016-12-22,3666668867.77,5.756856099999999,3663908881.24,5690049.25,0.0,1
4794886000143,2016-12-23,3672268807.81,5.7609665,3669333539.87,2808670.52,0.0,1
4794886000143,2016-12-26,3676667269.56,5.7633243,3673556461.86,2721147.64,0.0,1
4794886000143,2016-12-27,3684893567.82,5.7661749,3681607019.28,6233559.0,0.0,1
4794886000143,2016-12-28,3694568035.75,5.768930999999999,3691105363.05,7738648.3,0.0,1
4794886000143,2016-12-29,3705087435.67,5.771861599999999,3701448186.68,8467717.85,0.0,1
4794886000143,2016-12-30,3708192304.62,5.776427099999999,3704375986.61,0.0,0.0,1
4794886000143,2017-01-02,3717840567.24,5.7790127,3713847043.3,7812919.0,0.0,1
4794886000143,2017-01-03,3718566175.47,5.7848594,3718209591.33,605250.28,0.0,1
4794886000143,2017-01-04,3722946448.02,5.7866567,3722403915.17,3039052.0,0.0,1
4794886000143,2017-01-05,3724832184.48,5.7873739,3724111380.03,1246132.11,0.0,1
4794886000143,2017-01-06,3730980587.22,5.7916456,3730095718.12,3235549.56,0.0,1
4794886000143,2017-01-09,3735421388.33,5.7925739,3734358069.15,3664513.0,0.0,1
4794886000143,2017-01-10,3739217053.78,5.7954063,3737984784.3,1800712.87,0.0,1
4794886000143,2017-01-11,3744304277.9,5.799532599999999,3742893185.44,2246960.17,0.0,1
4794886000143,2017-01-12,3747872761.01,5.8011857,3746282609.9,2322514.64,0.0,1
4794886000143,2017-01-13,3755919154.74,5.8120955,3754149762.53,821864.98,0.0,1
4794886000143,2017-01-16,3763025941.37,5.8144597000000005,3761076933.42,5400116.81,0.0,1
4794886000143,2017-01-17,3767714153.21,5.8180623,3765585199.68,2177887.43,0.0,1
4794886000143,2017-01-18,3771569577.41,5.8210412000000025,3769260463.61,1747285.88,0.0,1
4794886000143,2017-01-19,3771802397.68,5.8217053,3769313052.72,0.0,377448.61,1
4794886000143,2017-01-20,3776605433.32,5.8248074,3773935771.41,2614258.0,0.0,1
4794886000143,2017-01-23,3780842498.58,5.8276319,3777992299.57,2226502.0,0.0,1
4794886000143,2017-01-24,3782816005.21,5.8302899,3779785075.94,69630.93,0.0,1
4794886000143,2017-01-25,3787123676.37,5.8332926,3783911931.46,2180180.78,0.0,1
4794886000143,2017-01-26,3790179643.67,5.8357096,3786786886.61,1307087.58,0.0,1
4794886000143,2017-01-27,3792089932.87,5.8368699999999984,3788516026.77,976203.0,0.0,1
4794886000143,2017-01-30,3797637768.47,5.840369,3793882630.97,3095464.0,0.0,1
4794886000143,2017-01-31,3798912860.99,5.8409818,3794976236.55,695586.24,0.0,1
4794886000143,2017-02-01,3802519492.79,5.843284,3798401329.34,1929290.64,0.0,1
4794886000143,2017-02-02,3807215201.41,5.8467652,3806847657.71,6183411.54,0.0,1
4794886000143,2017-02-03,3812579915.68,5.8508892,3812030267.64,2497423.93,0.0,1
4794886000143,2017-02-06,3816680935.19,5.8548192000000014,3815948936.05,1358197.97,0.0,1
4794886000143,2017-02-07,3821940597.53,5.8579370000000015,3821040348.91,3059338.48,0.0,1
4794886000143,2017-02-08,3820562004.58,5.8615349000000005,3819479625.27,0.0,3907578.17,1
4794886000143,2017-02-09,3827403408.83,5.866887999999999,3826138973.16,3171158.15,0.0,1
4794886000143,2017-02-10,3832572554.38,5.870157099999999,3831125745.2,2854770.99,0.0,1
4794886000143,2017-02-13,3836384499.5,5.8731269,3834755079.37,1691151.04,0.0,1
4794886000143,2017-02-14,3840224393.36,5.8756067000000005,3838411136.81,2036875.46,0.0,1
4794886000143,2017-02-15,3842446536.87,5.8793708,3840450312.98,0.0,419800.11,1
4794886000143,2017-02-16,3846137636.21,5.8804960999999984,3843957300.88,2771959.0,0.0,1
4794886000143,2017-02-17,3850846645.94,5.8806430999999995,3848482032.19,4428611.9,0.0,1
4794886000143,2017-02-20,3854712375.56,5.883349,3852163267.91,1910378.25,0.0,1
4794886000143,2017-02-21,3858814093.62,5.8857165,3856080316.79,2366965.22,0.0,1
4794886000143,2017-02-22,3863983946.2,5.8896052,3861065313.65,2437239.0,0.0,1
4794886000143,2017-02-23,3870133988.73,5.8932636,3867030263.08,3566597.0,0.0,1
4794886000143,2017-02-24,3875287897.36,5.8990813,3871998794.57,1153253.0,2159.0,1
4794886000143,2017-03-01,3879946812.41,5.9020403,3876472095.89,2531079.75,0.0,1
4794886000143,2017-03-02,3880784030.08,5.9058046,3880407695.56,1463216.0,0.0,1
4794886000143,2017-03-03,3884780692.86,5.9054583,3884218344.18,4038207.58,0.0,1
4794886000143,2017-03-06,3891868624.67,5.9101485999999985,3891120080.37,3816743.0,0.0,1
4794886000143,2017-03-07,3895192300.45,5.9126951,3894271969.06,1475331.0,0.0,1
4794886000143,2017-03-08,3898918846.84,5.915078,3897812204.15,1970774.24,0.0,1
4794886000143,2017-03-09,3901357079.93,5.9160535,3900063957.34,1608972.92,0.0,1
4794886000143,2017-03-10,3903236593.99,5.9172677,3901756884.27,892446.56,0.0,1
4794886000143,2017-03-13,3909872433.61,5.923281200000001,3908206056.16,2483962.27,0.0,1
4794886000143,2017-03-14,3915064068.3,5.9260508000000005,3913210716.02,3177303.19,0.0,1
4794886000143,2017-03-15,3916516739.25,5.9248504,3914476173.81,2058123.06,0.0,1
4794886000143,2017-03-16,3923241361.13,5.9303591,3921013522.26,2897810.22,0.0,1
4794886000143,2017-03-17,3927543222.35,5.9323182,3925127798.77,2818970.56,0.0,1
4794886000143,2017-03-20,3929572546.91,5.9362328,3926969342.68,0.0,748552.0,1
4794886000143,2017-03-21,3932050012.41,5.937965599999999,3929258939.86,1143283.0,0.0,1
4794886000143,2017-03-22,3935349861.08,5.9417152,3932370811.17,630709.02,0.0,1
4794886000143,2017-03-23,3940325829.38,5.9427923,3937158653.94,4075013.0,0.0,1
4794886000143,2017-03-24,3944435424.8,5.9439391,3941079895.82,3161460.99,0.0,1
4794886000143,2017-03-27,3948989868.74,5.9491685,3945445799.51,898547.0,0.0,1
4794886000143,2017-03-28,3952807052.37,5.9526944,3949074234.96,1290124.51,0.0,1
4794886000143,2017-03-29,3953629428.96,5.9527621,3949707690.63,588540.75,0.0,1
4794886000143,2017-03-30,3958482010.69,5.9560502,3954371321.24,2481949.0,0.0,1
4794886000143,2017-03-31,3964295918.53,5.9572299000000015,3959996055.9,4841473.72,0.0,1
4794886000143,2017-04-03,3967284083.36,5.9603,3962794774.65,757896.0,0.0,1
4794886000143,2017-04-04,3970430831.17,5.963203,3970039828.5,5314956.0,0.0,1
4794886000143,2017-04-05,3975977358.51,5.9665288,3975396431.47,3142423.22,0.0,1
4794886000143,2017-04-06,3980158751.26,5.9681121,3979387644.81,2936320.0,0.0,1
4794886000143,2017-04-07,3980476092.97,5.9665347,3979529466.66,1193605.86,0.0,1
4794886000143,2017-04-10,3985403664.98,5.9705504000000005,3984274051.14,2066188.04,0.0,1
4794886000143,2017-04-11,3991666484.56,5.9760842000000025,3990346105.82,2379233.01,0.0,1
4794886000143,2017-04-12,3996709709.65,5.9779176,3995198276.93,3627959.4,0.0,1
4794886000143,2017-04-13,4002304391.04,5.9799644999999995,4000602694.72,4036468.37,0.0,1
4794886000143,2017-04-17,4006658818.56,5.9808030999999975,4004765580.49,3601861.64,0.0,1
4794886000143,2017-04-18,4010940221.28,5.9837811,4008855243.19,2095573.39,0.0,1
4794886000143,2017-04-19,4015783367.86,5.9881125,4013506455.03,1749368.6,0.0,1
4794886000143,2017-04-20,4016728999.41,5.9896185,4014259930.35,0.0,255931.7,1
4794886000143,2017-04-24,4020907129.27,5.9910839000000005,4018245868.09,3003823.39,0.0,1
4794886000143,2017-04-25,4025409528.88,5.9937489,4022555885.78,2522582.57,0.0,1
4794886000143,2017-04-26,4027424303.05,5.9922963,4024378072.8,2797103.17,0.0,1
4794886000143,2017-04-27,4033971506.64,5.9940872,4030732602.46,5151732.38,0.0,1
4794886000143,2017-04-28,4039586817.57,5.9954931,4036154936.85,4625713.02,148777.13,1
4794886000143,2017-05-02,4043979787.18,5.9988344000000025,4040354671.74,1950384.07,0.0,1
4794886000143,2017-05-03,4044127511.53,6.0023225999999985,4043734431.14,1030364.49,0.0,1
4794886000143,2017-05-04,4045824462.22,6.0042993,4045237786.16,171676.85,0.0,1
4794886000143,2017-05-05,4044761204.88,6.0049680999999975,4043980781.74,0.0,1707579.0,1
4794886000143,2017-05-08,4049297191.44,6.00806,4048338481.97,2275463.0,0.0,1
4794886000143,2017-05-09,4051470369.33,6.0097695999999985,4050317991.63,827566.02,0.0,1
4794886000143,2017-05-10,4055063696.35,6.0131339000000015,4053717556.17,1132166.31,0.0,1
4794886000143,2017-05-11,4060872241.1,6.0184374000000025,4059332176.56,2039314.0,0.0,1
4794886000143,2017-05-12,4062541155.23,6.02303,4060806898.97,0.0,1622886.13,1
4794886000143,2017-05-15,4066115480.08,6.027051599999999,4064186961.88,668604.0,0.0,1
4794886000143,2017-05-16,4069310369.64,6.0314712,4067187428.54,20272.87,0.0,1
4794886000143,2017-05-17,4074270797.65,6.0369541,4071953290.79,1068543.51,0.0,1
4794886000143,2017-05-18,4076833697.23,6.0375057,4074321397.64,1996058.34,0.0,1
4794886000143,2017-05-19,4044441977.27,5.9887432999999985,4041734772.19,319994.85,0.0,1
4794886000143,2017-05-22,4057888985.97,6.0046172,4054988427.15,2540491.7,0.0,1
4794886000143,2017-05-23,4058390366.25,6.001500900000001,4055295822.56,2411898.55,0.0,1
4794886000143,2017-05-24,4064351119.0,6.0106526,4061062575.8,0.0,417158.0,1
4794886000143,2017-05-25,4070747676.02,6.0173329,4067264858.71,1688770.85,0.0,1
4794886000143,2017-05-26,4074788397.63,6.0191002000000005,4071111010.85,2651577.96,0.0,1
4794886000143,2017-05-29,4082184164.4,6.0247287000000025,4078312025.01,3394079.22,0.0,1
4794886000143,2017-05-30,4084694656.06,6.0288495000000015,4080627421.15,0.0,474054.96,1
4794886000143,2017-05-31,4090628280.75,6.0288362,4086365840.07,5747432.85,0.0,1
4794886000143,2017-06-01,4094401849.28,6.0327806,4089943929.56,904536.99,0.0,1
4794886000143,2017-06-02,4092763047.07,6.032047599999999,4092360431.33,2913404.21,0.0,1
4794886000143,2017-06-05,4095404482.45,6.0331446,4094806102.21,1701426.25,0.0,1
4794886000143,2017-06-06,4096652317.22,6.0348052,4095858056.03,0.0,75072.71,1
4794886000143,2017-06-07,4100638836.69,6.039410299999999,4099664045.33,680428.89,0.0,1
4794886000143,2017-06-08,4105325097.66,6.0414940999999995,4104154150.75,3075645.02,0.0,1
4794886000143,2017-06-09,4110824767.82,6.0442389,4109457451.57,3438625.6,0.0,1
4794886000143,2017-06-12,4115351904.7,6.0481115,4113787966.58,1697575.63,0.0,1
4794886000143,2017-06-13,4117786788.36,6.0505819,4116026022.13,557722.68,0.0,1
4794886000143,2017-06-14,4121295477.27,6.0514939000000005,4119338824.56,2692417.81,0.0,1
4794886000143,2017-06-16,4124270426.85,6.055212,4122116682.9,246915.0,0.0,1
4794886000143,2017-06-19,4129806580.74,6.0593867,4127455613.29,2496925.66,0.0,1
4794886000143,2017-06-20,4131626854.62,6.0628817999999995,4129078409.4,0.0,757912.0,1
4794886000143,2017-06-21,4133360672.23,6.062875900000001,4130614672.0,1540261.79,0.0,1
4794886000143,2017-06-22,4138200005.64,6.0656196,4135256377.23,2772452.0,0.0,1
4794886000143,2017-06-23,4141753378.13,6.0674686,4138611900.49,2094933.34,0.0,1
4794886000143,2017-06-26,4146391034.1,6.0695824,4143051547.46,2997828.86,0.0,1
4794886000143,2017-06-27,4150181961.42,6.0719221,4146644254.37,1995670.74,0.0,1
4794886000143,2017-06-28,4153281778.99,6.072926799999999,4149545680.44,2215312.51,0.0,1
4794886000143,2017-06-29,4157501196.57,6.0764637000000015,4153566568.37,1604146.35,0.0,1
4794886000143,2017-06-30,4162853398.12,6.076892099999999,4158720048.79,4860675.05,0.0,1
4794886000143,2017-07-03,4165951219.91,6.080421,4161618873.1,483798.49,0.0,1
4794886000143,2017-07-04,4165305157.06,6.0845449999999985,4164892680.26,451239.67,0.0,1
4794886000143,2017-07-05,4168050593.75,6.0862495,4167438859.14,1379405.63,0.0,1
4794886000143,2017-07-06,4170766994.73,6.0886233,4169955881.06,891646.33,0.0,1
4794886000143,2017-07-07,4174185850.6,6.0908824999999975,4173190847.02,2005711.69,318058.62,1
4794886000143,2017-07-10,4176956121.26,6.0916608,4175769004.54,2044906.7,0.0,1
4794886000143,2017-07-11,4180475970.07,6.094036900000001,4179089066.09,1691290.72,0.0,1
4794886000143,2017-07-12,4183069639.81,6.0965875999999986,4181482790.45,644516.67,0.0,1
4794886000143,2017-07-13,4185464684.4,6.1010000999999985,4183677775.69,0.0,831426.68,1
4794886000143,2017-07-14,4195894016.51,6.1026848,4193906943.93,9073951.72,0.0,1
4794886000143,2017-07-17,4199939204.25,6.107229900000001,4197751480.7,721037.94,0.0,1
4794886000143,2017-07-18,4202137226.06,6.1111029000000014,4199748668.45,0.0,664940.96,1
4794886000143,2017-07-19,4206669148.56,6.1143022,4204079661.79,2132330.18,0.0,1
4794886000143,2017-07-20,4209992281.97,6.1192099,4207201659.8,0.0,252421.0,1
4794886000143,2017-07-21,4215196906.49,6.1225983,4212205000.26,2673660.18,0.0,1
4794886000143,2017-07-24,4221265322.2,6.1259551,4218071893.65,3557521.61,0.0,1
4794886000143,2017-07-25,4222876264.68,6.1273721,4219481034.44,433456.46,0.0,1
4794886000143,2017-07-26,4223466010.04,6.128442400000001,4219868911.0,0.0,349139.29,1
4794886000143,2017-07-27,4226772823.71,6.129951,4222973837.41,2066151.32,0.0,1
4794886000143,2017-07-28,4235021914.65,6.1370860999999985,4231020893.23,3131589.25,0.0,1
4794886000143,2017-07-31,4241199926.09,6.140329,4236996486.37,3739902.97,0.0,1
4794886000143,2017-08-01,4244310276.99,6.1431322,4239904178.36,973390.0,0.0,1
4794886000143,2017-08-02,4240603859.79,6.1457706,4240187446.94,0.0,1537701.2,1
4794886000143,2017-08-03,4245598526.71,6.1487535000000015,4244979303.0,2733804.0,0.0,1
4794886000143,2017-08-04,4251584803.48,6.1526597999999995,4250762540.79,3086394.0,0.0,1
4794886000143,2017-08-07,4251245786.09,6.154488400000001,4250236060.19,0.0,1789827.16,1
4794886000143,2017-08-08,4254361733.94,6.1545522,4253148775.09,2868658.27,0.0,1
4794886000143,2017-08-09,4258375543.99,6.1566527,4256959213.49,2358904.73,0.0,1
4794886000143,2017-08-10,4260950876.84,6.1570756,4259330993.23,2079364.0,0.0,1
4794886000143,2017-08-11,4261663677.09,6.1568543,4259840127.42,662217.0,0.0,1
4794886000143,2017-08-14,4264926400.62,6.1590006,4262899160.66,1574030.0,0.0,1
4794886000143,2017-08-15,4267707064.81,6.1611498,4265477035.3,1090372.38,0.0,1
4794886000143,2017-08-16,4270149029.37,6.1648354,4267715040.56,0.0,313635.52,1
4794886000143,2017-08-17,4275224228.22,6.1675825,4272586173.53,2969405.45,0.0,1
4794886000143,2017-08-18,4272249193.97,6.1655165,4269406841.47,0.0,1748083.62,1
4794886000143,2017-08-21,4277507459.11,6.1700276,4274460960.17,1930276.81,0.0,1
4794886000143,2017-08-22,4276930005.05,6.1699459,4273679119.0,0.0,725212.0,1
4794886000143,2017-08-23,4278146797.01,6.1724474,4274691561.09,0.0,720229.0,1
4794886000143,2017-08-24,4281649940.72,6.1760858,4277990306.71,778993.36,0.0,1
4794886000143,2017-08-25,4283237554.27,6.1792939,4279373365.09,0.0,839133.14,1
4794886000143,2017-08-28,4287415972.55,6.1812412000000005,4283347162.35,2625247.43,0.0,1
4794886000143,2017-08-29,4288984622.56,6.1832671999999995,4284711002.11,0.0,40083.11,1
4794886000143,2017-08-30,4290931637.44,6.1854441,4286453141.78,233638.6,0.0,1
4794886000143,2017-08-31,4294878819.49,6.1880918,4290195365.66,1907383.61,0.0,1
4794886000143,2017-09-01,4299627994.45,6.192106400000001,4294739404.26,1760756.13,0.0,1
4794886000143,2017-09-04,4296712844.93,6.1929193,4296288670.36,985437.38,0.0,1
4794886000143,2017-09-05,4299372428.8,6.1962098,4298742827.71,171388.4,0.0,1
4794886000143,2017-09-06,4300436062.08,6.2001338,4299600917.61,0.0,1864254.98,1
4794886000143,2017-09-08,4304725461.22,6.2050222,4303700796.33,709893.76,0.0,1
4794886000143,2017-09-11,4306654267.73,6.2084647,4305423712.29,0.0,664718.55,1
4794886000143,2017-09-12,4307593883.27,6.2076029,4306157355.24,1331257.18,0.0,1
4794886000143,2017-09-13,4306450994.84,6.207738,4304808459.28,0.0,1442601.89,1
4794886000143,2017-09-14,4307920478.17,6.2094633,4306071999.31,67133.22,0.0,1
4794886000143,2017-09-15,4311138711.41,6.2133081,4309084229.08,345972.09,0.0,1
4794886000143,2017-09-18,4313294083.19,6.214100900000001,4311033453.96,1399398.95,0.0,1
4794886000143,2017-09-19,4314321513.83,6.2164379,4311854644.88,0.0,800132.63,1
4794886000143,2017-09-20,4317429557.27,6.2199033,4314756409.49,498127.75,0.0,1
4794886000143,2017-09-21,4313810549.08,6.222874299999999,4310930984.3,0.0,5886397.03,1
4794886000143,2017-09-22,4318182292.52,6.2269583,4315096492.89,1336296.78,0.0,1
4794886000143,2017-09-25,4319682762.78,6.2285312999999976,4316390529.94,203977.18,0.0,1
4794886000143,2017-09-26,4314784845.27,6.2287284000000005,4311286117.61,0.0,5241047.71,1
4794886000143,2017-09-27,4316702666.58,6.2330051,4312997687.16,0.0,1248565.46,1
4794886000143,2017-09-28,4317039489.89,6.2334343,4313128177.22,0.0,166489.81,1
4794886000143,2017-09-29,4321439785.91,6.2351557,4317322133.76,3002829.35,0.0,1
4794886000143,2017-10-02,4325095872.06,6.2373934,4320771674.93,1900177.14,0.0,1
4794886000143,2017-10-03,4322149272.23,6.239504599999999,4321719903.39,0.0,514297.2,1
4794886000143,2017-10-04,4323280673.07,6.2390194,4322644549.82,1260706.36,0.0,1
4794886000143,2017-10-05,4325532753.08,6.2404196,4324689831.4,1075169.7,0.0,1
4794886000143,2017-10-06,4325957828.22,6.239096599999999,4324924200.65,1151278.16,0.0,1
4794886000143,2017-10-09,4330832578.05,6.2444977,4329592078.95,923857.13,0.0,1
4794886000143,2017-10-10,4331167022.65,6.2450158,4329726981.1,0.0,224378.34,1
4794886000143,2017-10-11,4334136277.9,6.2473550000000015,4332489136.1,1140362.06,0.0,1
4794886000143,2017-10-13,4336476521.11,6.2487128,4334623174.78,1192424.46,0.0,1
4794886000143,2017-10-16,4340333973.46,6.2506017,4338273298.91,2339816.1,0.0,1
4794886000143,2017-10-17,4338473597.8,6.250676599999999,4336205421.23,0.0,2119865.46,1
4794886000143,2017-10-18,4340793102.32,6.2541575,4338317522.19,0.0,302659.71,1
4794886000143,2017-10-19,4343383966.92,6.2563685,4340700882.64,849690.74,0.0,1
4794886000143,2017-10-20,4344810306.6,6.2590921999999996,4341919604.69,0.0,670997.74,1
4794886000143,2017-10-23,4348750874.78,6.2610725,4345652497.21,2359137.65,0.0,1
4794886000143,2017-10-24,4350583385.09,6.2621236,4347277154.1,895171.42,0.0,1
4794886000143,2017-10-25,4352453295.92,6.2631174000000005,4348939134.14,972025.38,0.0,1
4794886000143,2017-10-26,4352819115.8,6.264968,4349096944.09,0.0,1127174.92,1
4794886000143,2017-10-27,4352252309.18,6.2623964999999995,4348322120.03,1010273.14,0.0,1
4794886000143,2017-10-30,4354288165.51,6.2647058,4350149995.8,224426.78,0.0,1
4794886000143,2017-10-31,4355560330.79,6.264314499999999,4351218490.0,1340189.82,0.0,1
4794886000143,2017-11-01,4359251575.51,6.2667973,4354701592.49,1758567.84,0.0,1
4794886000143,2017-11-03,4355246437.91,6.266297,4354823544.82,469547.33,0.0,1
4794886000143,2017-11-06,4355032197.72,6.264986799999999,4354400990.71,488027.49,0.0,1
4794886000143,2017-11-07,4357874331.01,6.2685057,4357034830.22,188068.92,0.0,1
4794886000143,2017-11-08,4356913212.45,6.2696975,4355880765.53,0.0,1982459.9,1
4794886000143,2017-11-09,4359412979.6,6.2724036,4358172160.64,411357.75,0.0,1
4794886000143,2017-11-10,4360297330.84,6.2732039,4358848030.74,119787.26,0.0,1
4794886000143,2017-11-13,4361937978.52,6.2721024000000005,4360280165.09,2197496.98,0.0,1
4794886000143,2017-11-14,4363352224.98,6.2730387,4361485830.04,554778.64,0.0,1
4794886000143,2017-11-16,4364071857.71,6.2730663,4361996823.82,491783.91,0.0,1
4794886000143,2017-11-17,4368054074.61,6.2769169,4365770377.47,1096031.56,0.0,1
4794886000143,2017-11-20,4371395668.53,6.2801892,4368903128.41,856765.66,0.0,1
4794886000143,2017-11-21,4373553856.36,6.2819391,4370852324.11,731890.01,0.0,1
4794886000143,2017-11-22,4374940365.87,6.2843231,4372029748.65,0.0,481328.93,1
4794886000143,2017-11-23,4375880867.85,6.2859189,4372761109.62,0.0,378880.92,1
4794886000143,2017-11-24,4378800485.71,6.2886239,4375471551.62,828769.78,0.0,1
4794886000143,2017-11-27,4379282464.27,6.2884688,4375744225.26,380537.42,0.0,1
4794886000143,2017-11-28,4383471301.05,6.2900323,4379723744.12,2891607.0,0.0,1
4794886000143,2017-11-29,4387600210.54,6.2922796,4383643146.22,2354580.88,0.0,1
4794886000143,2017-11-30,4385870433.13,6.2904112,4381703674.76,0.0,637789.88,1
4794886000143,2017-12-01,4388144358.59,6.290053299999999,4383767998.53,2313612.09,0.0,1
4794886000143,2017-12-04,4387252269.87,6.2922498,4386823054.69,1524254.63,0.0,1
4794886000143,2017-12-05,4392523667.77,6.2947102,4391884607.11,3346208.27,0.0,1
4794886000143,2017-12-06,4395032489.88,6.2969428,4394183342.72,741047.87,0.0,1
4794886000143,2017-12-07,4395895252.72,6.2983658,4394852326.77,0.0,324042.75,1
4794886000143,2017-12-08,4395481526.06,6.2985272000000005,4394228316.47,0.0,736638.84,1
4794886000143,2017-12-11,4396793664.9,6.3008287,4395330204.64,0.0,503789.07,1
4794886000143,2017-12-12,4397207469.58,6.3020383,4395533703.99,0.0,640296.7,1
4794886000143,2017-12-13,4397466830.69,6.3029485,4395582750.11,0.0,585745.71,1
4794886000143,2017-12-14,4397765405.06,6.3058133000000005,4395671007.14,0.0,1909645.57,1
4794886000143,2017-12-15,4398421057.6,6.3059332,4396117424.6,362844.1,0.0,1
4794886000143,2017-12-18,4398499063.17,6.3080639000000005,4395985072.12,0.0,1617764.92,1
4794886000143,2017-12-19,4398549184.17,6.3080298,4395824841.4,0.0,136423.82,1
4794886000143,2017-12-20,4399820935.08,6.3081697,4396886248.2,963862.8,0.0,1
4794886000143,2017-12-21,4403805581.25,6.3116714000000025,4400660499.71,1333556.26,0.0,1
4794886000143,2017-12-22,4405192599.75,6.3133745999999995,4401836943.84,0.0,11063.94,1
4794886000143,2017-12-26,4408483481.11,6.313654799999999,4404917194.81,2884875.77,0.0,1
4794886000143,2017-12-27,4407788968.86,6.3179978,4404011905.5,0.0,3935317.48,1
4794886000143,2017-12-28,4412372620.95,6.3194182,4408384823.61,3382828.81,0.0,1
4794886000143,2017-12-29,4414427812.93,6.3220619000000005,4410229073.4,0.0,0.0,1
4794886000143,2018-01-02,4418067304.12,6.3236983,4413657539.45,2286929.64,0.0,1
4794886000143,2018-01-03,4417011838.16,6.329617,4416577274.91,0.0,1211262.39,1
4794886000143,2018-01-04,4418931160.32,6.3324785000000015,4418285269.64,0.0,288624.55,1
4794886000143,2018-01-05,4420949502.08,6.3346462999999975,4420092201.99,294421.54,0.0,1
4794886000143,2018-01-08,4422455643.62,6.3345626,4421403312.81,1369460.92,0.0,1
4794886000143,2018-01-09,4423751747.8,6.3368311,4422487936.33,0.0,498723.44,1
4794886000143,2018-01-10,4425032174.21,6.3382648,4423565288.7,76767.98,0.0,1
4794886000143,2018-01-11,4427877129.33,6.3411475,4426198663.48,621506.24,0.0,1
4794886000143,2018-01-12,4429445103.35,6.3432878,4427554929.14,0.0,137695.7,1
4794886000143,2018-01-15,4431312257.62,6.3451894,4429210310.46,328097.59,0.0,1
4794886000143,2018-01-16,4432145330.21,6.3472519,4429831531.27,0.0,818526.27,1
4794886000143,2018-01-17,4434650956.9,6.3482306,4432125276.61,1610722.68,0.0,1
4794886000143,2018-01-18,4434472384.28,6.3491875,4431734713.41,0.0,1058619.24,1
4794886000143,2018-01-19,4436678252.71,6.3497791,4433728609.85,1580907.94,0.0,1
4794886000143,2018-01-22,4439793171.02,6.3511937000000005,4436631461.23,1915139.17,0.0,1
4794886000143,2018-01-23,4438152600.74,6.3516401,4434778685.78,0.0,2164615.35,1
4794886000143,2018-01-24,4437396522.15,6.3515765,4433810490.26,0.0,923800.6,1
4794886000143,2018-01-25,4439564304.96,6.3565038000000005,4435766202.24,0.0,1483829.18,1
4794886000143,2018-01-26,4439487228.61,6.3581459,4435476961.93,0.0,1435139.65,1
4794886000143,2018-01-29,4442605585.12,6.3618494000000005,4438383168.25,322604.76,0.0,1
4794886000143,2018-01-30,4445081971.44,6.3621977,4440647266.0,2021080.58,0.0,1
4794886000143,2018-01-31,4444359311.64,6.362882599999999,4439712209.81,0.0,1413098.89,1
4794886000143,2018-02-01,4447614780.21,6.3644894,4442755326.51,1921956.34,0.0,1
4794886000143,2018-02-02,4444271089.23,6.366611,4443837813.79,0.0,398501.99,1
4794886000143,2018-02-05,4444226626.11,6.365798799999999,4443580802.36,309959.53,0.0,1
4794886000143,2018-02-06,4439835454.34,6.3650806,4438977094.5,0.0,4102380.81,1
4794886000143,2018-02-07,4442747407.69,6.3677077,4441693243.5,884013.91,0.0,1
4794886000143,2018-02-08,4445004923.87,6.3683409000000015,4443738109.49,1603185.72,0.0,1
4794886000143,2018-02-09,4441507362.22,6.3663376,4440027800.27,0.0,2312424.68,1
4794886000143,2018-02-14,4441601564.98,6.3646335999999994,4439909432.14,1069991.87,0.0,1
4794886000143,2018-02-15,4443377993.2,6.3667848,4441474342.11,64273.37,0.0,1
4794886000143,2018-02-16,4444355040.2,6.3689669,4442238749.34,0.0,757816.74,1
4794886000143,2018-02-19,4446802741.77,6.3710048,4444473774.74,813632.29,0.0,1
4794886000143,2018-02-20,4446523729.91,6.371836900000001,4443981980.28,0.0,1072289.11,1
4794886000143,2018-02-21,4448850182.42,6.372190799999999,4446095673.62,1866848.29,0.0,1
4794886000143,2018-02-22,4445664832.0,6.3725589000000005,4442697463.35,0.0,3655009.25,1
4794886000143,2018-02-23,4445844119.22,6.3745128,4442664052.57,0.0,1395610.64,1
4794886000143,2018-02-26,4442297106.89,6.3754297,4438904343.81,0.0,4398768.53,1
4794886000143,2018-02-27,4445091789.83,6.3786603,4441486509.37,332908.23,0.0,1
4794886000143,2018-02-28,4445798621.38,6.379904799999999,4441980700.56,0.0,372387.1,1
4794886000143,2018-03-01,4446802403.31,6.3818599,4442771818.62,0.0,570074.83,1
4794886000143,2018-03-02,4440657613.73,6.3838567,4440221863.15,0.0,3940076.66,1
4794886000143,2018-03-05,4439752150.21,6.3852555,4439103819.51,0.0,2090941.89,1
4794886000143,2018-03-06,4436881047.11,6.3878459,4436020389.51,0.0,4884323.55,1
4794886000143,2018-03-07,4437671260.63,6.3895608,4436615166.01,0.0,596105.36,1
4794886000143,2018-03-08,4436267179.37,6.3901535,4434999628.74,0.0,2027118.53,1
4794886000143,2018-03-09,4435079845.8,6.3914436,4433600916.12,0.0,2294040.76,1
4794886000143,2018-03-12,4435224997.83,6.392858,4433534755.67,0.0,1047321.39,1
4794886000143,2018-03-13,4435830657.3,6.3944509000000025,4433929105.87,0.0,710361.32,1
4794886000143,2018-03-14,4433841192.3,6.3966641,4431728312.78,0.0,3735454.6,1
4794886000143,2018-03-15,4432948673.77,6.3970282,4430624570.98,0.0,1356002.95,1
4794886000143,2018-03-16,4430186481.77,6.3975601,4427651208.25,0.0,3341752.21,1
4794886000143,2018-03-19,4428524778.23,6.4004623,4425778275.59,0.0,3881465.88,1
4794886000143,2018-03-20,4425306515.0,6.4000662,4422349272.4,0.0,3155139.92,1
4794886000143,2018-03-21,4419561994.08,6.3988732000000015,4416393974.83,0.0,5130947.79,1
4794886000143,2018-03-22,4420172908.76,6.4019192,4416794396.43,0.0,1701889.58,1
4794886000143,2018-03-23,4423566544.68,6.40905,4419977520.22,0.0,1736474.05,1
4794886000143,2018-03-26,4422277871.88,6.4102287,4418478183.69,0.0,2312285.67,1
4794886000143,2018-03-27,4421283977.08,6.4135415999999985,4417273696.58,0.0,3488025.64,1
4794886000143,2018-03-28,4420197856.44,6.4138629,4415977040.96,0.0,1517887.3,1
4794886000143,2018-03-29,4410215025.63,6.4139806,4405783736.94,0.0,10274385.69,1
4794886000143,2018-04-02,4412213014.81,6.4163758,4407571742.68,142753.16,0.0,1
4794886000143,2018-04-03,4402690023.77,6.4154751,4402268007.1,0.0,4684990.55,1
4794886000143,2018-04-04,4396876551.52,6.4157007,4396244718.83,0.0,6178126.26,1
4794886000143,2018-04-05,4394548499.21,6.4169943,4393707137.35,0.0,3424001.87,1
4794886000143,2018-04-06,4393878226.91,6.419323,4392843118.72,0.0,2458468.54,1
4794886000143,2018-04-09,4388913439.52,6.420663200000001,4387667046.37,0.0,6093201.83,1
4794886000143,2018-04-10,4387428803.81,6.4222847000000005,4385979830.4,0.0,2795312.77,1
4794886000143,2018-04-11,4388670573.52,6.4243367,4387010641.93,0.0,370547.65,1
4794886000143,2018-04-12,4386771719.48,6.4258274,4384900780.61,0.0,3127798.46,1
4794886000143,2018-04-13,4388441985.76,6.4273039,4386361188.92,452844.96,0.0,1
4794886000143,2018-04-16,4388977518.59,6.428260400000001,4386685747.24,0.0,328229.07,1
4794886000143,2018-04-17,4386916334.74,6.4295417,4384413573.4,0.0,3146489.43,1
4794886000143,2018-04-18,4384399225.71,6.430315,4381685582.56,0.0,3255335.35,1
4794886000143,2018-04-19,4384971878.32,6.4325128,4382047483.34,0.0,1135709.81,1
4794886000143,2018-04-20,4386746786.51,6.433243900000001,4383611622.42,1066094.38,0.0,1
4794886000143,2018-04-23,4387731477.88,6.435012599999999,4384385470.21,0.0,431331.95,1
4794886000143,2018-04-24,4382393720.69,6.4344297,4378836832.58,0.0,5151521.79,1
4794886000143,2018-04-25,4383161597.34,6.435691200000001,4379394093.01,0.0,301219.83,1
4794886000143,2018-04-26,4384904643.95,6.4370619000000024,4380926496.86,599669.36,0.0,1
4794886000143,2018-04-27,4387155993.77,6.4401947999999996,4382968249.66,0.0,90458.28,1
4794886000143,2018-04-30,4391438790.84,6.4426178,4387041352.51,2424093.43,0.0,1
4794886000143,2018-05-02,4392097655.6,6.4425458,4387490329.08,498055.38,0.0,1
4794886000143,2018-05-03,4386803817.77,6.442572900000001,4386374929.01,0.0,1133886.79,1
4794886000143,2018-05-04,4388018054.16,6.4432953,4387379308.93,512505.74,0.0,1
4794886000143,2018-05-07,4387091809.76,6.4443986,4386243160.26,0.0,1887348.82,1
4794886000143,2018-05-08,4384895401.66,6.443933,4383853682.74,0.0,2072588.58,1
4794886000143,2018-05-09,4380881122.02,6.4424658,4379629862.09,0.0,3225707.92,1
4794886000143,2018-05-10,4379137421.15,6.4416011,4377676821.3,0.0,1365165.71,1
4794886000143,2018-05-11,4377349412.56,6.4452535000000015,4375679565.82,0.0,4479465.11,1
4794886000143,2018-05-14,4371727882.53,6.4439886,4369848883.98,0.0,4971923.91,1
4794886000143,2018-05-15,4363844722.82,6.4423722,4361756850.14,0.0,6995885.31,1
4794886000143,2018-05-16,4360683131.94,6.443274400000001,4358386770.43,0.0,3980913.25,1
4794886000143,2018-05-17,4359066450.66,6.4447757,4356561760.82,0.0,2840508.62,1
4794886000143,2018-05-18,4353819225.41,6.440850900000001,4351106294.13,0.0,2802365.16,1
4794886000143,2018-05-21,4353018415.55,6.4382425,4350097906.32,753711.2,0.0,1
4794886000143,2018-05-22,4353845847.4,6.441029,4350717000.83,0.0,1263671.07,1
4794886000143,2018-05-23,4353380138.82,6.4438726,4350043329.17,0.0,2594454.16,1
4794886000143,2018-05-24,4354502544.52,6.4441202,4350958207.51,747772.34,0.0,1
4794886000143,2018-05-25,4354221455.2,6.4426623,4350468639.0,494754.22,0.0,1
4794886000143,2018-05-28,4354018433.26,6.4405968,4350057564.86,983708.89,0.0,1
4794886000143,2018-05-29,4354022445.79,6.4411133000000005,4349853544.78,120198.1,673108.87,1
4794886000143,2018-05-30,4353682861.44,6.4392548,4349306341.19,707926.44,0.0,1
4794886000143,2018-06-01,4355397103.68,6.4424996,4350812687.5,0.0,685320.54,1
4794886000143,2018-06-04,4356256594.06,6.447188,4355830935.23,1852044.14,0.0,1
4794886000143,2018-06-05,4354807491.66,6.4493281,4354173626.21,0.0,3103250.81,1
4794886000143,2018-06-06,4352585273.36,6.4444028,4351743280.19,894940.51,0.0,1
4794886000143,2018-06-07,4353425832.82,6.4460714999999995,4352388506.11,0.0,481582.03,1
4794886000143,2018-06-08,4353241631.06,6.4408735,4351996066.77,3117196.28,0.0,1
4794886000143,2018-06-11,4356329502.37,6.448053,4354875719.17,0.0,1971376.93,1
4794886000143,2018-06-12,4356185962.27,6.4502510000000015,4354523823.04,0.0,1836383.65,1
4794886000143,2018-06-13,4359111208.61,6.4525745,4357240730.1,1148327.31,0.0,1
4794886000143,2018-06-14,4358567936.41,6.449753299999999,4356488989.25,1153289.2,0.0,1
4794886000143,2018-06-15,4350776176.84,6.4408479000000005,4348489843.81,0.0,1983937.0,1
4794886000143,2018-06-18,4354727244.32,6.4438797999999995,4352232859.37,1696033.6,0.0,1
4794886000143,2018-06-19,4354950386.58,6.4463319000000014,4352247771.44,0.0,1641248.66,1
4794886000143,2018-06-20,4356597054.13,6.452565,4353686208.1,0.0,2769833.16,1
4794886000143,2018-06-21,4357580793.13,6.4515495000000005,4354461647.72,1460569.49,0.0,1
4794886000143,2018-06-22,4358490880.03,6.4511164,4355163398.3,994128.43,0.0,1
4794886000143,2018-06-25,4357799079.7,6.450806099999999,4354263228.24,0.0,690732.64,1
4794886000143,2018-06-26,4360590859.12,6.455700599999999,4356846680.8,0.0,720271.18,1
4794886000143,2018-06-27,4360981882.03,6.4596559000000005,4357029253.81,0.0,2486786.13,1
4794886000143,2018-06-28,4359154925.29,6.4572884,4354993838.5,0.0,438540.34,1
4794886000143,2018-06-29,4362384078.37,6.4629524000000025,4358014629.91,0.0,799201.23,1
4794886000143,2018-07-02,4364589078.72,6.4644335,4360011126.85,997750.63,0.0,1
4794886000143,2018-07-03,4359592792.03,6.4677245,4359159993.85,0.0,3070802.38,1
4794886000143,2018-07-04,4359488790.05,6.4683098,4358847433.92,0.0,706998.1,1
4794886000143,2018-07-05,4360060543.18,6.469968,4359210643.99,0.0,754197.35,1
4794886000143,2018-07-06,4356809658.87,6.4695799,4355767970.47,0.0,3181236.92,1
4794886000143,2018-07-09,4357995169.2,6.4731629,4356745123.55,0.0,1435162.96,1
4794886000143,2018-07-10,4358691293.82,6.475138200000001,4357241302.68,0.0,833285.9,1
4794886000143,2018-07-11,4360933239.52,6.4789449,4359274820.98,0.0,528043.39,1
4794886000143,2018-07-12,4358384307.08,6.4778347,4356517364.29,0.0,2010516.85,1
4794886000143,2018-07-13,4356772018.69,6.477835400000001,4354696682.96,0.0,1821117.84,1
4794886000143,2018-07-16,4356815798.0,6.4807638,4354532156.05,0.0,2133118.37,1
4794886000143,2018-07-17,4356195321.32,6.4822190000000015,4353703380.97,0.0,1806576.42,1
4794886000143,2018-07-18,4357611891.28,6.4843402,4354911692.0,0.0,216374.85,1
4794886000143,2018-07-19,4358083321.26,6.4853519,4355174805.51,0.0,416366.72,1
4794886000143,2018-07-20,4358401630.25,6.4871636,4355284785.5,0.0,1106600.06,1
4794886000143,2018-07-23,4360589860.49,6.4902169,4357264681.5,0.0,70043.26,1
4794886000143,2018-07-24,4357743704.63,6.4906074999999985,4354210097.13,0.0,3316771.79,1
4794886000143,2018-07-25,4355233595.39,6.4929362,4351491704.82,0.0,4280601.79,1
4794886000143,2018-07-26,4358495164.5,6.4968254,4354545120.33,446897.88,0.0,1
4794886000143,2018-07-27,4359415589.07,6.4971891,4355257245.89,468375.9,0.0,1
4794886000143,2018-07-30,4361014852.89,6.499486,4356648176.79,0.0,148783.5,1
4794886000143,2018-07-31,4363812605.85,6.5004795999999985,4359237554.35,1923397.5,0.0,1
4794886000143,2018-08-01,4364912441.36,6.500898,4360128891.16,610704.11,0.0,1
4794886000143,2018-08-02,4358660118.64,6.5024415,4358231765.91,0.0,2932311.65,1
4794886000143,2018-08-03,4358439760.45,6.502904900000001,4357802956.91,0.0,739395.46,1
4794886000143,2018-08-06,4358346831.08,6.5065316,4357501597.15,0.0,2731761.82,1
4794886000143,2018-08-07,4358089079.37,6.508189,4357052137.26,0.0,1559439.19,1
4794886000143,2018-08-08,4355147033.35,6.5059830000000005,4353901732.4,0.0,1673516.51,1
4794886000143,2018-08-09,4356127785.07,6.5064147000000006,4354674275.29,483638.35,0.0,1
4794886000143,2018-08-10,4349585056.37,6.5038557,4347923300.96,0.0,5038263.69,1
4794886000143,2018-08-13,4344813894.65,6.4965274000000015,4342944215.09,0.0,80044.04,1
4794886000143,2018-08-14,4343447084.94,6.4985883,4341369718.33,0.0,2952163.19,1
4794886000143,2018-08-15,4348053984.26,6.5087231,4345770051.39,0.0,2370215.63,1
4794886000143,2018-08-16,4346164026.81,6.5109998,4343672271.08,0.0,3617920.08,1
4794886000143,2018-08-17,4344889887.11,6.511775900000001,4342190408.53,0.0,1999624.49,1
4794886000143,2018-08-20,4346083487.0,6.5130777,4343176356.08,117886.43,0.0,1
4794886000143,2018-08-21,4343782266.21,6.5122136,4340667436.01,0.0,1932680.05,1
4794886000143,2018-08-22,4339271863.86,6.5070676,4335949453.84,0.0,1287970.9,1
4794886000143,2018-08-23,4341294516.34,6.512040799999999,4337764751.16,0.0,1498577.21,1
4794886000143,2018-08-24,4342077886.25,6.512118599999999,4338340679.48,524104.87,0.0,1
4794886000143,2018-08-27,4342028676.55,6.5148327,4338084000.75,0.0,2064802.13,1
4794886000143,2018-08-28,4340724233.27,6.517507900000001,4336572100.67,0.0,3293214.2,1
4794886000143,2018-08-29,4338470750.78,6.5172877,4334111233.39,0.0,2314391.04,1
4794886000143,2018-08-30,4340592211.69,6.5190927000000025,4336025426.67,713835.99,0.0,1
4794886000143,2018-08-31,4338871665.7,6.515378599999999,4334097521.91,542480.97,0.0,1
4794886000143,2018-09-03,4334141988.89,6.5186684,4329160578.14,0.0,7125401.11,1
4794886000143,2018-09-04,4327424938.56,6.5172888,4326996643.2,0.0,1247702.19,1
4794886000143,2018-09-05,4324458237.22,6.5161248,4323823013.02,0.0,2400785.9,1
4794886000143,2018-09-06,4321580458.33,6.5168379000000005,4320738456.44,0.0,3557740.67,1
4794886000143,2018-09-10,4324914292.12,6.5200383,4323882303.87,1021904.38,0.0,1
4794886000143,2018-09-11,4329093692.34,6.5218523,4327854771.72,2769482.56,0.0,1
4794886000143,2018-09-12,4328397645.31,6.5225196,4326951603.17,0.0,1345983.76,1
4794886000143,2018-09-13,4334040873.02,6.5264182,4332387752.36,2849911.91,0.0,1
4794886000143,2018-09-14,4336466656.03,6.5256640999999975,4334606198.0,2718995.42,0.0,1
4794886000143,2018-09-17,4341341386.55,6.5290824,4339273485.49,2396709.93,0.0,1
4794886000143,2018-09-18,4346369499.02,6.5334995000000005,4344093932.68,1884836.88,0.0,1
4794886000143,2018-09-19,4350956278.5,6.5360393,4348472817.33,2690208.93,0.0,1
4794886000143,2018-09-20,4352077308.25,6.537162,4349385743.74,165979.59,0.0,1
4794886000143,2018-09-21,4354768232.42,6.538057599999999,4351868521.09,1886857.51,0.0,1
4794886000143,2018-09-24,4358593753.6,6.540954900000001,4355485777.25,1688800.51,0.0,1
4794886000143,2018-09-25,4360737951.45,6.541439,4357421537.81,1613388.87,0.0,1
4794886000143,2018-09-26,4368619340.66,6.5434934,4365094397.55,6304381.68,0.0,1
4794886000143,2018-09-27,4374785285.83,6.546171,4371051447.9,4170854.32,0.0,1
4794886000143,2018-09-28,4384747703.4,6.547751,4380804686.93,8698203.68,0.0,1
4794886000143,2018-10-01,4387600533.33,6.5463526,4383447869.64,3578783.36,0.0,1
4794886000143,2018-10-02,4386713308.79,6.5481782,4386277375.59,1607099.88,0.0,1
4794886000143,2018-10-03,4391804597.0,6.5517929000000015,4391159045.1,2460372.55,0.0,1
4794886000143,2018-10-04,4397660190.52,6.5559753,4396804498.33,2842332.43,0.0,1
4794886000143,2018-10-05,4398204047.01,6.5598177,4397154580.38,0.0,2226843.7,1
4794886000143,2018-10-08,4400198728.99,6.559801400000001,4398938946.2,1795284.69,0.0,1
4794886000143,2018-10-09,4410608825.28,6.5719240999999995,4409138641.36,2070300.74,0.0,1
4794886000143,2018-10-10,4418762037.72,6.579869900000001,4417089425.26,2619910.18,0.0,1
4794886000143,2018-10-11,4422234123.89,6.5788939,4420350246.0,3916031.67,0.0,1
4794886000143,2018-10-15,4424794567.97,6.580299900000001,4422700310.16,1405368.26,0.0,1
4794886000143,2018-10-16,4429197333.67,6.584514200000001,4426891537.06,1358772.0,0.0,1
4794886000143,2018-10-17,4433624312.25,6.5877664000000005,4431106777.23,2028699.85,0.0,1
4794886000143,2018-10-18,4436634716.02,6.591305999999999,4433905241.89,417636.15,0.0,1
4794886000143,2018-10-19,4435042718.38,6.5903012,4432101171.87,0.0,1128167.01,1
4794886000143,2018-10-22,4435117734.7,6.5904708,4431964201.72,0.0,251013.89,1
4794886000143,2018-10-23,4441440262.38,6.5961734,4438074749.45,2275631.23,0.0,1
4794886000143,2018-10-24,4445304773.08,6.599007799999999,4441726989.21,1745213.87,0.0,1
4794886000143,2018-10-25,4447677700.99,6.599300099999999,4443887472.28,1963718.93,0.0,1
4794886000143,2018-10-26,4448085391.54,6.5992244000000015,4444082615.11,246107.72,0.0,1
4794886000143,2018-10-29,4453551585.52,6.604513099999999,4449336252.07,1692097.38,0.0,1
4794886000143,2018-10-30,4453462890.46,6.6055474,4449034749.82,0.0,998259.52,1
4794886000143,2018-10-31,4457039792.83,6.608198799999999,4452398859.36,1578322.07,0.0,1
4794886000143,2018-11-01,4461198327.15,6.609525200000001,4456344440.65,3051845.08,0.0,1
4794886000143,2018-11-05,4457063712.82,6.6114449,4456626493.83,6133412.09,7145671.88,1
4794886000143,2018-11-06,4458362820.96,6.613647500000001,4457712447.61,3627332.45,4026111.44,1
4794886000143,2018-11-07,4457411184.73,6.6147106,4456547605.34,5389259.77,7270637.12,1
4794886000143,2018-11-08,4457776010.66,6.614718400000001,4456716130.16,3226602.27,3063301.66,1
4794886000143,2018-11-09,4461333408.78,6.6145633,4460060277.23,5257421.14,1808803.56,1
4794886000143,2018-11-12,4464151440.63,6.6159081,4462664898.79,5886226.02,4188385.17,1
4794886000143,2018-11-13,4469102230.85,6.6159859,4467402154.7,6538590.83,1853814.2,1
4794886000143,2018-11-14,4468072000.96,6.616162400000001,4466158164.9,2290919.27,3654092.83,1
4794886000143,2018-11-16,4471657018.04,6.6201219,4469529456.49,2668610.17,1970107.26,1
4794886000143,2018-11-19,4473100464.89,6.625150099999999,4470759017.29,1961011.68,4126206.47,1
4794886000143,2018-11-20,4470102648.74,6.6252463000000015,4467547256.56,3296665.39,6573347.48,1
4794886000143,2018-11-21,4470403592.94,6.6266043,4467634409.1,930139.49,1758722.21,1
4794886000143,2018-11-22,4469557990.01,6.6298024999999985,4466575010.37,2017510.19,5233135.44,1
4794886000143,2018-11-23,4468703432.92,6.6318378,4465506707.94,1875707.61,4315167.93,1
4794886000143,2018-11-26,4467569626.17,6.6332924,4464159206.71,3724918.14,6051863.86,1
4794886000143,2018-11-27,4459199051.15,6.6293631999999985,4455575001.38,1985318.3,7925194.2,1
4794886000143,2018-11-28,4458926725.02,6.6294412,4455089453.68,4177763.2,4715761.04,1
4794886000143,2018-11-29,4457424757.25,6.6317882,4453374312.36,2608349.64,5900728.7,1
4794886000143,2018-11-30,4459620547.75,6.6328029000000015,4455357010.95,4497118.76,3195770.08,1
4794886000143,2018-12-03,4461520271.64,6.634776,4457043570.68,4580581.93,4219385.1,1
4794886000143,2018-12-04,4459150636.11,6.636448599999999,4458709661.24,4526848.96,3984353.21,1
4794886000143,2018-12-05,4456536010.81,6.635699400000001,4455881712.14,3787960.16,6112560.14,1
4794886000143,2018-12-06,4458825122.81,6.638685400000001,4457957519.96,3899514.07,3828856.9,1
4794886000143,2018-12-07,4459686593.88,6.6414379,4458622984.38,4074041.29,5256868.27,1
4794886000143,2018-12-10,4462794035.68,6.642794900000001,4461517968.34,6025219.95,4041251.1,1
4794886000143,2018-12-11,4463664234.37,6.6436629,4462174652.8,4622403.78,4548732.54,1
4794886000143,2018-12-12,4464311026.19,6.6452155,4462607899.11,4524040.17,5133527.71,1
4794886000143,2018-12-13,4465941254.01,6.6492795,4464024560.77,3857079.22,5169648.09,1
4794886000143,2018-12-14,4467513129.09,6.6556534,4465383824.94,4015693.44,6935554.33,1
4794886000143,2018-12-17,4471262724.76,6.6598141,4468919697.94,4453835.18,3709432.55,1
4794886000143,2018-12-18,4471126369.42,6.6615863,4468569451.56,4432815.55,5972309.8,1
4794886000143,2018-12-19,4467675497.91,6.661895599999999,4464904705.69,3713969.35,7586167.46,1
4794886000143,2018-12-20,4465075540.73,6.6656357,4462091048.67,3463263.51,8783591.49,1
4794886000143,2018-12-21,4468628393.57,6.668597900000001,4465430470.2,4718415.88,3361952.15,1
4794886000143,2018-12-24,4472165896.32,6.669819500000001,4468754257.03,5115801.09,2609974.84,1
4794886000143,2018-12-26,4470483132.73,6.6711913,4466857619.24,2350283.13,5166025.05,1
4794886000143,2018-12-27,4474447058.1,6.671434,4470607760.74,7343980.61,3756355.96,1
4794886000143,2018-12-28,4476840081.08,6.6741347000000015,4472786821.26,5166447.81,4797208.16,1
4794886000143,2018-12-31,4478582493.9,6.6764152999999995,4474315167.86,0.0,0.0,1
4794886000143,2019-01-02,4478799054.17,6.6777848,4474317586.87,4436576.19,5351972.72,1
4794886000143,2019-01-03,4476079368.42,6.6842685,4475634626.63,3276610.49,6303801.01,1
4794886000143,2019-01-04,4478883962.82,6.6883337,4478225016.97,4221739.51,4353356.87,1
4794886000143,2019-01-07,4481333387.4,6.6892297,4480460113.25,5184645.61,3549437.9,1
4794886000143,2019-01-08,4478519237.63,6.6878697,4477448925.1,2883374.36,4983647.57,1
4794886000143,2019-01-09,4479720564.84,6.6898537,4478436085.29,3330361.6,3671486.84,1
4794886000143,2019-01-10,4480748701.16,6.6938283,4479258469.44,3107161.72,4945504.97,1
4794886000143,2019-01-11,4482852007.44,6.693981299999999,4481147523.43,4211182.56,2424479.87,1
4794886000143,2019-01-14,4482306148.47,6.6959588000000005,4480387322.22,1951367.04,4035386.29,1
4794886000143,2019-01-15,4486181071.24,6.7000496,4484047938.94,5429021.05,4505631.66,1
4794886000143,2019-01-16,4487538339.46,6.7003535,4485190726.81,3203352.47,2263991.69,1
4794886000143,2019-01-17,4487935017.5,6.7023439,4485372870.08,3127210.6,4277385.62,1
4794886000143,2019-01-18,4489492116.19,6.7045172000000015,4486715425.32,2795581.66,2907470.92,1
4794886000143,2019-01-21,4487505359.3,6.706250999999999,4484514061.05,2471646.7,5833307.99,1
4794886000143,2019-01-22,4489319147.93,6.7077524,4486113347.12,3406732.55,2811417.05,1
4794886000143,2019-01-23,4485954238.12,6.7107754,4482533858.58,1757171.55,7358431.09,1
4794886000143,2019-01-24,4485928218.68,6.7134479,4482293430.89,2100809.22,4126356.48,1
4794886000143,2019-01-25,4483416018.78,6.7140687,4479566834.18,2756652.04,5897747.61,1
4794886000143,2019-01-28,4484497723.06,6.715572,4480434271.49,2129128.83,2264697.45,1
4794886000143,2019-01-29,4484354790.59,6.7169039,4480077030.75,2568076.89,3813909.96,1
4794886000143,2019-01-30,4485737874.72,6.720500200000001,4481245823.62,2412545.25,3642402.88,1
4794886000143,2019-01-31,4485909345.74,6.7214553,4481202947.71,3555619.01,4235393.21,1
4794886000143,2019-02-01,4488253752.93,6.7271759000000015,4483333010.01,3308071.0,4991935.09,1
4794886000143,2019-02-04,4486272337.44,6.7309225,4485831326.13,3228907.07,3227498.62,1
4794886000143,2019-02-05,4484410440.48,6.7311571,4483754863.88,2512198.8,4745037.97,1
4794886000143,2019-02-06,4483102268.41,6.7315222000000015,4482232225.41,2974188.74,4740009.16,1
4794886000143,2019-02-07,4481085615.44,6.731163099999999,4480018586.17,4225046.53,6199550.88,1
4794886000143,2019-02-08,4479500400.58,6.7291133,4478219874.09,3889813.47,4324289.61,1
4794886000143,2019-02-11,4477321604.91,6.7256253,4475826742.54,4881581.85,4953419.74,1
4794886000143,2019-02-12,4479632058.84,6.7272467,4477922974.54,4012136.03,2994916.82,1
4794886000143,2019-02-13,4479383005.33,6.731147099999999,4477459599.29,3830494.54,6890182.19,1
4794886000143,2019-02-14,4481724172.5,6.734594500000001,4479586452.89,5075869.71,5242158.9,1
4794886000143,2019-02-15,4484758388.49,6.7383665,4482407340.44,3952578.08,3640670.71,1
4794886000143,2019-02-18,4484950359.02,6.7434110999999985,4482384758.2,4621331.73,7999586.61,1
4794886000143,2019-02-19,4482583053.96,6.7430093,4479802901.45,3127396.51,5442204.86,1
4794886000143,2019-02-20,4482374261.09,6.7446886,4479379749.28,3983346.97,5522165.01,1
4794886000143,2019-02-21,4484132527.7,6.743991499999999,4480923621.17,3944226.16,1937398.9,1
4794886000143,2019-02-22,4485965925.62,6.7458927,4482542550.86,3665849.85,3310144.47,1
4794886000143,2019-02-25,4487943773.6,6.7481407,4484305853.51,2925045.59,2655443.13,1
4794886000143,2019-02-26,4485538426.41,6.749103,4481685877.04,2715963.53,5975421.22,1
4794886000143,2019-02-27,4484280596.3,6.7503978,4480213542.41,1899892.72,4232068.68,1
4794886000143,2019-02-28,4485006802.71,6.7534616,4480725314.4,3268168.42,4789825.02,1
4794886000143,2019-03-01,4488258676.43,6.7542109,4483762729.34,3693771.88,1153477.06,1
4794886000143,2019-03-06,4483305706.14,6.755455900000001,4482862728.74,3463079.9,5189562.29,1
4794886000143,2019-03-07,4481660907.48,6.756473599999999,4481003369.52,1248646.52,3783344.07,1
4794886000143,2019-03-08,4479639363.67,6.75776,4478767353.63,2331557.21,5420756.37,1
4794886000143,2019-03-11,4479336816.05,6.7605056,4478268002.28,2167527.94,4486536.46,1
4794886000143,2019-03-12,4479437278.96,6.7648033,4478154126.45,1387892.85,4348612.71,1
4794886000143,2019-03-13,4480138235.78,6.7669848,4478640749.95,3562164.71,4519684.16,1
4794886000143,2019-03-14,4482833538.65,6.770735,4481121696.32,4196645.45,4197722.97,1
4794886000143,2019-03-15,4481998263.87,6.7716314,4480071946.91,3874911.66,5517906.18,1
4794886000143,2019-03-18,4482180934.52,6.773568400000001,4480040192.93,5160333.08,6473590.39,1
4794886000143,2019-03-19,4485063940.92,6.7769437,4482708776.19,3147763.48,2711602.7,1
4794886000143,2019-03-20,4486400955.51,6.7793845,4483831240.58,2337388.53,2829459.88,1
4794886000143,2019-03-21,4486480637.41,6.7816839999999985,4483696318.8,3293844.81,4949625.55,1
4794886000143,2019-03-22,4486385818.88,6.7819357999999985,4483386903.06,2157569.77,2633447.7,1
4794886000143,2019-03-25,4483476190.53,6.778292200000001,4480262692.21,4388333.88,5103836.73,1
4794886000143,2019-03-26,4482132441.48,6.7794766000000015,4478704509.44,2011065.64,4352148.42,1
4794886000143,2019-03-27,4481840101.28,6.7781797999999975,4478197809.71,4462850.92,4112797.1,1
4794886000143,2019-03-28,4479378825.51,6.77413,4475522198.56,0.0,0.0,1
4794886000143,2019-03-29,4488822819.05,6.781576400000001,4484751984.16,8729361.48,4419289.35,1
4794886000143,2019-04-01,4484780100.44,6.7833065999999995,4480494620.21,2076597.12,7478120.65,1
4794886000143,2019-04-02,4482410234.41,6.7871474,4481964108.24,4122737.07,5190189.13,1
4794886000143,2019-04-03,4479377587.79,6.789602,4478716949.08,6250871.28,11118924.84,1
4794886000143,2019-04-04,4475152196.56,6.7894378,4474277199.99,4292726.63,8624184.41,1
4794886000143,2019-04-05,4476769514.41,6.7916039999999995,4475697875.6,1160735.5,1167622.11,1
4794886000143,2019-04-08,4476225797.41,6.793864699999999,4474940033.27,3835340.16,6082953.81,1
4794886000143,2019-04-09,4471397375.32,6.7939529000000025,4469897521.95,2191383.42,7292002.35,1
4794886000143,2019-04-10,4467399903.41,6.7929198,4465694659.2,2731761.15,6254923.83,1
4794886000143,2019-04-11,4467674175.28,6.7960381,4465755282.08,3452096.53,5441464.42,1
4794886000143,2019-04-12,4464882314.44,6.7964031,4462749769.36,2737414.47,5982780.55,1
4794886000143,2019-04-15,4464601753.37,6.796765,4462256791.55,3107046.83,3837687.43,1
4794886000143,2019-04-16,4465972078.51,6.7987617,4463413633.4,4373228.31,4527225.16,1
4794886000143,2019-04-17,4464920909.18,6.8004101,4462148925.69,2490170.58,4837110.58,1
4794886000143,2019-04-18,4460574462.29,6.8013671,4457589000.67,2306141.25,7494003.14,1
4794886000143,2019-04-22,4460398149.01,6.8047937,4457199426.38,3280363.52,5915660.59,1
4794886000143,2019-04-23,4459249820.22,6.807212599999999,4455837855.14,949709.32,3895700.06,1
4794886000143,2019-04-24,4458512257.27,6.8121297000000025,4454887114.55,1273732.85,5443118.78,1
4794886000143,2019-04-25,4454054170.94,6.8129648000000005,4450215895.89,1029048.27,6246360.24,1
4794886000143,2019-04-26,4453293677.6,6.815313499999999,4449242492.65,3495137.28,6002697.96,1
4794886000143,2019-04-29,4455455429.96,6.8169364,4451191381.45,4850514.57,3961130.43,1
4794886000143,2019-04-30,4456394075.93,6.8178607000000016,4451917071.07,3347185.71,3225057.98,1
4794886000143,2019-05-02,4458251722.61,6.8205732,4453561726.83,2390846.3,2517377.59,1
4794886000143,2019-05-03,4447548566.68,6.821791,4447111164.59,2415330.9,9661044.96,1
4794886000143,2019-05-06,4447519249.8,6.8271413,4446869085.7,2717416.1,6447340.86,1
4794886000143,2019-05-07,4444463632.1,6.8284963,4443600717.46,2697686.31,6848621.39,1
4794886000143,2019-05-08,4440970495.62,6.829612400000001,4439912468.32,2203322.34,6617921.05,1
4794886000143,2019-05-09,4439524352.16,6.8318827,4438254199.82,2357075.24,5491234.7,1
4794886000143,2019-05-10,4439521351.72,6.834069199999999,4438039153.39,3036760.5,4672253.14,1
4794886000143,2019-05-13,4442096555.54,6.8367215,4440402321.4,3051752.7,2410952.12,1
4794886000143,2019-05-14,4439162130.47,6.8369422,4437255748.0,1381427.86,4671341.83,1
4794886000143,2019-05-15,4437290828.65,6.8411175,4435172447.7,1857070.48,6650236.24,1
4794886000143,2019-05-16,4437977838.81,6.8421507,4435647558.58,2656946.29,2851612.34,1
4794886000143,2019-05-17,4437821635.87,6.8411929,4435279433.73,3270141.97,3017397.47,1
4794886000143,2019-05-20,4435101858.76,6.840784200000001,4432347752.24,1878116.58,4544784.15,1
4794886000143,2019-05-21,4435884549.75,6.8429477,4432918678.44,2745264.82,3576163.57,1
4794886000143,2019-05-22,4435338477.61,6.8452622000000005,4432160814.34,3941589.2,6198779.32,1
4794886000143,2019-05-23,4437966500.45,6.8469041,4434577081.31,3777837.31,2424668.83,1
4794886000143,2019-05-24,4436231242.0,6.8484214,4432629951.91,2961545.23,5891436.01,1
4794886000143,2019-05-27,4437838671.44,6.8502215,4434025603.14,3388088.93,3157523.85,1
4794886000143,2019-05-28,4438472258.12,6.8518354000000015,4434447345.14,3265231.2,3888132.78,1
4794886000143,2019-05-29,4439134812.96,6.8566692,4434898035.22,3557538.13,6235213.45,1
4794886000143,2019-05-30,4440660201.54,6.8579562,4436211537.58,3225377.23,2744342.77,1
4794886000143,2019-05-31,4443678581.25,6.8601254,4439017968.52,4330258.74,2927029.49,1
4794886000143,2019-06-03,4443779223.75,6.8626515,4438906528.62,2902064.01,4648049.55,1
4794886000143,2019-06-04,4434936316.11,6.8621351,4434501412.47,2885727.77,6956874.8,1
4794886000143,2019-06-05,4432695687.92,6.8628015,4432048916.93,3243164.61,6126269.34,1
4794886000143,2019-06-06,4428367942.98,6.8624382,4427509421.45,2338043.86,6642921.42,1
4794886000143,2019-06-07,4427891349.75,6.866268499999999,4426833134.72,3133649.37,6281150.62,1
4794886000143,2019-06-10,4430999188.01,6.870719900000001,4429729092.17,4541291.51,4515299.51,1
4794886000143,2019-06-11,4433562678.2,6.8742309000000015,4432080563.64,3252101.67,3164217.5,1
4794886000143,2019-06-12,4433077342.28,6.8761944,4431383097.02,2550512.68,4513913.62,1
4794886000143,2019-06-13,4428831422.9,6.8749674,4426925080.16,3675429.94,7342735.49,1
4794886000143,2019-06-14,4428646201.33,6.8774733999999995,4426529056.31,2710496.53,4720161.6,1
4794886000143,2019-06-17,4431346884.39,6.8798254,4429017865.96,4923206.53,3948242.4,1
4794886000143,2019-06-18,4429939127.38,6.880526,4427398117.03,2971121.05,5041899.59,1
4794886000143,2019-06-19,4432728527.54,6.8831226999999995,4429975602.39,3021303.1,2114675.34,1
4794886000143,2019-06-21,4434478317.69,6.8856915999999995,4431513355.01,5477352.0,5592934.56,1
4794886000143,2019-06-24,4441615325.53,6.8965425000000025,4438438252.08,3828228.14,3886805.73,1
4794886000143,2019-06-25,4442068589.54,6.8985965,4438679075.57,3434629.8,4515683.91,1
4794886000143,2019-06-26,4440382213.18,6.8965143,4436780247.23,4758778.59,5317889.81,1
4794886000143,2019-06-27,4440433074.87,6.8977962,4436618747.35,4392748.44,5378969.58,1
4794886000143,2019-06-28,4442186820.8,6.9003477,4438164759.41,5714411.11,5809504.28,1
4794886000143,2019-07-01,4447287929.31,6.9046957,4443053247.82,3801978.32,1710037.9,1
4794886000143,2019-07-02,4444158731.43,6.9072297,4443721382.09,4836427.91,5798889.84,1
4794886000143,2019-07-03,4442060940.25,6.9067617,4441410706.21,3497396.6,5506967.13,1
4794886000143,2019-07-04,4438746134.99,6.910150999999999,4437883126.29,2488257.97,8195330.64,1
4794886000143,2019-07-05,4441846655.64,6.9133913,4440788460.62,5210033.85,4385724.12,1
4794886000143,2019-07-08,4443582894.72,6.9146896999999985,4442312116.75,4034871.68,3345214.66,1
4794886000143,2019-07-09,4444745530.4,6.918311099999999,4443262096.9,3340717.97,4717268.3,1
4794886000143,2019-07-10,4443197949.8,6.9194612000000015,4441510273.83,245361.09,2735863.65,1
4794886000143,2019-07-11,4445695684.77,6.9254675,4443795391.47,2744288.98,4314534.87,1
4794886000143,2019-07-12,4445935243.52,6.927724400000002,4443822224.08,3363767.66,4785108.61,1
4794886000143,2019-07-15,4445594150.81,6.9284558,4443268403.95,3718989.05,4741958.35,1
4794886000143,2019-07-16,4445094179.74,6.929132000000001,4442555731.84,3329901.74,4476206.11,1
4794886000143,2019-07-17,4445720255.05,6.9298171,4442969140.05,2876865.9,2902743.61,1
4794886000143,2019-07-18,4443289767.88,6.9318615,4440325966.07,2679294.32,6633169.25,1
4794886000143,2019-07-19,4442090323.15,6.9337405,4438913960.41,2861854.37,5477490.72,1
4794886000143,2019-07-22,4442656013.44,6.9349570000000025,4439267157.0,3722769.01,4148368.24,1
4794886000143,2019-07-23,4441597306.72,6.9371395000000025,4437995939.77,3719303.81,6387610.85,1
4794886000143,2019-07-24,4442628258.09,6.939189999999999,4438814441.16,3239686.81,3732955.73,1
4794886000143,2019-07-25,4441933312.49,6.9401828,4437907006.6,3269370.36,4811915.0,1
4794886000143,2019-07-26,4438688919.91,6.9396122,4434450168.26,2373938.01,5465895.6,1
4794886000143,2019-07-29,4438051426.84,6.9400979000000005,4433600394.07,2716803.67,3876935.67,1
4794886000143,2019-07-30,4437508253.61,6.9421073,4432844980.17,2207546.57,4246631.52,1
4794886000143,2019-07-31,4438574840.98,6.9429834,4433699362.84,3425670.14,3130755.93,1
4794886000143,2019-08-01,4438953282.56,6.942654300000001,4433865792.94,3440998.3,3064404.87,1
4794886000143,2019-08-02,4435732546.2,6.944947999999999,4435296019.89,4060658.55,4095240.37,1
4794886000143,2019-08-05,4434259897.75,6.9465955,4433611283.93,3964652.94,6701558.27,1
4794886000143,2019-08-06,4433497199.7,6.9439223,4432636578.58,3594174.77,2862754.54,1
4794886000143,2019-08-07,4433891486.32,6.949171400000001,4432836264.38,3909262.53,7060339.37,1
4794886000143,2019-08-08,4435775161.1,6.9523922,4434507930.74,4325872.01,4708713.61,1
4794886000143,2019-08-09,4436544379.79,6.9552572,4435065061.43,3871661.31,5141932.36,1
4794886000143,2019-08-12,4437991362.68,6.9562345999999975,4436299929.77,3946798.77,3335204.84,1
4794886000143,2019-08-13,4436571894.08,6.955655499999999,4434668287.82,2681352.93,3943647.49,1
4794886000143,2019-08-14,4434094841.85,6.9570791,4431979139.93,2671522.68,6268318.44,1
4794886000143,2019-08-15,4432812639.09,6.9567616999999995,4430486026.54,4358713.63,5649592.07,1
4794886000143,2019-08-16,4433649439.68,6.9583057,4431110897.6,4187923.02,4546402.63,1
4794886000143,2019-08-19,4436519625.7,6.9614687,4433769124.33,3325736.37,2681706.91,1
4794886000143,2019-08-20,4432835869.25,6.9615848,4429873282.02,2888470.5,6858250.17,1
4794886000143,2019-08-21,4431627628.99,6.962536900000001,4428453141.41,2661326.34,4687317.12,1
4794886000143,2019-08-22,4433853618.61,6.964877099999999,4430467298.31,4020366.16,3494696.52,1
4794886000143,2019-08-23,4434009557.5,6.965132400000001,4430411308.56,2341521.41,2559911.17,1
4794886000143,2019-08-26,4434500245.9,6.964653200000001,4430690070.99,4533375.63,3949823.46,1
4794886000143,2019-08-27,4433450875.42,6.9630964,4429428761.27,1929346.02,2200256.89,1
4794886000143,2019-08-28,4428103630.43,6.9620793,4423869637.09,3078218.42,7990342.48,1
4794886000143,2019-08-29,4427930637.7,6.9598737999999996,4423485029.9,3630124.06,2613286.47,1
4794886000143,2019-08-30,4429404351.38,6.9609687000000005,4424747147.44,3202973.38,2636766.29,1
4794886000143,2019-09-02,4432826236.77,6.9654022,4427957376.58,1992469.39,1600361.12,1
4794886000143,2019-09-03,4424047669.17,6.9648701,4423609690.82,1912571.06,5921978.19,1
4794886000143,2019-09-04,4422638219.83,6.967536999999999,4421988639.39,2838907.34,6153787.91,1
4794886000143,2019-09-05,4421862677.84,6.971319099999999,4421001572.52,2015433.08,5402840.15,1
4794886000143,2019-09-06,4421082976.5,6.9728928,4420027835.26,2216407.65,4188132.61,1
4794886000143,2019-09-09,4422102557.54,6.9747579,4420835949.14,3758578.45,4132766.35,1
4794886000143,2019-09-10,4419273150.14,6.976194199999999,4417795036.1,2503294.02,6454577.97,1
4794886000143,2019-09-11,4417762841.0,6.9762219,4416073366.12,1270146.51,3009322.89,1
4794886000143,2019-09-12,4417082989.34,6.979037599999999,4415182235.62,1791418.37,4464982.18,1
4794886000143,2019-09-13,4411721254.71,6.9815168000000005,4409609264.57,1011443.58,8152839.45,1
4794886000143,2019-09-16,4407441375.57,6.9809755,4405118414.41,986514.3,5135446.41,1
4794886000143,2019-09-17,4408529571.04,6.985207400000001,4405995852.69,1448670.86,3241621.94,1
4794886000143,2019-09-18,4407919544.19,6.9898539999999985,4405175026.83,1216986.44,4968745.65,1
4794886000143,2019-09-19,4408229660.0,6.992173700000001,4405274382.8,1677605.33,3040175.19,1
4794886000143,2019-09-20,4407406170.84,6.998901700000001,4404240129.02,711956.95,5985018.65,1
4794886000143,2019-09-23,4408063617.94,7.003787400000001,4404686860.77,1429412.2,4057165.58,1
4794886000143,2019-09-24,4402630633.91,7.0032797,4399043140.1,587372.45,5911765.79,1
4794886000143,2019-09-25,4397967148.69,7.0025679000000025,4394169187.01,1025200.41,5452051.02,1
4794886000143,2019-09-26,4395265136.75,7.0055399000000005,4391256939.27,1710421.09,6487639.98,1
4794886000143,2019-09-27,4395132471.89,7.0078476,4390914177.3,1456902.01,3246191.17,1
4794886000143,2019-09-30,4396173713.65,7.0094273000000005,4391745338.27,2674619.26,2833239.59,1
4794886000143,2019-10-01,4395109028.31,7.0105675000000005,4390470561.58,1565818.42,3554979.68,1
4794886000143,2019-10-02,4390213797.97,7.0116583,4389776000.69,1705177.59,3082900.16,1
4794886000143,2019-10-03,4385323571.94,7.012058500000001,4384675777.09,523382.08,5874149.24,1
4794886000143,2019-10-04,4383009115.58,7.013786200000001,4382151566.04,666621.52,4271172.14,1
4794886000143,2019-10-07,4379575868.94,7.014488900000001,4378526082.47,1398966.13,5463495.59,1
4794886000143,2019-10-08,4373608446.17,7.0133925999999995,4372349277.14,1717696.45,7210187.66,1
4794886000143,2019-10-09,4371654339.41,7.014536200000001,4370186081.95,1129747.5,4005901.85,1
4794886000143,2019-10-10,4367702619.65,7.017862700000001,4366033835.05,1448847.63,7673563.98,1
4794886000143,2019-10-11,4364601373.32,7.0211305999999984,4362723801.02,830808.73,6173865.42,1
4794886000143,2019-10-14,4366345727.45,7.026709299999999,4364259525.08,1009769.47,2940508.3,1
4794886000143,2019-10-15,4366646853.76,7.030439,4364353017.96,1059130.3,3282142.2,1
4794886000143,2019-10-16,4362712152.29,7.0296418,4360209588.69,980970.75,4629494.68,1
4794886000143,2019-10-17,4363918702.46,7.034805,4361207608.3,1159968.29,3364476.93,1
4794886000143,2019-10-18,4362488836.05,7.0388673,4359569163.86,1189176.11,5346041.07,1
4794886000143,2019-10-21,4357577988.57,7.040056,4354449816.34,589836.74,6445394.25,1
4794886000143,2019-10-22,4354660357.98,7.0409384999999975,4351323929.5,679613.17,4351368.31,1
4794886000143,2019-10-23,4350822705.61,7.0390507,4347278169.72,82746.23,2961868.71,1
4794886000143,2019-10-24,4347709889.52,7.0422252000000025,4343957438.88,895958.01,6177227.65,1
4794886000143,2019-10-25,4342628159.39,7.042639299999999,4338667952.12,1078425.95,6623349.39,1
4794886000143,2019-10-28,4341584212.8,7.0461781000000006,4337416500.79,387487.98,3819049.7,1
4794886000143,2019-10-29,4336411995.3,7.0484960999999995,4332036838.14,584193.74,7390704.28,1
4794886000143,2019-10-30,4331422259.8,7.0503784,4326839913.67,1074416.97,7428206.38,1
4794886000143,2019-10-31,4327473728.7,7.052732400000001,4322689061.05,284564.57,5880089.3,1
4794886000143,2019-11-01,4323938464.75,7.0511320999999985,4318947053.26,226326.6,2987502.93,1
4794886000143,2019-11-04,4318032923.95,7.0537987000000015,4317612550.47,1163650.42,4131515.31,1
4794886000143,2019-11-05,4313264373.97,7.0536213000000005,4312637473.15,723439.06,5589936.74,1
4794886000143,2019-11-06,4307617902.78,7.053399799999998,4306784711.51,1411409.39,7128731.48,1
4794886000143,2019-11-07,4303333974.85,7.0518492,4302312002.55,861618.78,4387514.16,1
4794886000143,2019-11-08,4301319552.02,7.0506688,4300091674.04,2258097.68,3758288.66,1
4794886000143,2019-11-11,4292903161.84,7.0489931,4291469483.91,906667.26,8506835.95,1
4794886000143,2019-11-12,4289863891.76,7.0515918000000015,4288224824.47,491473.83,5318275.86,1
4794886000143,2019-11-13,4285485447.7,7.049078999999999,4283641145.56,2008247.59,5063835.24,1
4794886000143,2019-11-14,4277240176.73,7.0489522,4275190857.88,494625.97,8867878.35,1
4794886000143,2019-11-18,4272658224.31,7.05028,4270404291.39,1357884.11,6949751.41,1
4794886000143,2019-11-19,4269806163.33,7.0502522,4267347844.15,161098.76,3200693.67,1
4794886000143,2019-11-20,4266737640.09,7.050397900000001,4264075080.2,0.0,3360950.67,1
4794886000143,2019-11-21,4266777006.58,7.051531599999999,4263910361.81,286797.24,1137186.44,1
4794886000143,2019-11-22,4262021219.43,7.0482959,4258950497.64,848392.71,3851712.49,1
4794886000143,2019-11-25,4258568951.53,7.0513193,4255294388.9,1209058.34,6692051.18,1
4794886000143,2019-11-26,4250608030.22,7.0512462,4247129800.84,5935439.95,14055927.51,1
4794886000143,2019-11-27,4246829838.92,7.0499058,4243148331.58,986237.44,4160338.65,1
4794886000143,2019-11-28,4242801475.53,7.0493522,4238916879.83,1262365.44,5160593.5,1
4794886000143,2019-11-29,4241818886.3,7.050512,4237731403.74,1497313.46,3380208.98,1
4794886000143,2019-12-02,4240706561.18,7.051130400000001,4236416248.22,1300412.37,2987293.04,1
4794886000143,2019-12-03,4232293097.71,7.050279300000001,4231877577.36,1014435.78,5041747.76,1
4794886000143,2019-12-04,4230345031.94,7.0537189,4229726959.42,372513.17,4587687.51,1
4794886000143,2019-12-05,4230674221.98,7.0575447,4229853699.7,2469877.64,4637292.56,1
4794886000143,2019-12-06,4230986144.78,7.0587792,4229979926.1,2377161.93,2990797.42,1
4794886000143,2019-12-09,4229609321.84,7.0629677,4228401061.66,1276411.05,5365237.17,1
4794886000143,2019-12-10,4225301938.51,7.0640576,4223891349.74,586213.29,5748409.72,1
4794886000143,2019-12-11,4226066385.51,7.0658475,4224453686.45,1952239.07,2460141.64,1
4794886000143,2019-12-12,4223750580.06,7.067406299999999,4221935740.88,421153.88,3871067.96,1
4794886000143,2019-12-13,4221432524.88,7.0697698,4219416734.53,1917396.5,5848309.65,1
4794886000143,2019-12-16,4218145188.3,7.0715747,4215927476.72,811611.71,5378084.22,1
4794886000143,2019-12-17,4214955046.15,7.0708717000000005,4212535579.51,517863.66,3490646.7,1
4794886000143,2019-12-18,4207482103.49,7.065784799999999,4204861043.28,1027227.61,5671189.62,1
4794886000143,2019-12-19,4204240160.09,7.067049099999999,4201417871.79,524667.57,4720257.83,1
4794886000143,2019-12-20,4200619333.84,7.0621365,4197595981.39,1765387.89,2666702.61,1
4794886000143,2019-12-23,4198914636.39,7.0659834,4195690401.81,1435662.06,5627745.3,1
4794886000143,2019-12-24,4201003187.43,7.0691625999999985,4197578161.45,0.0,0.0,1
4794886000143,2019-12-26,4192515200.03,7.070630199999999,4188889292.77,1031799.8,10592124.67,1
4794886000143,2019-12-27,4191153479.89,7.073642200000001,4187327105.08,1146992.66,4493604.17,1
4794886000143,2019-12-30,4191023334.5,7.075224,4186996566.54,3074368.78,4341260.75,1
4794886000143,2019-12-31,4193445897.43,7.0789791,4189218751.66,0.0,0.0,1
04794886000143,2020-01-02,4191827792.39,7.0804428,4187400178.93,782040.18,3466826.18,1
04794886000143,2020-01-03,4183068631.44,7.0793594,4182655041.81,981120.74,5085519.57,1
04794886000143,2020-01-06,4180126157.99,7.0811999,4179512413.23,848651.92,5078718.32,1
04794886000143,2020-01-07,4175583973.79,7.0807921,4174770223.53,560888.84,5062374.55,1
04794886000143,2020-01-08,4173499946.3,7.0826861,4172503175.74,638806.01,4022510.51,1
04794886000143,2020-01-09,4171181344.09,7.0850169,4169984952.37,1245713.01,5137052.25,1
04794886000143,2020-01-10,4168321419.79,7.0868817,4166933985.1,371990.33,4520509.06,1
04794886000143,2020-01-13,4165849670.39,7.0878225,4164262883.29,1357502.94,4581791.64,1
04794886000143,2020-01-14,4162507764.9,7.0870376,4160721749.43,510278.16,3590279.19,1
04794886000143,2020-01-15,4158015723.71,7.0901999,4156030648.48,555214.74,7102860.03,1
04794886000143,2020-01-16,4156892101.72,7.093149,4154708190.09,289387.1,3340510.44,1
04794886000143,2020-01-17,4153821158.88,7.0924376,4151438473.89,195697.42,3048714.32,1
04794886000143,2020-01-20,4149943035.8,7.0951059,4147361733.13,84329.32,5722894.43,1
04794886000143,2020-01-21,4145154656.53,7.0947825,4142374930.29,0.0,4797758.97,1
04794886000143,2020-01-22,4141669701.87,7.0951076,4138691789.54,416564.89,4289531.87,1
