CNPJ_FUNDO,DT_COMPTC,VL_TOTAL,VL_QUOTA,VL_PATRIM_LIQ,CAPTC_DIA,RESG_DIA,NR_COTST
5841095000190,2005-01-03,18025761.45,12.0167086,20057509.33,0.0,175.46,11
5841095000190,2005-01-04,20077288.06,12.0206183,20064035.17,0.0,0.0,11
5841095000190,2005-01-05,20085029.32,12.0290525,20078113.04,0.0,0.0,11
5841095000190,2005-01-06,18076603.16,12.033639,18071736.41,0.0,2014032.03,11
5841095000190,2005-01-07,16765845.41,12.0321764,18058506.97,0.0,11032.94,11
5841095000190,2005-01-10,16779418.69,12.0357511,18063872.14,0.0,0.0,11
5841095000190,2005-01-11,16777784.95,12.0419259,18073139.55,0.0,0.0,11
5841095000190,2005-01-12,18074730.48,12.0426536,18074231.66,0.0,0.0,11
5841095000190,2005-01-13,18126113.87,12.0503007,18085678.87,0.0,30.09,11
5841095000190,2005-01-14,18013332.33,12.0800985,17999901.71,0.0,130499.02,11
5841095000190,2005-01-17,18027383.11,12.0919446,18017553.07,0.0,0.0,11
5841095000190,2005-01-18,18005749.02,12.0995759,18028924.04,0.0,0.0,11
5841095000190,2005-01-19,17108073.78,12.0807057,18000806.47,0.0,0.0,11
5841095000190,2005-01-20,17085963.59,12.0882677,18012074.27,0.0,0.0,11
5841095000190,2005-01-21,17098455.51,12.071587699999998,17987220.28,0.0,0.0,11
5841095000190,2005-01-24,18025655.44,12.0808259,18000985.56,0.0,0.0,11
5841095000190,2005-01-25,18032735.31,12.0993632,18028607.0,0.0,0.0,11
5841095000190,2005-01-26,18069170.76,12.1061285,18038687.64,0.0,0.0,11
5841095000190,2005-01-27,18068292.9,12.1361937,18083486.13,0.0,0.0,11
5841095000190,2005-01-28,18039382.28,12.1224106,18050050.36,0.0,12898.37,11
5841095000190,2005-01-31,17281133.82,12.1154956,18039754.12,0.0,0.0,11
5841095000190,2005-02-01,18055271.66,12.1394101,18063257.34,0.0,12105.01,11
5841095000190,2005-02-02,16270134.98,12.133968699999999,18043056.62,0.0,12103.94,11
5841095000190,2005-02-03,17173965.84,12.1476092,18063339.91,0.0,0.0,11
5841095000190,2005-02-04,17208670.73,12.1698634,18096431.66,0.0,0.0,11
5841095000190,2005-02-09,17233079.0,12.194011999999999,18132340.32,0.0,0.0,11
5841095000190,2005-02-10,17221449.17,12.2180105,18168025.67,0.0,0.0,11
5841095000190,2005-02-11,17225925.21,12.2188743,18169310.19,0.0,0.0,11
5841095000190,2005-02-14,17251440.17,12.232917,18190191.44,0.0,0.0,11
5841095000190,2005-02-15,17258104.47,12.2438164,18206398.72,0.0,0.0,11
5841095000190,2005-02-16,16965401.09,12.2463604,16948864.66,0.0,1261317.0,10
5841095000190,2005-02-17,16976089.56,12.2600102,16967755.87,0.0,0.0,10
5841095000190,2005-02-18,16995120.22,12.2674318,16978027.36,0.0,0.0,10
5841095000190,2005-02-21,17005409.98,12.2772657,16991637.34,0.0,0.0,10
5841095000190,2005-02-22,17030125.27,12.2875784,17005910.03,0.0,0.0,10
5841095000190,2005-02-23,17035589.39,12.3086243,17035037.4,0.0,0.0,10
5841095000190,2005-02-24,17044042.72,12.3152904,17044263.26,0.0,0.0,10
5841095000190,2005-02-25,17061681.03,12.3260665,17059177.28,0.0,0.0,10
5841095000190,2005-02-28,17081889.25,12.335637199999999,17072423.04,0.0,0.0,10
5841095000190,2005-03-01,17083865.01,12.3448579,17085184.36,0.0,0.0,10
5841095000190,2005-03-02,17089444.53,12.3464048,17087325.35,0.0,0.0,10
5841095000190,2005-03-03,17107480.91,12.3542664,17098205.71,0.0,0.0,10
5841095000190,2005-03-04,17126953.91,12.3708673,17121181.24,0.0,0.0,10
5841095000190,2005-03-07,17147610.66,12.3827619,17137643.3,0.0,0.0,10
5841095000190,2005-03-08,17167333.86,12.395775,17155653.27,0.0,0.0,10
5841095000190,2005-03-09,17194015.68,12.413846,17180663.38,0.0,0.0,10
5841095000190,2005-03-10,17185574.24,12.4254546,17196729.63,0.0,0.0,10
5841095000190,2005-03-11,17200993.94,12.4214254,17191153.2,0.0,0.0,10
5841095000190,2005-03-14,17199405.12,12.4301033,17203163.43,0.0,0.0,10
5841095000190,2005-03-15,17208737.03,12.431041699999998,17204462.16,0.0,0.0,10
5841095000190,2005-03-16,17217058.88,12.4362094,17211614.15,0.0,0.0,10
5841095000190,2005-03-17,17230490.94,12.4416384,17219127.88,0.0,0.0,10
5841095000190,2005-03-18,17240838.93,12.4529088,17234726.03,0.0,0.0,10
5841095000190,2005-03-21,17235624.35,12.4598513,17244334.34,0.0,0.0,10
5841095000190,2005-03-22,17257365.44,12.4522276,17233783.22,0.0,0.0,10
5841095000190,2005-03-23,17256998.35,12.4781704,17269687.92,0.0,0.0,10
5841095000190,2005-03-24,17278699.34,12.4820636,17275075.96,0.0,0.0,10
5841095000190,2005-03-28,17282255.66,12.4845199,17278475.48,0.0,0.0,10
5841095000190,2005-03-29,17290659.13,12.4904784,17286722.07,0.0,0.0,10
5841095000190,2005-03-30,17299818.14,12.497962199999998,17297079.56,0.0,0.0,10
5841095000190,2005-03-31,17319060.0,12.5107725,17314808.9,0.0,0.0,10
5841095000190,2005-04-01,17337347.19,12.5238724,17332939.0,0.0,0.0,10
5841095000190,2005-04-04,17350002.33,12.5350733,17348440.94,0.0,0.0,10
5841095000190,2005-04-05,17363741.59,12.5448868,17362022.83,0.0,0.0,10
5841095000190,2005-04-06,17382911.79,12.558624400000001,17381035.57,0.0,0.0,10
5841095000190,2005-04-07,17390928.67,12.5643031,17388894.84,0.0,0.0,10
5841095000190,2005-04-08,17409614.99,12.5783442,17408327.63,0.0,0.0,10
5841095000190,2005-04-11,17410197.09,12.5786538,17408756.06,0.0,0.0,10
5841095000190,2005-04-12,17414823.74,12.581885699999999,17413229.03,0.0,0.0,10
5841095000190,2005-04-13,17434146.36,12.5957362,17432397.93,0.0,0.0,10
5841095000190,2005-04-14,17449403.03,12.6066487,17432316.42,0.0,15184.31,10
5841095000190,2005-04-15,17439021.33,12.6098772,17436780.86,0.0,0.0,10
5841095000190,2005-04-18,17443722.13,12.613165400000002,17441327.75,0.0,0.0,10
5841095000190,2005-04-19,17478875.05,12.638475900000001,17476326.73,0.0,0.0,10
5841095000190,2005-04-20,17496900.28,12.6515331,17494382.05,0.0,0.0,10
5841095000190,2005-04-22,17516879.7,12.6658701,17514207.12,0.0,0.0,10
5841095000190,2005-04-25,17531921.89,12.6766365,17529094.79,0.0,0.0,10
5841095000190,2005-04-26,17546256.05,12.6868908,17543274.31,0.0,0.0,10
5841095000190,2005-04-27,17560943.87,12.6974008,17557807.39,0.0,0.0,10
5841095000190,2005-04-28,17554985.84,12.6929801,17551694.49,0.0,0.0,10
5841095000190,2005-04-29,17572584.58,12.7055952,17569138.41,0.0,0.0,10
5841095000190,2005-05-02,17590857.27,12.7186975,17587256.14,0.0,0.0,10
5841095000190,2005-05-03,17617870.75,12.7401226,17616882.51,0.0,0.0,10
5841095000190,2005-05-04,17628539.1,12.7477254,17627395.52,0.0,0.0,10
5841095000190,2005-05-05,17635510.09,12.752654199999998,17634211.09,0.0,0.0,10
5841095000190,2005-05-06,17639936.48,12.7557429,17638482.02,0.0,0.0,10
5841095000190,2005-05-09,17666626.04,12.7749317,17665016.07,0.0,0.0,10
5841095000190,2005-05-10,17672519.92,12.7790814,17670754.23,0.0,0.0,10
5841095000190,2005-05-11,17673833.9,12.779919,17671912.45,0.0,0.0,10
5841095000190,2005-05-12,17678394.22,12.7831043,17676317.01,0.0,0.0,10
5841095000190,2005-05-13,17681817.45,12.7854672,17679584.43,0.0,0.0,10
5841095000190,2005-05-16,17691066.05,12.7920429,17688677.2,0.0,0.0,10
5841095000190,2005-05-17,17712323.17,12.8073027,17709778.34,0.0,0.0,10
5841095000190,2005-05-18,17733588.18,12.8225593,17730874.94,0.0,0.0,10
5841095000190,2005-05-19,17742884.74,12.8291604,17740002.93,0.0,0.0,10
5841095000190,2005-05-20,17756063.39,12.838569,17753012.92,0.0,0.0,10
5841095000190,2005-05-23,17764358.16,12.8444455,17761138.94,0.0,0.0,10
5841095000190,2005-05-24,17773841.13,12.8511813,17770453.08,0.0,0.0,10
5841095000190,2005-05-25,17794740.59,12.8661732,17791183.65,0.0,0.0,10
5841095000190,2005-05-27,17807017.21,12.8749291,17803291.2,0.0,0.0,10
5841095000190,2005-05-30,17820525.22,12.8845754,17816630.06,0.0,0.0,10
5841095000190,2005-05-31,17829734.25,12.891112800000002,17596376.59,0.0,229293.23,10
5841095000190,2005-06-01,17845141.74,12.902281599999998,17611622.13,0.0,0.0,10
5841095000190,2005-06-02,17864686.59,12.9186421,17633954.19,0.0,0.0,10
5841095000190,2005-06-03,17876403.05,12.9271067,17645508.4,0.0,0.0,10
5841095000190,2005-06-06,17890478.42,12.9372994,17659421.42,0.0,0.0,10
5841095000190,2005-06-07,17902236.52,12.9457944,17671017.07,0.0,0.0,10
5841095000190,2005-06-08,17689069.98,12.9574897,17686981.21,0.0,0.0,10
5841095000190,2005-06-09,17695084.01,12.961776400000002,17692832.56,0.0,0.0,10
5841095000190,2005-06-10,17703697.54,12.9679675,17701283.37,0.0,0.0,10
5841095000190,2005-06-13,17723606.72,12.9824337,17721029.75,0.0,0.0,10
5841095000190,2005-06-14,17726557.99,12.9844764,17723818.08,0.0,0.0,10
5841095000190,2005-06-15,17747734.35,12.9998709,17744831.46,0.0,0.0,10
5841095000190,2005-06-16,17771298.62,13.0170145,17768232.6,0.0,0.0,10
5841095000190,2005-06-17,17787605.4,13.028772,17784281.49,0.0,0.0,10
5841095000190,2005-06-20,17793153.89,13.0338159,17791166.52,0.0,0.0,10
5841095000190,2005-06-21,17812666.66,13.0479912,17810515.78,0.0,0.0,10
5841095000190,2005-06-22,17814780.42,13.0494199,17812465.89,0.0,0.0,10
5841095000190,2005-06-23,17826774.13,13.0580866,17824295.93,0.0,0.0,10
5841095000190,2005-06-24,17834241.99,13.0634375,17831600.02,0.0,0.0,10
5841095000190,2005-06-27,17853234.92,13.077231699999999,17850429.12,0.0,0.0,10
5841095000190,2005-06-28,17870699.61,13.0899063,17867729.84,0.0,0.0,10
5841095000190,2005-06-29,17887123.2,13.101818,17883989.32,0.0,0.0,10
5841095000190,2005-06-30,17904326.2,13.1143006,17901028.07,0.0,0.0,10
5841095000190,2005-07-01,17924336.02,13.1288507,17920889.04,0.0,0.0,10
5841095000190,2005-07-04,17942807.76,13.144543300000002,17942309.48,0.0,0.0,10
5841095000190,2005-07-05,17951635.84,13.150901500000002,17950988.37,0.0,0.0,10
5841095000190,2005-07-06,17963455.7,13.1594514,17962658.97,0.0,0.0,10
5841095000190,2005-07-07,17972584.95,13.1660301,17971638.88,0.0,0.0,10
5841095000190,2005-07-08,17988881.75,13.1785088,17988672.41,0.0,0.0,10
5841095000190,2005-07-11,17990044.43,13.179240900000002,17989671.69,0.0,0.0,10
5841095000190,2005-07-12,17989682.51,13.178856,17989146.35,0.0,0.0,10
5841095000190,2005-07-13,18146142.87,13.18388552,18145443.32,149432.16,0.0,11
5841095000190,2005-07-14,18161556.62,13.1949647,18160692.42,0.0,0.0,11
5841095000190,2005-07-15,18173203.36,13.2033071,18172174.39,0.0,0.0,11
5841095000190,2005-07-18,18176433.01,13.2055339,18175239.19,0.0,0.0,11
5841095000190,2005-07-19,18193889.75,13.2180976,18192531.05,0.0,0.0,11
5841095000190,2005-07-20,18210602.7,13.230120800000002,18209078.97,0.0,0.0,11
5841095000190,2005-07-21,18220286.14,13.2370365,18218597.26,0.0,0.0,11
5841095000190,2005-07-22,18239606.63,13.2509541,18237752.53,0.0,0.0,11
5841095000190,2005-07-25,18258393.66,13.2644839,18256374.19,0.0,0.0,11
5841095000190,2005-07-26,18265027.94,13.269183900000002,18262842.94,0.0,0.0,11
5841095000190,2005-07-27,18271653.2,13.273877300000002,18269302.62,0.0,0.0,11
5841095000190,2005-07-28,18280338.73,13.2800676,18277822.54,0.0,0.0,11
5841095000190,2005-07-29,18298470.96,13.2931215,18295789.07,0.0,0.0,11
5841095000190,2005-08-01,18312361.1,13.303093099999998,18309513.38,0.0,0.0,11
5841095000190,2005-08-02,18328881.33,13.317167999999999,18328885.07,0.0,0.0,11
5841095000190,2005-08-03,18351363.12,13.3333818,18351200.76,0.0,0.0,11
5841095000190,2005-08-04,18361019.67,13.3402772,18360691.04,0.0,0.0,11
5841095000190,2005-08-05,18371286.79,13.347616,18370791.8,0.0,0.0,11
5841095000190,2005-08-08,18388163.2,13.359757,18387501.77,0.0,0.0,11
5841095000190,2005-08-09,18413554.68,13.3780846,18412726.7,0.0,0.0,11
5841095000190,2005-08-10,18430178.37,13.3900416,18429183.62,0.0,0.0,11
5841095000190,2005-08-11,18441841.02,13.398394099999999,18440679.38,0.0,0.0,11
5841095000190,2005-08-12,18451140.06,13.4050291,18449811.44,0.0,0.0,11
5841095000190,2005-08-15,18469380.27,13.4181605,18467884.58,0.0,0.0,11
5841095000190,2005-08-16,18477792.8,13.4241513,18476129.91,0.0,0.0,11
5841095000190,2005-08-17,18480946.77,13.426321300000001,18479116.6,0.0,0.0,11
5841095000190,2005-08-18,18493700.98,13.4351742,18491301.23,0.0,0.0,11
5841095000190,2005-08-19,18494950.29,13.436252599999998,18492785.44,0.0,0.0,11
5841095000190,2005-08-22,18511095.32,13.4478614,18508763.06,0.0,0.0,11
5841095000190,2005-08-23,18520522.05,13.4545889,18518022.27,0.0,0.0,11
5841095000190,2005-08-24,18531729.04,13.462609699999998,18529061.66,0.0,0.0,11
5841095000190,2005-08-25,18552468.75,13.477556699999996,18549633.67,0.0,0.0,11
5841095000190,2005-08-26,18571253.21,13.4910829,18568250.28,0.0,0.0,11
5841095000190,2005-08-29,18581317.51,13.498273199999998,18578146.57,0.0,0.0,11
5841095000190,2005-08-30,18585263.71,13.501018300000002,18581924.7,0.0,0.0,11
5841095000190,2005-08-31,18601199.39,13.5124745,18597692.26,0.0,0.0,11
5841095000190,2005-09-01,18619258.52,13.5254734,18615583.15,0.0,0.0,11
5841095000190,2005-09-02,18629712.68,13.5353939,18629237.03,0.0,0.0,11
5841095000190,2005-09-05,18645914.6,13.5470432,18645270.46,0.0,0.0,11
5841095000190,2005-09-06,18662624.62,13.5590617,18661811.87,0.0,0.0,11
5841095000190,2005-09-08,18681160.63,13.572406699999998,18680179.13,0.0,0.0,11
5841095000190,2005-09-09,18697339.16,13.5840388,18696188.77,0.0,0.0,11
5841095000190,2005-09-12,18716347.29,13.5977267,18715027.89,0.0,0.0,11
5841095000190,2005-09-13,18732835.09,13.6095592,18731313.39,0.0,0.0,11
5841095000190,2005-09-14,18748345.74,13.6207298,18746687.87,0.0,0.0,11
5841095000190,2005-09-15,18778049.89,13.6421888,18776222.62,0.0,0.0,11
5841095000190,2005-09-16,18791362.06,13.651737699999998,18789365.13,0.0,0.0,11
5841095000190,2005-09-19,18807653.48,13.6634512,18805486.8,0.0,0.0,11
5841095000190,2005-09-20,18830221.6,13.679725,18827885.03,0.0,0.0,11
5841095000190,2005-09-21,18862180.35,13.702821599999998,18859673.72,0.0,0.0,11
5841095000190,2005-09-22,18870464.43,13.7087168,18867787.49,0.0,0.0,11
5841095000190,2005-09-23,18882943.84,13.7176602,18880096.52,0.0,0.0,11
5841095000190,2005-09-26,18896788.84,13.7275957,18893771.06,0.0,0.0,11
5841095000190,2005-09-27,18914355.87,13.7402353,18911167.5,0.0,0.0,11
5841095000190,2005-09-28,18945312.96,13.762603699999998,18941953.86,0.0,0.0,11
5841095000190,2005-09-29,18965066.41,13.7768317,18961536.35,0.0,0.0,11
5841095000190,2005-09-30,18980874.94,13.7881933,18977173.76,0.0,0.0,11
5841095000190,2005-10-03,19002480.48,13.8037668,18998608.05,0.0,0.0,11
5841095000190,2005-10-04,18998747.67,13.803203400000001,18997832.66,0.0,0.0,11
5841095000190,2005-10-05,18996270.88,13.801279300000001,18995184.45,0.0,0.0,11
5841095000190,2005-10-06,18980580.1,13.7897544,18979322.29,0.0,0.0,11
5841095000190,2005-10-07,19002810.51,13.8057818,19001381.43,0.0,0.0,11
5841095000190,2005-10-10,19016472.41,13.816237099999999,19015771.45,0.0,0.0,11
5841095000190,2005-10-11,19034182.41,13.8289797,19033309.46,0.0,0.0,11
5841095000190,2005-10-13,19017483.4,13.8167217,19016438.32,0.0,0.0,11
5841095000190,2005-10-14,19041815.44,13.8342756,19040598.37,0.0,0.0,11
5841095000190,2005-10-17,19070615.33,13.8550755,19069226.06,0.0,0.0,11
5841095000190,2005-10-18,19072782.71,13.856525,19071221.04,0.0,0.0,11
5841095000190,2005-10-19,19070867.13,13.8550079,18967348.88,0.0,101784.14,11
5841095000190,2005-10-20,19008063.01,13.882331200000001,19004754.15,0.0,0.0,11
5841095000190,2005-10-21,19013755.19,13.8863636,19010274.43,0.0,0.0,11
5841095000190,2005-10-24,19035889.37,13.9024062,19032236.66,0.0,0.0,11
5841095000190,2005-10-25,19045745.13,13.909479800000002,19041920.3,0.0,0.0,11
5841095000190,2005-10-26,19059029.41,13.920082699999998,18980039.78,0.0,76395.73,11
5841095000190,2005-10-27,18986190.64,13.9217508,18982314.3,0.0,0.0,11
5841095000190,2005-10-28,19012842.94,13.9411719,19008794.88,0.0,0.0,11
5841095000190,2005-10-31,19038009.14,13.959502800000005,19033789.14,0.0,0.0,11
5841095000190,2005-11-01,19060952.62,13.9762035,19056560.49,0.0,0.0,11
5841095000190,2005-11-03,19086352.73,13.9977335,19085916.67,0.0,0.0,11
5841095000190,2005-11-04,17453317.69,14.003245800000002,19014841.9,0.0,78590.84,11
5841095000190,2005-11-07,19024872.31,14.009832500000002,19023785.87,0.0,0.0,11
5841095000190,2005-11-08,19041176.19,14.0217135,19038991.66,0.0,0.0,11
5841095000190,2005-11-09,19062782.97,14.0384068,19061658.16,0.0,0.0,11
5841095000190,2005-11-10,19211021.47,14.0482506,19209724.3,134700.0,0.0,12
5841095000190,2005-11-11,19223893.53,14.0575371,19222422.83,0.0,0.0,12
5841095000190,2005-11-14,19230817.33,14.0624736,19229172.99,0.0,0.0,12
5841095000190,2005-11-16,19245090.34,14.0727846,19243272.33,0.0,0.0,12
5841095000190,2005-11-17,19268071.86,14.0894641,19266080.05,0.0,0.0,12
5841095000190,2005-11-18,19296028.22,14.1097509,19293820.52,0.0,0.0,12
5841095000190,2005-11-21,19308880.59,14.1189919,19306456.76,0.0,0.0,12
5841095000190,2005-11-22,19324607.84,14.1303353,19321967.8,0.0,0.0,12
5841095000190,2005-11-23,19353516.32,14.151318099999996,19248527.23,0.0,102132.71,12
5841095000190,2005-11-24,19313439.31,14.1603374,19308614.46,47819.29,0.0,12
5841095000190,2005-11-25,19332215.64,14.173948800000002,19327174.57,0.0,0.0,12
5841095000190,2005-11-28,19343741.27,14.1822426,19338483.83,0.0,0.0,12
5841095000190,2005-11-29,19348294.69,14.1854232,19342820.78,0.0,0.0,12
5841095000190,2005-11-30,19366041.17,14.1995645,19362103.46,0.0,0.0,12
5841095000190,2005-12-01,19384899.23,14.2134266,19116014.82,0.0,0.0,12
5841095000190,2005-12-02,19415599.47,14.238359599999999,19149547.77,0.0,0.0,12
5841095000190,2005-12-05,19467023.69,14.276435399999999,19200757.01,0.0,0.0,12
5841095000190,2005-12-06,19466942.45,14.276214900000001,19200460.4,0.0,0.0,12
5841095000190,2005-12-07,19207459.99,14.2799581,19205494.71,0.0,0.0,12
5841095000190,2005-12-08,19214967.75,14.285380199999999,19212787.07,0.0,0.0,12
5841095000190,2005-12-09,19235358.68,14.300381400000001,19232962.52,0.0,0.0,12
5841095000190,2005-12-12,19255088.83,14.314891099999999,19252477.04,0.0,0.0,12
5841095000190,2005-12-13,16551781.74,14.323369099999999,19263879.32,0.0,0.0,12
5841095000190,2005-12-14,19276750.6,14.3306764,19264793.38,0.0,8913.78,12
5841095000190,2005-12-15,19276025.49,14.336544400000001,19272681.68,0.0,0.0,12
5841095000190,2005-12-16,19281192.24,14.340253699999998,19277668.17,0.0,0.0,12
5841095000190,2005-12-19,19293304.72,14.3491033,19289564.66,0.0,0.0,12
5841095000190,2005-12-20,19307702.85,14.359653,19303746.71,0.0,0.0,12
5841095000190,2005-12-21,19336628.0,14.3810453,19332504.45,0.0,0.0,12
5841095000190,2005-12-22,19341338.76,14.384388500000002,19336998.81,0.0,0.0,12
5841095000190,2005-12-23,19357947.01,14.396582,19353390.59,0.0,0.0,12
5841095000190,2005-12-26,19357055.19,14.395757500000002,19352282.19,0.0,0.0,12
5841095000190,2005-12-27,19374381.49,14.4084851,19369391.9,0.0,0.0,12
5841095000190,2005-12-28,19384616.94,14.4159378,19258025.51,0.0,121385.14,12
5841095000190,2005-12-29,19284073.71,14.4307894,19277865.54,0.0,0.0,12
5841095000190,2005-12-30,19300419.78,14.442863899999999,19293995.62,0.0,0.0,12
5841095000190,2006-01-02,19304223.28,14.4455479,19297581.16,0.0,0.0,12
5841095000190,2006-01-03,19339798.11,14.4745316,19336300.08,0.0,0.0,12
5841095000190,2006-01-04,19390785.4,14.5131241,19387855.11,0.0,0.0,12
5841095000190,2006-01-05,19409442.4,14.5269264,19406293.39,0.0,0.0,12
5841095000190,2006-01-06,19442061.49,14.5511801,19438693.63,0.0,0.0,12
5841095000190,2006-01-09,19489460.26,14.5864973,19485873.28,0.0,0.0,12
5841095000190,2006-01-10,19496799.22,14.5925001,19493892.27,0.0,0.0,12
5841095000190,2006-01-11,19518675.43,14.6087112,19515548.44,0.0,0.0,12
5841095000190,2006-01-12,19567368.22,14.6449962,19564021.03,0.0,0.0,12
5841095000190,2006-01-13,19574941.44,14.650475699999998,19571341.06,0.0,0.0,12
5841095000190,2006-01-16,19593606.78,14.664307199999998,19589818.33,0.0,0.0,12
5841095000190,2006-01-17,19590668.82,14.6619427,19586659.57,0.0,0.0,12
5841095000190,2006-01-18,19593505.85,14.6639011,19589275.82,0.0,0.0,12
5841095000190,2006-01-19,19621507.66,14.6846971,19617056.84,0.0,0.0,12
5841095000190,2006-01-20,19669794.67,14.7206777,19665122.81,0.0,0.0,12
5841095000190,2006-01-23,19683977.05,14.7311285,19679083.79,0.0,0.0,12
5841095000190,2006-01-24,19712647.09,14.7524241,19707532.32,0.0,0.0,12
5841095000190,2006-01-25,19724664.05,14.761253699999996,19719327.53,0.0,0.0,12
5841095000190,2006-01-26,19753410.35,14.7826061,19747851.99,0.0,0.0,12
5841095000190,2006-01-27,19790692.26,14.8103479,19784911.82,0.0,0.0,12
5841095000190,2006-01-30,19777844.45,14.800564,19771841.65,0.0,0.0,12
5841095000190,2006-01-31,19793055.65,14.8117843,19786830.57,0.0,0.0,12
5841095000190,2006-02-01,19805835.17,14.821184099999998,19799387.71,0.0,0.0,12
5841095000190,2006-02-02,19813789.19,14.8295586,19810575.05,0.0,0.0,12
5841095000190,2006-02-03,19810366.27,14.8268297,19806929.55,0.0,0.0,12
5841095000190,2006-02-06,19856658.88,14.8613163,19852999.61,0.0,0.0,12
5841095000190,2006-02-07,19864447.64,14.866979800000001,19860565.45,0.0,0.0,12
5841095000190,2006-02-08,19890841.16,14.8865702,19886736.0,0.0,0.0,12
5841095000190,2006-02-09,19943277.06,14.925656400000001,19938950.62,0.0,0.0,12
5841095000190,2006-02-10,19977835.1,14.9513595,19973286.94,0.0,0.0,12
5841095000190,2006-02-13,19995885.46,14.9647052,19991115.33,0.0,0.0,12
5841095000190,2006-02-14,20005768.1,14.971936800000002,20000775.85,0.0,0.0,12
5841095000190,2006-02-15,20026117.31,14.987001199999998,20020900.16,0.0,0.0,12
5841095000190,2006-02-16,20062937.62,15.0143952,20057495.38,0.0,0.0,12
5841095000190,2006-02-17,20108267.83,15.048161300000002,20102602.95,0.0,0.0,12
5841095000190,2006-02-20,20139064.79,15.071048000000001,20133176.91,0.0,0.0,12
5841095000190,2006-02-21,20127353.57,15.0621142,20121242.44,0.0,0.0,12
5841095000190,2006-02-22,20115351.72,15.052963,20109017.44,0.0,0.0,12
5841095000190,2006-02-23,20129380.99,15.063297899999998,20122823.66,0.0,0.0,12
5841095000190,2006-02-24,20157066.64,15.083855400000001,20150286.15,0.0,0.0,12
5841095000190,2006-03-01,20187467.18,15.1064451,20180463.32,0.0,0.0,12
5841095000190,2006-03-02,20226887.18,15.137933800000004,20222528.69,0.0,0.0,12
5841095000190,2006-03-03,20257126.78,15.160402599999998,20252544.35,0.0,0.0,12
5841095000190,2006-03-06,20254432.81,15.158218099999996,20249626.18,0.0,0.0,12
5841095000190,2006-03-07,20222922.6,15.1344628,20217891.81,0.0,0.0,12
5841095000190,2006-03-08,20208433.9,15.1234494,20203179.19,0.0,0.0,12
5841095000190,2006-03-09,20248404.3,15.1532025,20242925.8,0.0,0.0,12
5841095000190,2006-03-10,20267761.97,15.167525199999998,20262059.35,0.0,0.0,12
5841095000190,2006-03-13,20279948.9,15.1764801,20274022.01,0.0,0.0,12
5841095000190,2006-03-14,20297340.12,15.189330599999998,20291188.88,0.0,0.0,12
5841095000190,2006-03-15,20320052.9,15.2061647,20313677.17,0.0,0.0,12
5841095000190,2006-03-16,20338459.62,15.2197751,20331859.2,0.0,0.0,12
5841095000190,2006-03-17,20339487.14,15.220376000000002,20332661.91,0.0,0.0,12
5841095000190,2006-03-20,20344554.72,15.2240011,20337504.66,0.0,0.0,12
5841095000190,2006-03-21,20334823.21,15.2165481,20327548.29,0.0,0.0,12
5841095000190,2006-03-22,20336694.8,15.2177809,20329195.09,0.0,0.0,12
5841095000190,2006-03-23,20338278.13,15.2187978,20330553.62,0.0,0.0,12
5841095000190,2006-03-24,20346597.4,15.2248571,20338648.09,0.0,0.0,12
5841095000190,2006-03-27,20339350.95,15.2192643,20331176.76,0.0,0.0,12
5841095000190,2006-03-28,20332554.78,15.2140086,20324155.77,0.0,0.0,12
5841095000190,2006-03-29,20337217.38,15.2173306,20328593.61,0.0,0.0,12
5841095000190,2006-03-30,20366138.68,15.2388119,20357290.12,0.0,0.0,12
5841095000190,2006-03-31,20387584.56,15.254697199999995,20378510.98,0.0,0.0,12
5841095000190,2006-04-03,20427601.04,15.2845201,20418350.97,0.0,0.0,12
5841095000190,2006-04-04,20440005.54,15.296445,20434281.27,0.0,0.0,12
5841095000190,2006-04-05,20451157.52,15.3046606,20445256.31,0.0,0.0,12
5841095000190,2006-04-06,20473188.65,15.3210199,20467110.43,0.0,0.0,12
5841095000190,2006-04-07,20478674.21,15.3250046,20472433.55,0.0,0.0,12
5841095000190,2006-04-10,20514567.74,15.3232202,20509049.85,39000.0,0.0,12
5841095000190,2006-04-11,20522291.33,15.328858199999999,20516595.91,0.0,0.0,12
5841095000190,2006-04-12,20528992.2,15.333732000000001,20523119.2,0.0,0.0,12
5841095000190,2006-04-13,20537322.33,15.3398231,20531271.69,0.0,0.0,12
5841095000190,2006-04-17,20595483.28,15.383139000000002,20589246.92,0.0,0.0,12
5841095000190,2006-04-18,20632139.25,15.4103872,20625716.7,0.0,0.0,12
5841095000190,2006-04-19,20659474.51,15.4306712,20652865.48,0.0,0.0,12
5841095000190,2006-04-20,20699200.6,15.460212900000002,20692404.89,0.0,0.0,12
5841095000190,2006-04-24,20726683.5,15.473165300000002,20658369.42,9960.0,61331.36,12
5841095000190,2006-04-25,20678077.92,15.481730599999999,20669805.1,0.0,0.0,12
5841095000190,2006-04-26,20699049.8,15.4972987,20690590.15,0.0,0.0,12
5841095000190,2006-04-27,20721373.45,15.5138791,20712726.82,0.0,0.0,12
5841095000190,2006-04-28,20741981.3,15.529174300000001,20733147.51,0.0,0.0,12
5841095000190,2006-05-02,20767582.09,15.548209,20758560.96,0.0,0.0,12
5841095000190,2006-05-03,20768977.57,15.5513131,20762705.35,0.0,0.0,12
5841095000190,2006-05-04,20802727.23,15.5772777,20797370.81,0.0,0.0,12
5841095000190,2006-05-05,20803289.11,15.5775497,20797734.01,0.0,0.0,12
5841095000190,2006-05-08,21495526.62,15.5811228,21489794.53,687290.0,0.0,12
5841095000190,2006-05-09,21521370.17,15.5997283,21515455.6,0.0,0.0,12
5841095000190,2006-05-10,21542196.51,15.6146802,21536077.56,0.0,0.0,12
5841095000190,2006-05-11,21551490.87,15.6212786,21545178.22,0.0,0.0,12
5841095000190,2006-05-12,21518038.6,15.5968837,21511532.18,0.0,0.0,12
5841095000190,2006-05-15,21519275.71,15.597640300000002,21512575.79,0.0,0.0,12
5841095000190,2006-05-16,21550954.19,15.6204684,21544060.76,0.0,0.0,12
5841095000190,2006-05-17,21547806.14,15.6180355,21540705.18,0.0,0.0,12
5841095000190,2006-05-18,21548544.36,15.6184202,21541235.86,0.0,0.0,12
5841095000190,2006-05-19,21535114.03,15.6085321,21527598.02,0.0,0.0,12
5841095000190,2006-05-22,21468604.74,15.560159400000002,21460881.32,0.0,0.0,12
5841095000190,2006-05-23,21482720.47,15.5702439,21474790.17,0.0,0.0,12
5841095000190,2006-05-24,21374159.0,15.4913816,21366021.7,0.0,0.0,12
5841095000190,2006-05-25,21448132.43,15.544866399999998,21439789.0,0.0,0.0,12
5841095000190,2006-05-26,21510037.31,15.5896005,21501487.16,0.0,0.0,12
5841095000190,2006-05-29,21544663.99,15.6145563,21535906.62,0.0,0.0,12
5841095000190,2006-05-30,21486006.61,15.571876500000002,21477041.77,0.0,0.0,12
5841095000190,2006-05-31,21501057.8,15.5826392,21215359.18,0.0,276526.77,12
5841095000190,2006-06-01,21537945.88,15.6095829,21252042.32,0.0,0.0,12
5841095000190,2006-06-02,21572358.48,15.637444199999996,21289974.81,0.0,0.0,12
5841095000190,2006-06-05,21306741.28,15.6453063,21300678.85,0.0,0.0,12
5841095000190,2006-06-06,21294133.84,15.635895199999998,21287865.8,0.0,0.0,12
5841095000190,2006-06-07,21307574.4,15.645940300000001,21301541.96,0.0,0.0,12
5841095000190,2006-06-08,21274261.25,15.6211689,21267816.41,0.0,0.0,12
5841095000190,2006-06-09,21315542.72,15.6513494,21308906.32,0.0,0.0,12
5841095000190,2006-06-12,21313227.89,15.6495082,21306399.59,0.0,0.0,12
5841095000190,2006-06-13,21292860.89,15.634407800000002,21285840.72,0.0,0.0,12
5841095000190,2006-06-14,21299908.35,15.639443300000002,21292696.46,0.0,0.0,12
5841095000190,2006-06-16,21326879.71,15.659112799999999,21319476.05,0.0,0.0,12
5841095000190,2006-06-19,21350941.85,15.6766454,21343346.22,0.0,0.0,12
5841095000190,2006-06-20,21379001.85,15.6971143,21371214.05,0.0,0.0,12
5841095000190,2006-06-21,21395918.83,15.709398499999999,21387938.64,0.0,0.0,12
5841095000190,2006-06-22,21419363.97,15.7264775,21411191.26,0.0,0.0,12
5841095000190,2006-06-23,21417108.4,15.724679199999999,21408742.98,0.0,0.0,12
5841095000190,2006-06-26,21436184.91,15.7385494,21427626.81,0.0,0.0,12
5841095000190,2006-06-27,21445932.56,15.745567300000001,21437181.61,0.0,0.0,12
5841095000190,2006-06-28,21458770.32,15.754855,21379711.5,0.0,70114.96,12
5841095000190,2006-06-29,21428854.77,15.784251600000001,21419603.49,0.0,0.0,12
5841095000190,2006-06-30,21475356.44,15.818376999999998,21465912.38,0.0,0.0,12
5841095000190,2006-07-03,21482619.84,15.8235871,21472982.65,0.0,0.0,12
5841095000190,2006-07-04,21505731.67,15.8430962,21499456.97,0.0,0.0,12
5841095000190,2006-07-05,21512510.64,15.8370221,21506157.5,14943.22,0.0,12
5841095000190,2006-07-06,21530746.13,15.850305800000005,21524196.33,0.0,0.0,12
5841095000190,2006-07-07,21538985.81,15.8562286,21532239.22,0.0,0.0,12
5841095000190,2006-07-10,21543599.5,15.860361800000002,21537852.06,0.0,0.0,12
5841095000190,2006-07-11,21551118.31,15.865750699999998,21545169.97,0.0,0.0,12
5841095000190,2006-07-12,21574109.36,15.8825332,21567960.07,0.0,0.0,12
5841095000190,2006-07-13,21572136.84,15.880927,21565778.92,0.0,0.0,12
5841095000190,2006-07-14,21581615.5,15.8877534,21575048.96,0.0,0.0,12
5841095000190,2006-07-17,21604271.29,15.9043021,21597521.48,0.0,0.0,12
5841095000190,2006-07-18,21610280.91,15.9085761,21603325.41,0.0,0.0,12
5841095000190,2006-07-19,21630358.94,15.923209900000002,21623197.72,0.0,0.0,12
5841095000190,2006-07-20,21655145.79,15.9413112,21647778.69,0.0,0.0,12
5841095000190,2006-07-21,21664391.07,15.9479676,21656817.89,0.0,0.0,12
5841095000190,2006-07-24,21687673.88,15.9649612,21679894.54,0.0,0.0,12
5841095000190,2006-07-25,21697520.49,15.972060199999998,21689534.82,0.0,0.0,12
5841095000190,2006-07-26,21724912.49,15.9920795,21716720.41,0.0,0.0,12
5841095000190,2006-07-27,21739899.29,16.0029636,21731500.59,0.0,0.0,12
5841095000190,2006-07-28,21754979.22,16.0150871,21747963.86,0.0,0.0,12
5841095000190,2006-07-31,21821858.37,16.0641897,21814643.64,0.0,0.0,12
5841095000190,2006-08-01,21841116.65,16.0782242,21768151.95,0.0,65550.07,12
5841095000190,2006-08-02,21802050.96,16.100073000000002,21797732.81,0.0,0.0,12
5841095000190,2006-08-03,21795680.82,16.0952203,21791162.89,0.0,0.0,12
5841095000190,2006-08-04,21818599.35,16.1120007,21813881.7,0.0,0.0,12
5841095000190,2006-08-07,21831858.3,16.121646300000002,21826940.75,0.0,0.0,12
5841095000190,2006-08-08,21862724.55,16.1442968,21857606.99,0.0,0.0,12
5841095000190,2006-08-09,21901071.85,16.1724727,21895754.05,0.0,0.0,12
5841095000190,2006-08-10,21917826.34,16.1846996,21912307.99,0.0,0.0,12
5841095000190,2006-08-11,22008226.69,16.1959263,22002507.66,75000.0,0.0,12
5841095000190,2006-08-14,22016649.53,16.201978,22010729.1,0.0,0.0,12
5841095000190,2006-08-15,22029637.56,16.2116132,22023818.74,0.0,0.0,12
5841095000190,2006-08-16,22042956.63,16.221269,22036936.25,0.0,0.0,12
5841095000190,2006-08-17,22075638.2,16.2451772,22069416.15,0.0,0.0,12
5841095000190,2006-08-18,22074031.64,16.243845999999998,22067607.66,0.0,0.0,12
5841095000190,2006-08-21,22051960.3,16.2274508,22045334.41,0.0,0.0,12
5841095000190,2006-08-22,22061365.42,16.234225400000003,22054537.8,0.0,0.0,12
5841095000190,2006-08-23,22061810.39,16.2344044,22054780.96,0.0,0.0,12
5841095000190,2006-08-24,22066356.2,16.2376019,22059124.95,0.0,0.0,12
5841095000190,2006-08-25,22078667.9,16.246516,22071234.81,0.0,0.0,12
5841095000190,2006-08-28,22089125.36,16.254065,22081490.33,0.0,0.0,12
5841095000190,2006-08-29,22106397.85,16.266630499999998,22098560.8,0.0,0.0,12
5841095000190,2006-08-30,22104530.85,16.265107399999998,22096491.63,0.0,0.0,12
5841095000190,2006-08-31,22135141.31,16.2874908,22126899.95,0.0,0.0,12
5841095000190,2006-09-01,21431950.87,16.3056776,22085942.37,0.0,65664.76,12
5841095000190,2006-09-04,22117841.24,16.3254829,22112768.62,0.0,0.0,12
5841095000190,2006-09-05,22116235.1,16.3241478,22110960.2,0.0,0.0,12
5841095000190,2006-09-06,22123046.58,16.3290273,22117569.43,0.0,0.0,12
5841095000190,2006-09-08,22146668.22,16.3463174,22140988.76,0.0,0.0,12
5841095000190,2006-09-11,22151409.19,16.3496681,22145527.23,0.0,0.0,12
5841095000190,2006-09-12,22164841.53,16.3594354,22158757.04,0.0,0.0,12
5841095000190,2006-09-13,22185198.14,16.3746372,22179347.78,0.0,0.0,12
5841095000190,2006-09-14,22207835.27,16.3911792,22201753.85,0.0,0.0,12
5841095000190,2006-09-15,22212312.75,16.3943559,22206056.61,0.0,0.0,12
5841095000190,2006-09-18,22232600.8,16.4091843,22226141.65,0.0,0.0,12
5841095000190,2006-09-19,22229176.36,16.406506099999998,22222514.04,0.0,0.0,12
5841095000190,2006-09-20,22230687.31,16.407471700000002,22223821.85,0.0,0.0,12
5841095000190,2006-09-21,22211290.04,16.393001,22204221.42,0.0,0.0,12
5841095000190,2006-09-22,22215296.7,16.395809200000002,22208025.09,0.0,0.0,12
5841095000190,2006-09-25,22216336.36,16.3964269,22208861.73,0.0,0.0,12
5841095000190,2006-09-26,22285230.53,16.447140400000002,22277552.87,0.0,0.0,12
5841095000190,2006-09-27,22297856.31,16.456311499999998,22289975.06,0.0,0.0,12
5841095000190,2006-09-28,22326630.25,16.4774044,22318545.33,0.0,0.0,12
5841095000190,2006-09-29,22364604.15,16.5052894,22356315.33,0.0,0.0,12
5841095000190,2006-10-02,22410147.06,16.5387622,22309958.46,0.0,91695.58,12
5841095000190,2006-10-03,22305467.19,16.530593,22298938.7,0.0,0.0,12
5841095000190,2006-10-04,22312891.59,16.5359458,22306159.35,0.0,0.0,12
5841095000190,2006-10-05,22329238.16,16.547912699999998,22322302.12,0.0,0.0,12
5841095000190,2006-10-06,22335159.16,16.552150899999994,22328019.19,0.0,0.0,12
5841095000190,2006-10-09,22379113.7,16.5845979,22371788.49,0.0,0.0,12
5841095000190,2006-10-10,22392565.98,16.5953046,22386231.29,0.0,0.0,12
5841095000190,2006-10-11,22376697.88,16.5833892,22360066.8,0.0,10091.34,12
5841095000190,2006-10-13,22384775.87,16.596648300000002,22377944.52,0.0,0.0,12
5841095000190,2006-10-16,22384902.37,16.597594,22379219.61,0.0,0.0,12
5841095000190,2006-10-17,22401049.33,16.6094064,22395146.84,0.0,0.0,12
5841095000190,2006-10-18,22430347.16,16.6303045,22220649.32,0.0,202675.2,12
5841095000190,2006-10-19,22245795.65,16.6429454,22237539.61,0.0,0.0,12
5841095000190,2006-10-20,22258615.7,16.6523766,22250141.04,0.0,0.0,12
5841095000190,2006-10-23,22279751.6,16.6680188,22271041.48,0.0,0.0,12
5841095000190,2006-10-24,22307741.17,16.6887903,22298795.41,0.0,0.0,12
5841095000190,2006-10-25,22316493.49,16.696665900000006,22309318.42,0.0,0.0,12
5841095000190,2006-10-26,22334516.07,16.7099777,22327105.07,0.0,0.0,12
5841095000190,2006-10-27,22348480.99,16.7202526,22340833.92,0.0,0.0,12
5841095000190,2006-10-30,20739358.03,16.7134718,22230364.52,0.0,101409.2,12
5841095000190,2006-10-31,22264925.65,16.7327285,22255977.63,0.0,0.0,12
5841095000190,2006-11-01,22294738.89,16.7549621,22285550.23,0.0,0.0,12
5841095000190,2006-11-03,22318681.68,16.7755785,22312971.8,0.0,0.0,12
5841095000190,2006-11-06,22324958.3,16.78089,22320036.53,0.0,0.0,12
5841095000190,2006-11-07,22343501.74,16.7946502,22338338.83,0.0,0.0,12
5841095000190,2006-11-08,22364272.0,16.810261999999998,22359103.79,0.0,0.0,12
5841095000190,2006-11-09,22392300.56,16.8311642,22386905.64,0.0,0.0,12
5841095000190,2006-11-10,22380473.98,16.822102100000002,22374852.14,0.0,0.0,12
5841095000190,2006-11-13,22389083.49,16.8283951,22383222.48,0.0,0.0,12
5841095000190,2006-11-14,22425383.26,16.8555065,22419283.0,0.0,0.0,12
5841095000190,2006-11-16,22452462.15,16.8756852,22446122.38,0.0,0.0,12
5841095000190,2006-11-17,22456431.36,16.8784891,22449851.84,0.0,0.0,12
5841095000190,2006-11-20,22465325.37,16.8849957,22458506.09,0.0,0.0,12
5841095000190,2006-11-21,22495050.75,16.9071638,22487991.62,0.0,0.0,12
5841095000190,2006-11-22,22522240.3,16.9274253,22514941.11,0.0,0.0,12
5841095000190,2006-11-23,22587457.54,16.9449975,22579918.05,41604.39,0.0,12
5841095000190,2006-11-24,22614387.8,16.9650264,22606607.5,0.0,0.0,12
5841095000190,2006-11-27,22616803.83,16.9666587,22608782.53,0.0,0.0,12
5841095000190,2006-11-28,22621771.39,16.9702057,22613509.06,0.0,0.0,12
5841095000190,2006-11-29,22646976.85,16.9889401,22628289.35,0.0,10184.11,12
5841095000190,2006-11-30,22656351.41,17.003305100000002,22364563.95,0.0,282858.76,12
5841095000190,2006-12-01,22676417.4,17.018379100000004,22384390.86,0.0,0.0,12
5841095000190,2006-12-04,26959250.89,17.0326362,26670547.22,4267403.85,0.0,12
5841095000190,2006-12-05,27425390.3,17.0643238,27419456.16,699290.9,0.0,14
5841095000190,2006-12-06,27452293.7,17.0808932,27446080.27,0.0,0.0,14
5841095000190,2006-12-07,27559716.55,17.0979538,27553446.06,79952.22,0.0,14
5841095000190,2006-12-08,27575864.57,17.107801100000003,27569315.03,0.0,0.0,14
5841095000190,2006-12-11,27602788.59,17.124335199999994,27595959.86,0.0,0.0,14
5841095000190,2006-12-12,27614298.78,17.1313044,27607190.66,0.0,0.0,14
5841095000190,2006-12-13,27613298.72,17.1305104,27605911.14,0.0,0.0,14
5841095000190,2006-12-14,27641050.57,17.1475505,27633371.35,0.0,0.0,14
5841095000190,2006-12-15,27692307.16,17.158223100000004,27684541.21,33970.91,0.0,14
5841095000190,2006-12-18,27719846.87,17.175107399999998,27711783.77,0.0,0.0,14
5841095000190,2006-12-19,27709996.64,17.1688182,27701636.2,0.0,0.0,14
5841095000190,2006-12-20,27744216.98,17.189880600000002,27283173.48,0.0,452446.61,14
5841095000190,2006-12-21,27590171.31,17.1989897,24944056.44,282924.89,2636499.58,14
5841095000190,2006-12-22,26792237.04,17.214151,26777858.95,1811813.7,0.0,16
5841095000190,2006-12-26,26812211.14,17.227286300000006,26798291.87,0.0,0.0,16
5841095000190,2006-12-27,26827699.84,17.2370646,26813502.64,0.0,0.0,16
5841095000190,2006-12-28,26897677.32,17.2634018,26883202.06,28730.0,0.0,16
5841095000190,2006-12-29,26909838.8,17.2710358,26895090.02,0.0,0.0,16
5841095000190,2007-01-02,26921778.12,17.278532199999994,26906763.79,0.0,0.0,16
5841095000190,2007-01-03,26957983.12,17.304335000000002,26946944.76,0.0,0.0,16
5841095000190,2007-01-04,26947340.22,17.300219199999994,26940535.47,0.0,0.0,16
5841095000190,2007-01-05,26979578.55,17.320750699999998,26972507.87,0.0,0.0,16
5841095000190,2007-01-08,26982192.51,17.322401100000004,26975078.07,0.0,0.0,16
5841095000190,2007-01-09,26985311.73,17.324233800000002,26977931.93,0.0,0.0,16
5841095000190,2007-01-10,26976909.85,17.319426,26970445.0,0.0,0.0,16
5841095000190,2007-01-11,27016392.71,17.3446098,26989478.94,0.0,20183.29,16
5841095000190,2007-01-12,27127631.95,17.350241699999998,27120452.39,122209.9,0.0,16
5841095000190,2007-01-15,27168222.88,17.3760389,27160776.5,0.0,0.0,16
5841095000190,2007-01-16,27176450.6,17.381131699999994,27168737.06,0.0,0.0,16
5841095000190,2007-01-17,27191898.21,17.3908433,27183917.48,0.0,0.0,16
5841095000190,2007-01-18,27236346.21,17.419107800000006,27228098.14,0.0,0.0,16
5841095000190,2007-01-19,27237223.69,17.4194979,27228707.92,0.0,0.0,16
5841095000190,2007-01-22,27263483.1,17.436126,27254699.65,0.0,0.0,16
5841095000190,2007-01-23,27269718.72,17.439943799999998,27253596.76,0.0,7070.61,16
5841095000190,2007-01-24,27273172.58,17.4465793,27263966.04,0.0,0.0,16
5841095000190,2007-01-25,27283969.11,17.453316600000004,27274494.59,0.0,0.0,16
5841095000190,2007-01-26,27298439.24,17.4624047,27288696.67,0.0,0.0,16
5841095000190,2007-01-29,27319586.36,17.4757655,27254001.74,0.0,55573.89,16
5841095000190,2007-01-30,27274844.7,17.4821715,27263992.19,0.0,0.0,16
5841095000190,2007-01-31,27287305.13,17.4899896,27276184.66,0.0,0.0,16
5841095000190,2007-02-01,27328795.53,17.5164133,27317393.31,0.0,0.0,16
5841095000190,2007-02-02,27327581.68,17.5184898,27320631.68,0.0,0.0,16
5841095000190,2007-02-05,27340611.05,17.527076899999994,27334023.46,0.0,0.0,16
5841095000190,2007-02-06,29582397.64,17.544578100000006,29575527.86,2214210.7,0.0,16
5841095000190,2007-02-07,29607241.62,17.559271799999998,29600297.58,0.0,0.0,16
5841095000190,2007-02-08,29606775.11,17.5588157,29599528.65,0.0,0.0,16
5841095000190,2007-02-09,29645405.28,17.5815522,29637856.39,0.0,0.0,16
5841095000190,2007-02-12,29656251.89,17.5878069,29648400.29,0.0,0.0,16
5841095000190,2007-02-13,29670935.77,17.596338,29662781.38,0.0,0.0,16
5841095000190,2007-02-14,29702096.63,17.6146433,29693639.3,0.0,0.0,16
5841095000190,2007-02-15,29745389.47,17.640266699999994,29711335.5,0.0,25498.1,16
5841095000190,2007-02-16,29748262.77,17.656849100000006,29739265.0,0.0,0.0,16
5841095000190,2007-02-21,29773928.81,17.671907,29764627.01,0.0,0.0,16
5841095000190,2007-02-22,29796023.06,17.684844199999993,29786417.01,0.0,0.0,16
5841095000190,2007-02-23,29808324.01,17.692048800000006,29798551.66,0.0,0.0,16
5841095000190,2007-02-26,29816271.29,17.6965865,29806194.44,0.0,0.0,16
5841095000190,2007-02-27,29767027.48,17.6671686,29756646.07,0.0,0.0,16
5841095000190,2007-02-28,29755928.44,17.6612636,29746700.36,0.0,0.0,16
5841095000190,2007-03-01,29745557.45,17.6540702,29634028.55,0.0,100556.0,16
5841095000190,2007-03-02,29701394.13,17.6896458,29615574.76,0.0,78170.92,16
5841095000190,2007-03-05,29609773.25,17.6811693,29480574.93,0.0,120808.65,16
5841095000190,2007-03-06,29553244.92,17.7191341,29543875.29,0.0,0.0,16
5841095000190,2007-03-07,29630311.67,17.7653195,29620882.07,0.0,0.0,16
5841095000190,2007-03-08,29653348.42,17.7789717,29643644.99,0.0,0.0,16
5841095000190,2007-03-09,29652060.14,17.778028600000006,29642072.51,0.0,0.0,16
5841095000190,2007-03-12,29695241.5,17.803756399999994,29684969.69,0.0,0.0,16
5841095000190,2007-03-13,29730009.47,17.824438100000005,29719453.15,0.0,0.0,16
5841095000190,2007-03-14,29698697.53,17.8065107,29689562.09,0.0,0.0,16
5841095000190,2007-03-15,29751211.67,17.8378358,29741791.65,0.0,0.0,16
5841095000190,2007-03-16,30706795.12,17.844012399999997,30697090.13,945000.0,0.0,16
5841095000190,2007-03-19,30723122.17,17.8533331,30713124.63,0.0,0.0,16
5841095000190,2007-03-20,30745694.35,17.866284,30735404.14,0.0,0.0,16
5841095000190,2007-03-21,30726252.18,17.8548122,30715669.1,0.0,0.0,16
5841095000190,2007-03-22,30773309.22,17.881996,30762433.44,0.0,0.0,16
5841095000190,2007-03-23,30775517.76,17.8831094,30764348.9,0.0,0.0,16
5841095000190,2007-03-26,30901463.78,17.903834200000006,30890001.84,90000.0,0.0,16
5841095000190,2007-03-27,30920202.69,17.914524800000006,30908446.66,0.0,0.0,16
5841095000190,2007-03-28,30894291.59,17.8993362,30882241.31,0.0,0.0,16
5841095000190,2007-03-29,30880609.61,17.8912358,30868265.32,0.0,0.0,16
5841095000190,2007-03-30,30898198.42,17.9012599,30885560.2,0.0,0.0,16
5841095000190,2007-04-02,30922554.65,17.915206299999994,30909622.4,0.0,0.0,16
5841095000190,2007-04-03,30967805.66,17.9443163,30959846.63,0.0,0.0,16
5841095000190,2007-04-04,30992484.64,17.9584494,30984230.98,0.0,0.0,16
5841095000190,2007-04-05,31027118.07,17.978348,31018562.63,0.0,0.0,16
5841095000190,2007-04-09,31053408.66,17.9935431,30983861.45,0.0,60917.76,16
5841095000190,2007-04-10,31902107.91,17.9991205,31893465.28,900000.0,0.0,16
5841095000190,2007-04-11,31891063.66,17.9927168,31800910.04,0.0,81208.19,16
5841095000190,2007-04-12,31804239.62,17.9886851,31793784.29,0.0,0.0,16
5841095000190,2007-04-13,31831260.6,18.0043218,31821421.2,0.0,0.0,16
5841095000190,2007-04-16,31863529.88,18.0225319,31853606.35,0.0,0.0,16
5841095000190,2007-04-17,31908197.94,18.0476337,31897972.02,0.0,0.0,16
5841095000190,2007-04-18,31913567.89,18.050500699999997,31903039.26,0.0,0.0,16
5841095000190,2007-04-19,32818513.77,18.0843427,32807682.36,844829.65,0.0,16
5841095000190,2007-04-20,33465619.04,18.111389399999997,33454477.68,597728.63,0.0,17
5841095000190,2007-04-23,33475251.93,18.116433800000006,33463795.48,0.0,0.0,17
5841095000190,2007-04-24,33610405.23,18.1193195,33598633.63,129507.87,0.0,17
5841095000190,2007-04-25,33621074.48,18.1255543,33610194.83,0.0,0.0,17
5841095000190,2007-04-26,33990752.5,18.1482281,33979556.53,327317.72,0.0,17
5841095000190,2007-04-27,34094312.52,18.1588201,34082797.3,83409.04,0.0,17
5841095000190,2007-04-30,34315443.56,18.1749516,34303608.28,190533.22,0.0,18
5841095000190,2007-05-02,34337537.86,18.1864872,34325380.75,0.0,0.0,18
5841095000190,2007-05-03,34708593.55,18.195603100000003,34701223.22,358637.18,0.0,18
5841095000190,2007-05-04,34749553.56,18.216910100000003,34741858.24,0.0,0.0,18
5841095000190,2007-05-07,35305059.66,18.2337641,35297013.47,523012.56,0.0,18
5841095000190,2007-05-08,35284027.6,18.222838,35275862.7,0.0,0.0,18
5841095000190,2007-05-09,35350085.94,18.2310492,35341568.76,49810.72,0.0,18
5841095000190,2007-05-10,35404602.73,18.2589943,35395741.32,0.0,0.0,18
5841095000190,2007-05-11,35435120.61,18.2745592,35425914.53,0.0,0.0,18
5841095000190,2007-05-14,35471635.07,18.2932955,35462235.53,0.0,0.0,18
5841095000190,2007-05-15,35508557.2,18.312177,35498838.03,0.0,0.0,18
5841095000190,2007-05-16,35683291.68,18.3289185,35673252.6,141960.55,0.0,18
5841095000190,2007-05-17,35711577.82,18.3432869,35701217.44,0.0,0.0,18
5841095000190,2007-05-18,35794671.61,18.3474183,35783974.44,74716.08,0.0,18
5841095000190,2007-05-21,37213638.02,18.3596872,37162877.73,1394700.14,39725.65,18
5841095000190,2007-05-22,37209609.16,18.3702199,37197634.61,13437.08,0.0,18
5841095000190,2007-05-23,37235739.16,18.3824583,37183427.94,1000.0,39987.99,18
5841095000190,2007-05-24,37672830.94,18.3729273,37659558.38,495409.3,0.0,18
5841095000190,2007-05-25,37694913.91,18.383529,37681288.99,0.0,0.0,18
5841095000190,2007-05-28,38667012.32,18.4085303,38633021.46,920500.0,20013.41,18
5841095000190,2007-05-29,38756503.11,18.4249187,38699744.8,74716.08,42386.3,19
5841095000190,2007-05-30,38712026.03,18.4234397,38696638.28,0.0,0.0,19
5841095000190,2007-05-31,38966540.76,18.4444615,38593102.63,210000.0,357689.79,19
5841095000190,2007-06-01,39185499.21,18.4533502,38811701.32,200000.0,0.0,19
5841095000190,2007-06-04,39200729.52,18.4634225,38832885.8,0.0,0.0,19
5841095000190,2007-06-05,38843317.68,18.464278699999998,38834686.54,0.0,0.0,19
5841095000190,2007-06-06,38845436.09,18.465114,38421038.79,0.0,415404.49,19
5841095000190,2007-06-08,38460663.76,18.479184699999998,38450316.25,0.0,0.0,19
5841095000190,2007-06-11,38513661.55,18.504490399999998,38502970.7,0.0,0.0,19
5841095000190,2007-06-12,38524016.17,18.5093016,38512981.57,0.0,0.0,19
5841095000190,2007-06-13,38494507.07,18.4955457,38484359.21,0.0,0.0,19
5841095000190,2007-06-14,38524749.14,18.5099175,38514263.14,0.0,0.0,19
5841095000190,2007-06-15,38546866.87,18.520487,38536255.4,0.0,0.0,19
5841095000190,2007-06-18,38570649.93,18.531751899999996,38559694.83,0.0,0.0,19
5841095000190,2007-06-19,38556493.97,18.524783399999997,38545195.06,0.0,0.0,19
5841095000190,2007-06-20,38555421.91,18.5241029,38543779.3,0.0,0.0,19
5841095000190,2007-06-21,38584733.08,18.538024,38572745.27,0.0,0.0,19
5841095000190,2007-06-22,38620747.39,18.555166399999997,38556046.01,0.0,52368.15,19
5841095000190,2007-06-25,38557106.84,18.5494609,38531004.9,0.0,13185.59,19
5841095000190,2007-06-26,38562606.13,18.557780100000002,38549285.62,1000.0,0.0,19
5841095000190,2007-06-27,38546582.94,18.5499003,38532917.18,0.0,0.0,19
5841095000190,2007-06-28,38640054.52,18.594731699999997,38626043.62,0.0,0.0,19
5841095000190,2007-06-29,38686639.12,18.616992,38672283.88,0.0,0.0,19
5841095000190,2007-07-02,38716041.67,18.6309805,38701341.71,0.0,0.0,19
5841095000190,2007-07-03,38720576.63,18.6332666,38706090.44,0.0,0.0,19
5841095000190,2007-07-04,38753409.72,18.6570986,38755595.7,0.0,0.0,19
5841095000190,2007-07-05,38821309.95,18.6625529,38812003.75,45078.2,0.0,19
5841095000190,2007-07-06,38899878.4,18.7001661,38838675.22,0.0,51551.77,19
5841095000190,2007-07-09,38880052.8,18.7151057,38869703.6,0.0,0.0,19
5841095000190,2007-07-10,38913321.03,18.7315309,38903817.32,0.0,0.0,19
5841095000190,2007-07-11,38959070.67,18.7533822,38949200.52,0.0,0.0,19
5841095000190,2007-07-12,39028247.23,18.7865129,39018010.28,0.0,0.0,19
5841095000190,2007-07-13,39104570.28,18.8232537,39094317.77,0.0,0.0,19
5841095000190,2007-07-16,39100124.54,18.8209244,39074434.91,0.0,15045.13,19
5841095000190,2007-07-17,39140514.91,18.8273299,39129433.41,41700.0,0.0,19
5841095000190,2007-07-18,39205374.17,18.829874,39193900.4,59179.4,0.0,19
5841095000190,2007-07-19,39293387.06,18.8719692,39281520.49,0.0,0.0,19
5841095000190,2007-07-20,39299249.11,18.8745965,39286989.05,0.0,0.0,19
5841095000190,2007-07-23,39328723.38,18.8885677,39308353.14,0.0,7716.62,19
5841095000190,2007-07-24,40317652.87,18.9337114,40201971.54,902244.78,102573.4,19
5841095000190,2007-07-25,40130682.97,18.879535,40118005.79,31066.93,0.0,19
5841095000190,2007-07-26,40048419.15,18.8406447,40035365.89,0.0,0.0,20
5841095000190,2007-07-27,40069507.99,18.8503924,40056079.32,0.0,0.0,20
5841095000190,2007-07-30,40076364.24,18.853438,40062550.87,0.0,0.0,20
5841095000190,2007-07-31,40164588.4,18.8947795,40150399.39,0.0,0.0,20
5841095000190,2007-08-01,40086684.04,18.857940600000006,40072118.7,0.0,0.0,20
5841095000190,2007-08-02,40164220.04,18.8922994,40156137.87,11008.5,0.0,20
5841095000190,2007-08-03,40155438.4,18.8884256,40147904.06,0.0,0.0,20
5841095000190,2007-08-06,40033276.91,18.830775199999998,39954420.95,0.0,70945.32,20
5841095000190,2007-08-07,40005681.25,18.8508174,39996945.88,0.0,0.0,20
5841095000190,2007-08-08,40110577.47,18.900084399999997,40101478.65,0.0,0.0,20
5841095000190,2007-08-09,40099627.64,18.894746899999998,40090153.8,0.0,0.0,20
5841095000190,2007-08-10,40010412.02,18.8525223,40000563.25,0.0,0.0,20
5841095000190,2007-08-13,40057774.72,18.8746627,40047539.85,0.0,0.0,20
5841095000190,2007-08-14,40047775.81,18.869768,39573231.13,0.0,463923.32,20
5841095000190,2007-08-15,39470690.04,18.8142383,39456775.59,0.0,0.0,20
5841095000190,2007-08-16,39149920.7,18.6611088,39135636.11,0.0,0.0,20
5841095000190,2007-08-17,39253272.39,18.710214899999997,39238620.2,0.0,203875.51,20
5841095000190,2007-08-20,39093112.14,18.7305743,38630155.24,0.0,447064.78,20
5841095000190,2007-08-21,38657870.23,18.7348805,38639036.49,0.0,159356.39,20
5841095000190,2007-08-22,38512646.37,18.741202100000002,38294882.99,0.0,291084.7,20
5841095000190,2007-08-23,38270511.06,18.7677615,38255717.38,0.0,0.0,20
5841095000190,2007-08-24,38333377.97,18.792612899999998,38318223.67,11850.0,0.0,20
5841095000190,2007-08-27,38594573.5,18.819456600000002,38579058.1,206100.0,0.0,20
5841095000190,2007-08-28,38628806.33,18.8359787,38612927.76,0.0,0.0,20
5841095000190,2007-08-29,38595481.0,18.8195448,38579238.99,0.0,0.0,20
5841095000190,2007-08-30,36172623.01,18.8318794,38604524.34,0.0,0.0,20
5841095000190,2007-08-31,36216951.89,18.8546333,38651168.79,0.0,0.0,20
5841095000190,2007-09-03,38727598.16,18.8834622,38710266.8,0.0,0.0,20
5841095000190,2007-09-04,38697403.0,18.8720549,38686882.48,0.0,0.0,20
5841095000190,2007-09-05,38697843.91,18.8733293,38689494.85,0.0,0.0,20
5841095000190,2007-09-06,38708395.82,18.8782991,38619103.57,0.0,80579.13,20
5841095000190,2007-09-10,38620139.62,18.8742009,38610719.97,0.0,0.0,20
5841095000190,2007-09-11,38607196.81,18.867715,38597451.74,0.0,0.0,20
5841095000190,2007-09-12,38610443.88,18.8691432,38600373.51,0.0,0.0,20
5841095000190,2007-09-13,38598190.67,18.8632775,38588374.07,0.0,0.0,20
5841095000190,2007-09-14,38613192.0,18.8704516,38603050.15,0.0,0.0,20
5841095000190,2007-09-17,38605297.07,18.8664117,38594785.6,0.0,0.0,20
5841095000190,2007-09-18,38564244.9,18.8462066,38553452.4,0.0,0.0,20
5841095000190,2007-09-19,38644884.61,18.8854583,38633749.16,0.0,0.0,20
5841095000190,2007-09-20,38620371.18,18.8733074,38608892.16,0.0,0.0,20
5841095000190,2007-09-21,38602960.73,18.8646288,38591138.34,0.0,0.0,20
5841095000190,2007-09-24,38574808.02,18.850699,38562642.38,0.0,0.0,20
5841095000190,2007-09-25,38573413.08,18.8498494,38464585.29,0.0,96319.13,20
5841095000190,2007-09-26,38530585.01,18.875536800000006,38517002.33,0.0,0.0,20
5841095000190,2007-09-27,38542292.8,18.8811063,38528367.49,0.0,0.0,20
5841095000190,2007-09-28,38594130.14,18.9063416,38579862.08,0.0,0.0,20
5841095000190,2007-10-01,38686093.45,18.9202755,38671482.25,63187.0,0.0,20
5841095000190,2007-10-02,38689511.49,18.9246274,38680377.14,0.0,0.0,20
5841095000190,2007-10-03,38742282.12,18.9506355,38733535.62,0.0,0.0,20
5841095000190,2007-10-04,38779354.09,18.9686035,38770260.64,0.0,0.0,20
5841095000190,2007-10-05,38754886.97,18.9550993,38687226.31,3025.74,58458.71,20
5841095000190,2007-10-08,38695064.48,18.954023199999998,38685029.91,0.0,0.0,20
5841095000190,2007-10-09,38673937.35,18.9435065,38663565.4,0.0,0.0,20
5841095000190,2007-10-10,38649287.27,18.9318421,38639758.44,0.0,0.0,20
5841095000190,2007-10-11,38728215.36,18.9703388,38718329.85,0.0,0.0,20
5841095000190,2007-10-15,38681968.79,18.9481837,38673111.52,0.0,0.0,20
5841095000190,2007-10-16,38635748.06,18.9260556,38627948.12,0.0,0.0,20
5841095000190,2007-10-17,38653412.71,18.934539100000002,38645263.06,0.0,0.0,20
5841095000190,2007-10-18,39256856.1,18.926907699999997,39248356.59,618669.33,0.0,20
5841095000190,2007-10-19,39360752.41,18.976839000000002,39351898.27,0.0,0.0,20
5841095000190,2007-10-22,39276487.99,18.9360324,38667826.09,0.0,599452.28,20
5841095000190,2007-10-23,38681160.63,18.937583899999996,38569065.89,0.0,101928.48,20
5841095000190,2007-10-24,38613842.99,18.9540982,38315013.36,0.0,287686.11,20
5841095000190,2007-10-25,38311000.73,18.9455279,38297688.84,0.0,0.0,20
5841095000190,2007-10-26,38341956.96,18.9606699,38228666.69,0.0,99631.27,20
5841095000190,2007-10-29,38305087.18,18.9913104,38253754.27,0.0,36689.99,20
5841095000190,2007-10-30,38292691.47,19.0030255,38277351.78,0.0,0.0,20
5841095000190,2007-10-31,38296684.85,19.004835800000002,38280998.23,0.0,0.0,20
5841095000190,2007-11-01,38383093.18,19.0462757,38364469.59,2590.0,0.0,20
5841095000190,2007-11-05,38413529.9,19.0645614,38403894.57,0.0,0.0,20
5841095000190,2007-11-06,38382911.11,19.051196,38376971.02,0.0,0.0,20
5841095000190,2007-11-07,38389493.98,19.0542912,38383206.16,0.0,0.0,20
5841095000190,2007-11-08,38375344.41,19.047215100000006,38368951.93,0.0,0.0,20
5841095000190,2007-11-09,38217487.93,18.9686788,38210747.48,0.0,0.0,20
5841095000190,2007-11-12,38293267.2,19.0061253,38271055.99,0.0,15124.04,20
5841095000190,2007-11-13,39177867.75,18.9561209,38937392.98,1000000.0,232973.37,20
5841095000190,2007-11-14,38972538.11,18.9684656,38962750.03,0.0,0.0,20
5841095000190,2007-11-16,39007260.73,18.9851981,38997119.97,0.0,0.0,20
5841095000190,2007-11-19,38977525.77,18.9705503,38967032.05,0.0,0.0,20
5841095000190,2007-11-20,39008860.64,18.9856335,35985132.21,0.0,3012882.0,20
5841095000190,2007-11-21,35904026.71,18.9301499,34140716.86,0.0,1739252.36,20
5841095000190,2007-11-22,34193836.37,18.9423783,34162770.92,0.0,0.0,20
5841095000190,2007-11-23,34187123.96,18.9467319,34170622.8,0.0,0.0,20
5841095000190,2007-11-26,34184381.17,18.9450367,34067167.45,0.0,100397.91,20
5841095000190,2007-11-27,34001513.88,18.8987789,33983986.34,0.0,0.0,20
5841095000190,2007-11-28,33965395.88,18.8785193,33947555.18,0.0,44182.37,20
5841095000190,2007-11-29,34001667.78,18.92306,33983362.19,0.0,0.0,20
5841095000190,2007-11-30,34045302.36,18.9471828,33799249.75,0.0,227433.86,20
5841095000190,2007-12-03,33967285.79,18.9593315,33819100.73,0.0,1820.74,20
5841095000190,2007-12-04,33929428.38,18.9422326,33788600.07,0.0,0.0,20
5841095000190,2007-12-05,33837359.02,18.965957,33830919.02,0.0,0.0,20
5841095000190,2007-12-06,33866727.24,18.9822462,33859975.29,0.0,0.0,20
5841095000190,2007-12-07,33928169.15,19.016634600000003,33921316.28,0.0,0.0,20
5841095000190,2007-12-10,33959136.78,19.0338201,33951971.24,0.0,0.0,20
5841095000190,2007-12-11,34048998.27,19.062623600000002,34041519.82,38169.83,0.0,20
5841095000190,2007-12-12,34042423.4,19.052072100000004,34034631.33,11954.0,0.0,20
5841095000190,2007-12-13,33998756.98,19.0274532,33990652.09,0.0,0.0,20
5841095000190,2007-12-14,34028839.24,19.0441063,34020401.18,0.0,0.0,20
5841095000190,2007-12-17,34007406.01,19.0292558,33998852.2,4980.0,0.0,20
5841095000190,2007-12-18,33934660.29,18.9883531,33925772.9,0.0,0.0,20
5841095000190,2007-12-19,33965467.81,19.005454399999998,33668352.46,0.0,287974.67,20
5841095000190,2007-12-20,33656457.14,18.9929684,33553199.8,0.0,93033.64,20
5841095000190,2007-12-21,34186710.69,19.0204517,34158633.11,574391.11,17510.11,20
5841095000190,2007-12-24,34182781.29,19.027832800000002,34171888.78,0.0,0.0,20
5841095000190,2007-12-26,34291402.96,19.0858159,34281001.02,4981.07,0.0,20
5841095000190,2007-12-27,34355807.5,19.1209082,34085865.46,2647.58,260814.2,20
5841095000190,2007-12-28,34115346.62,19.1308046,34103507.26,0.0,0.0,20
5841095000190,2007-12-31,34210687.13,19.1841146,34198540.31,0.0,0.0,20
5841095000190,2008-01-02,34186587.49,19.1704227,34174132.46,0.0,0.0,20
5841095000190,2008-01-03,34240755.62,19.2036592,34233381.52,0.0,0.0,20
5841095000190,2008-01-04,34212859.11,19.1882997,34206000.84,0.0,0.0,20
5841095000190,2008-01-07,34221589.03,19.1930239,34214422.47,0.0,0.0,20
5841095000190,2008-01-08,34256671.21,19.2126617,34249429.78,0.0,0.0,20
5841095000190,2008-01-09,34230048.75,19.1975609,34222510.38,0.0,0.0,20
5841095000190,2008-01-10,34260873.65,19.2153594,34254238.87,0.0,0.0,20
5841095000190,2008-01-11,34265041.75,19.2175311,34245032.71,0.0,13077.59,20
5841095000190,2008-01-14,34231498.88,19.2058577,34224230.96,0.0,0.0,20
5841095000190,2008-01-15,34178166.2,19.1757553,34120457.0,0.0,50132.56,20
5841095000190,2008-01-16,34031528.39,19.1212717,34023511.3,0.0,0.0,20
5841095000190,2008-01-17,34015995.37,19.1123695,34007671.15,0.0,0.0,20
5841095000190,2008-01-18,33995229.01,19.1005262,33986597.8,0.0,0.0,20
5841095000190,2008-01-21,33853518.0,19.020712,33844579.96,0.0,0.0,20
5841095000190,2008-01-22,33856978.48,19.022485,33838731.02,0.0,9003.72,20
5841095000190,2008-01-23,33850515.77,19.0238267,33841117.8,0.0,0.0,20
5841095000190,2008-01-24,32414280.07,19.0351979,33861345.75,0.0,0.0,20
5841095000190,2008-01-25,32387972.37,19.042319100000004,33874013.64,0.0,0.0,20
5841095000190,2008-01-28,33817732.71,19.0048819,33807417.29,0.0,0.0,20
5841095000190,2008-01-29,33904667.43,19.0535807,33894046.6,0.0,0.0,20
5841095000190,2008-01-30,33893942.34,19.0473795,33883015.42,0.0,0.0,20
5841095000190,2008-01-31,33909524.02,19.0559629,33890859.77,0.0,7424.47,20
5841095000190,2008-02-01,33930518.63,19.0717525,33918941.45,0.0,0.0,20
5841095000190,2008-02-06,34032796.65,19.132428,34026852.38,0.0,0.0,20
5841095000190,2008-02-07,33998934.13,19.1132301,33992709.06,0.0,0.0,20
5841095000190,2008-02-08,34042348.26,19.137464399999995,34035809.45,0.0,0.0,20
5841095000190,2008-02-11,34008462.93,19.118366199999997,34001843.57,0.0,0.0,20
5841095000190,2008-02-12,34051695.73,19.1424985,34044762.51,0.0,0.0,20
5841095000190,2008-02-13,34033014.12,19.1318176,34025766.69,0.0,0.0,20
5841095000190,2008-02-14,34153020.27,19.1991174,34145458.79,0.0,0.0,20
5841095000190,2008-02-15,34121246.56,19.1811771,34113552.12,0.0,0.0,20
5841095000190,2008-02-18,34159354.22,19.2024277,34151346.06,0.0,0.0,20
5841095000190,2008-02-19,34263142.0,19.2606083,34254819.84,0.0,0.0,20
5841095000190,2008-02-20,34200767.27,19.2253596,32187780.06,0.0,2004350.22,20
5841095000190,2008-02-21,32286466.55,19.2763684,32273180.91,0.0,0.0,20
5841095000190,2008-02-22,32275231.86,19.269479399999998,32261647.11,0.0,0.0,20
5841095000190,2008-02-25,32303078.55,19.288531699999997,31619553.97,0.0,673991.04,20
5841095000190,2008-02-26,31599763.63,19.268521,31586750.62,0.0,0.0,20
5841095000190,2008-02-27,31616407.04,19.2784947,31603100.37,0.0,0.0,20
5841095000190,2008-02-28,31665315.39,19.3081505,31305418.9,0.0,346296.03,20
5841095000190,2008-02-29,31345125.25,19.3225943,31328837.52,0.0,0.0,20
5841095000190,2008-03-03,31297136.01,19.2928163,31280556.68,0.0,0.0,20
5841095000190,2008-03-04,31286683.53,19.2892808,31274824.41,0.0,0.0,20
5841095000190,2008-03-05,31317151.13,19.3113351,31310582.25,0.0,0.0,20
5841095000190,2008-03-06,31366807.23,19.3417815,31359946.87,0.0,0.0,20
5841095000190,2008-03-07,31319503.42,19.3125708,31011032.06,0.0,301553.7,20
5841095000190,2008-03-10,30963480.69,19.2775094,30954732.58,0.0,0.0,20
5841095000190,2008-03-11,30907664.36,19.242577,30898639.97,0.0,0.0,20
5841095000190,2008-03-12,31011688.45,19.3071877,31002388.19,0.0,0.0,20
5841095000190,2008-03-13,30896067.54,19.2359784,30888044.32,0.0,0.0,20
5841095000190,2008-03-14,30920058.16,19.2507471,30911759.17,0.0,0.0,20
5841095000190,2008-03-17,30815869.32,19.1856902,30807294.38,0.0,0.0,20
5841095000190,2008-03-18,30886526.36,19.2295215,30866125.39,0.0,11550.9,20
5841095000190,2008-03-19,30338015.37,19.2328318,30871438.82,0.0,0.0,20
5841095000190,2008-03-20,30211347.23,19.1537461,30737043.96,0.0,7451.07,20
5841095000190,2008-03-24,29244128.8,19.158183800000003,30643999.93,0.0,100165.47,20
5841095000190,2008-03-25,29995021.68,19.0853111,30527438.24,0.0,0.0,20
5841095000190,2008-03-26,30002261.25,19.089703,30534463.19,0.0,0.0,20
5841095000190,2008-03-27,30546412.27,19.0905083,30535751.25,0.0,0.0,20
5841095000190,2008-03-28,30547449.12,19.0909651,29455260.46,0.0,1081221.47,20
5841095000190,2008-03-31,29430720.78,19.0669673,29418234.53,0.0,0.0,20
5841095000190,2008-04-01,29424890.19,19.0629956,25286264.81,0.0,4125841.7,18
5841095000190,2008-04-02,25318895.27,19.0722465,25298535.76,0.0,0.0,18
5841095000190,2008-04-03,25354962.18,19.100282999999997,25335725.0,0.0,0.0,18
5841095000190,2008-04-04,25381308.25,19.1199453,25361806.18,0.0,0.0,18
5841095000190,2008-04-07,25455417.71,19.175790799999998,25435882.91,0.0,0.0,18
5841095000190,2008-04-08,25411844.07,19.142757500000002,25392065.62,0.0,0.0,18
5841095000190,2008-04-09,25448634.87,19.1703102,25428613.13,0.0,0.0,18
5841095000190,2008-04-10,25431093.1,19.1578067,24468720.81,0.0,943306.96,18
5841095000190,2008-04-11,24520441.52,19.1806003,24497833.24,0.0,0.0,18
5841095000190,2008-04-14,22782529.01,19.1386193,24444214.21,0.0,0.0,18
5841095000190,2008-04-15,22785812.06,19.1530158,24462601.72,0.0,0.0,18
5841095000190,2008-04-16,19544542.27,19.1786548,24486464.04,0.0,8884.31,18
5841095000190,2008-04-17,22559231.62,19.1905426,19283028.87,0.0,5218612.94,17
5841095000190,2008-04-18,17701849.85,19.170875,19263266.53,0.0,0.0,17
5841095000190,2008-04-22,19297877.45,19.1784108,19270838.62,0.0,0.0,17
5841095000190,2008-04-23,19323794.04,19.204013699999997,19296564.91,0.0,0.0,17
5841095000190,2008-04-24,19272119.5,19.170944,19263335.78,0.0,0.0,17
5841095000190,2008-04-25,19241270.1,19.1400532,19197156.03,0.0,35140.12,17
5841095000190,2008-04-28,19176195.16,19.109878600000002,19166891.36,0.0,0.0,17
5841095000190,2008-04-29,19159433.42,19.1394391,19196540.12,0.0,0.0,17
5841095000190,2008-04-30,19147497.46,19.080888199999997,19137814.46,0.0,0.0,17
5841095000190,2008-05-02,19210519.88,19.1435341,19000075.87,0.0,200571.42,17
5841095000190,2008-05-05,19136783.61,19.2744259,19129986.77,0.0,0.0,17
5841095000190,2008-05-06,19223741.47,19.3619912,19216895.9,0.0,0.0,17
5841095000190,2008-05-07,19229999.48,19.3681051,19222964.03,0.0,0.0,17
5841095000190,2008-05-08,19263292.3,19.401669,19256276.33,0.0,0.0,17
5841095000190,2008-05-09,19281757.91,19.4200566,19227062.76,0.0,47463.38,17
5841095000190,2008-05-12,19270885.38,19.4566215,19263264.36,0.0,0.0,17
5841095000190,2008-05-13,19306743.45,19.4926467,19298931.47,0.0,0.0,17
5841095000190,2008-05-14,19290533.88,19.4769093,19283350.47,0.0,0.0,17
5841095000190,2008-05-15,19293457.58,19.4796693,18759314.43,0.0,526768.63,17
5841095000190,2008-05-16,18809095.02,19.5206754,18728373.7,0.0,70430.39,16
5841095000190,2008-05-19,17409232.76,19.5461546,18752818.8,0.0,0.0,16
5841095000190,2008-05-20,18417831.51,19.575133,18780621.05,0.0,0.0,16
5841095000190,2008-05-21,18423742.04,19.5810886,18786334.88,0.0,0.0,16
5841095000190,2008-05-23,17191962.18,19.6211857,18472749.12,0.0,352055.39,16
5841095000190,2008-05-26,15218393.24,19.6591973,18508535.86,0.0,0.0,16
5841095000190,2008-05-27,18506294.07,19.6453431,18495492.6,0.0,0.0,16
5841095000190,2008-05-28,18536056.9,19.6767497,18525060.99,0.0,0.0,16
5841095000190,2008-05-29,16986256.26,19.6655072,18514476.44,0.0,0.0,16
5841095000190,2008-05-30,18296937.73,19.6679248,18415058.67,0.0,101693.88,16
5841095000190,2008-06-02,18547574.1,19.6884539,18434280.05,0.0,0.0,16
5841095000190,2008-06-03,18549610.79,19.6936065,18439104.43,0.0,0.0,16
5841095000190,2008-06-04,18437193.89,19.6841193,18430221.6,0.0,0.0,16
5841095000190,2008-06-05,18454205.92,19.702059,18447018.52,0.0,0.0,16
5841095000190,2008-06-06,18456584.96,19.7118277,18456164.93,0.0,0.0,16
5841095000190,2008-06-09,18473282.03,19.729455899999998,18472670.22,0.0,0.0,16
5841095000190,2008-06-10,18457940.33,19.7128655,18439605.13,0.0,17531.52,15
5841095000190,2008-06-11,18437813.09,19.70981,18436746.96,0.0,0.0,15
5841095000190,2008-06-12,18454412.09,19.7273503,18313290.99,0.0,139863.35,15
5841095000190,2008-06-13,18317291.06,19.729585399999998,18315365.85,0.0,0.0,15
5841095000190,2008-06-16,17891856.73,19.734812100000006,17686240.27,0.0,633977.59,15
5841095000190,2008-06-17,17718265.69,19.7671096,17620702.73,0.0,94482.42,15
5841095000190,2008-06-18,17630536.22,19.7740214,17441591.63,0.0,185272.4,15
5841095000190,2008-06-19,17445850.58,19.7735664,17441190.34,0.0,0.0,15
5841095000190,2008-06-20,17429137.93,19.754406,17298775.81,0.0,125514.17,14
5841095000190,2008-06-23,14700962.66,19.7621854,17305588.17,0.0,0.0,14
5841095000190,2008-06-24,15727657.6,19.770086199999998,16555477.76,0.0,757029.08,14
5841095000190,2008-06-25,14992076.64,19.796909399999997,16577939.45,0.0,0.0,14
5841095000190,2008-06-26,14977158.96,19.7788791,16562840.91,0.0,0.0,14
5841095000190,2008-06-27,15871297.01,19.7858686,16568693.87,0.0,0.0,14
5841095000190,2008-06-30,15353745.89,19.8033682,16583348.07,0.0,0.0,14
5841095000190,2008-07-01,16591735.7,19.806874,16569234.55,0.0,17049.28,14
5841095000190,2008-07-02,16554281.81,19.7857523,16551565.39,0.0,0.0,14
5841095000190,2008-07-03,16546104.9,19.7781872,16545236.9,0.0,0.0,14
5841095000190,2008-07-04,16557007.98,19.7910048,16555959.38,0.0,0.0,14
5841095000190,2008-07-07,16565669.13,19.8015527,16564783.06,0.0,0.0,14
5841095000190,2008-07-08,16568366.35,19.804563,16567301.32,0.0,0.0,14
5841095000190,2008-07-09,16575264.52,19.8125951,16559004.08,0.0,15016.44,14
5841095000190,2008-07-10,16556566.69,19.8090401,16355612.98,0.0,200419.88,14
5841095000190,2008-07-11,16360192.7,19.8132237,16359067.23,0.0,0.0,14
5841095000190,2008-07-14,16375155.74,19.831138,16373858.42,0.0,0.0,14
5841095000190,2008-07-15,16376866.95,19.8335905,16375883.33,0.0,0.0,14
5841095000190,2008-07-16,16371640.73,19.8270525,16370485.15,0.0,0.0,14
5841095000190,2008-07-17,16361259.89,19.8139679,15988576.35,0.0,371105.34,14
5841095000190,2008-07-18,15998166.9,19.8220075,15995063.77,0.0,0.0,14
5841095000190,2008-07-21,16013377.35,19.840337100000006,15728757.57,0.0,281096.99,14
5841095000190,2008-07-22,14431493.96,19.8411382,15729392.65,0.0,0.0,14
5841095000190,2008-07-23,15730152.0,19.8377521,15726708.22,0.0,0.0,14
5841095000190,2008-07-24,15726425.87,19.8347009,15432853.67,0.0,291435.66,13
5841095000190,2008-07-25,15441638.81,19.8421471,15438647.4,0.0,0.0,13
5841095000190,2008-07-28,15453271.28,19.8568984,12202453.77,0.0,3247671.18,10
5841095000190,2008-07-29,12233780.17,19.8833242,12218692.89,0.0,0.0,10
5841095000190,2008-07-30,12254766.5,19.9172644,12239549.86,0.0,0.0,10
5841095000190,2008-07-31,12258679.23,19.9234208,12243333.05,0.0,0.0,10
5841095000190,2008-08-01,12255014.13,19.9172458,12239538.39,0.0,0.0,10
5841095000190,2008-08-04,12241422.44,19.8995801,12228682.5,0.0,0.0,10
5841095000190,2008-08-05,12232572.9,19.906045499999998,12232655.61,0.0,0.0,10
5841095000190,2008-08-06,12234471.74,19.9089248,12234425.0,0.0,0.0,10
5841095000190,2008-08-07,12234583.94,19.909440300000004,12234741.75,0.0,0.0,10
5841095000190,2008-08-08,12234194.91,19.9085909,12234219.8,0.0,0.0,10
5841095000190,2008-08-11,12225807.17,19.8947254,12225699.15,0.0,0.0,10
5841095000190,2008-08-12,12232902.53,19.906055300000002,12232661.63,0.0,0.0,10
5841095000190,2008-08-13,12236269.84,19.9113186,12235896.02,0.0,0.0,10
5841095000190,2008-08-14,12240303.36,19.917666,12239796.61,0.0,0.0,10
5841095000190,2008-08-15,12245981.63,19.9269056,12245474.56,0.0,0.0,10
5841095000190,2008-08-18,12249916.75,19.9330941,12249277.52,0.0,0.0,10
5841095000190,2008-08-19,12254778.37,19.940790300000003,8958145.06,0.0,3295861.86,8
5841095000190,2008-08-20,8980995.55,19.977144,8974476.48,0.0,0.0,8
5841095000190,2008-08-21,8992940.51,20.0002495,8568263.43,0.0,416592.87,6
5841095000190,2008-08-22,8585562.04,20.0186771,7525837.47,0.0,1050320.5,5
5841095000190,2008-08-25,7517471.01,19.975777700000002,7509709.84,0.0,0.0,5
5841095000190,2008-08-26,6928935.25,19.978754300000002,7510828.83,0.0,0.0,5
5841095000190,2008-08-27,7527914.13,20.0030607,7519966.63,0.0,0.0,5
5841095000190,2008-08-28,7529709.92,20.007589399999997,7521669.15,0.0,0.0,5
5841095000190,2008-08-29,7535988.72,20.0240428,7527854.66,0.0,0.0,5
5841095000190,2008-09-01,7534274.56,20.019235,7526047.18,0.0,0.0,5
5841095000190,2008-09-02,7522855.93,19.9933244,7516306.34,0.0,0.0,5
5841095000190,2008-09-03,7514094.55,19.9873175,7514048.1,0.0,0.0,5
5841095000190,2008-09-04,7492757.07,19.930312,7492617.4,0.0,0.0,5
5841095000190,2008-09-05,7499600.77,19.9491949,7499716.27,0.0,0.0,5
5841095000190,2008-09-08,7478647.69,19.8932145,7478670.96,0.0,0.0,5
5841095000190,2008-09-09,7463293.29,19.852127,7463224.49,0.0,0.0,5
5841095000190,2008-09-10,7473216.41,19.8782779,7473055.66,0.0,0.0,5
5841095000190,2008-09-11,7494494.56,19.9346328,7494241.79,0.0,0.0,5
5841095000190,2008-09-12,7499677.31,19.9481737,7499332.34,0.0,0.0,5
5841095000190,2008-09-15,7469271.19,19.8670482,7468833.98,0.0,0.0,5
5841095000190,2008-09-16,7468319.07,19.8642709,7467789.87,0.0,0.0,5
5841095000190,2008-09-17,7428772.8,19.7587749,7428129.62,0.0,0.0,5
5841095000190,2008-09-18,5992521.47,19.773733,7433752.97,0.0,0.0,5
5841095000190,2008-09-19,7483173.15,19.9028969,7482310.96,0.0,0.0,5
5841095000190,2008-09-22,7474543.84,19.8798513,7473647.17,0.0,0.0,5
5841095000190,2008-09-23,7455078.58,19.8278291,7454089.89,0.0,0.0,5
5841095000190,2008-09-24,7458476.13,19.836622100000003,7457395.56,0.0,0.0,5
5841095000190,2008-09-25,6896761.74,19.882997600000003,7474829.98,0.0,0.0,5
5841095000190,2008-09-26,7476141.08,19.8831234,7474877.29,0.0,0.0,5
5841095000190,2008-09-29,7447825.53,19.8075594,7446469.7,0.0,0.0,5
5841095000190,2008-09-30,6841371.45,19.8654144,1361044.41,0.0,6107175.29,5
5841095000190,2008-10-01,1381536.66,19.9179842,1321111.26,0.0,43534.84,1
5841095000190,2008-10-02,1324916.53,19.7373158,1309127.97,0.0,0.0,1
5841095000190,2008-10-03,1306726.63,19.6946035,1306294.96,0.0,0.0,1
5841095000190,2008-10-06,1295048.66,19.5178887,1000.01,1000.0,1294573.89,1
5841095000190,2008-10-07,605235.52,29.309818100000005,1501.69,0.0,0.0,1
5841095000190,2008-10-08,601089.93,2.6461345,600889.16,0.0,0.0,1
5841095000190,2008-10-09,604787.17,2.6623144,604563.34,0.0,0.0,1
5841095000190,2008-10-10,596110.74,2.6278909,596746.39,0.0,0.0,1
5841095000190,2008-10-13,603988.4,2.6624152999999997,604586.26,0.0,0.0,1
5841095000190,2008-10-14,606065.93,2.6713975,606625.95,0.0,0.0,1
5841095000190,2008-10-15,601113.44,2.6505958,601902.26,0.0,0.0,1
5841095000190,2008-10-16,601067.21,2.6502293,601819.04,0.0,0.0,1
5841095000190,2008-10-17,602123.45,2.6547179,602838.31,0.0,0.0,1
5841095000190,2008-10-20,605297.24,2.6685314,605975.12,0.0,0.0,1
5841095000190,2008-10-21,601442.71,2.6513942999999998,602083.58,0.0,0.0,1
5841095000190,2008-10-22,594229.62,2.6194671,594833.51,0.0,0.0,1
5841095000190,2008-10-23,593469.56,2.6159574,594036.52,0.0,0.0,1
5841095000190,2008-10-24,589718.25,2.5992752999999995,590248.3,0.0,0.0,1
5841095000190,2008-10-27,588549.14,2.5939645000000002,589042.32,0.0,0.0,1
5841095000190,2008-10-28,593778.27,2.6168296000000004,594234.58,0.0,0.0,1
5841095000190,2008-10-29,596619.27,2.629178,597038.66,0.0,0.0,1
5841095000190,2008-10-30,599453.54,2.6414965,599835.99,0.0,0.0,1
5841095000190,2008-10-31,597557.43,2.6329838,597902.91,0.0,0.0,1
5841095000190,2008-11-03,599754.72,2.6424974,600063.26,0.0,0.0,1
5841095000190,2008-11-04,602852.27,2.6565381,603251.65,0.0,0.0,1
5841095000190,2008-11-05,601211.62,2.6491502,601573.99,0.0,0.0,1
5841095000190,2008-11-06,599489.63,2.6414043,599815.04,0.0,0.0,1
5841095000190,2008-11-07,600854.72,2.6487856,601491.2,0.0,0.0,1
5841095000190,2008-11-10,600237.73,2.6458965,600835.15,0.0,0.0,1
5841095000190,2008-11-11,600502.34,2.6468898,601060.7,0.0,0.0,1
5841095000190,2008-11-12,598659.47,2.6386023,599178.75,0.0,0.0,1
5841095000190,2008-11-13,598902.65,2.6395012,599382.89,0.0,0.0,1
5841095000190,2008-11-14,599740.01,2.6430167,600181.19,0.0,0.0,1
5841095000190,2008-11-17,599554.71,2.6420287,599956.83,0.0,0.0,1
5841095000190,2008-11-18,597630.27,2.6333821,597993.34,0.0,0.0,1
5841095000190,2008-11-19,596977.24,2.6303344,597301.26,0.0,0.0,1
5841095000190,2008-11-20,597253.3,2.6313781,597538.28,0.0,0.0,1
5841095000190,2008-11-21,595401.56,2.6230517000000004,595647.5,0.0,0.0,1
5841095000190,2008-11-24,598030.33,2.6344562,598237.25,0.0,0.0,1
5841095000190,2008-11-25,599143.78,2.6391875,599311.65,0.0,0.0,1
5841095000190,2008-11-26,600998.05,2.6471812000000003,601126.87,0.0,0.0,1
5841095000190,2008-11-27,601346.1,2.6485418,601435.85,0.0,0.0,1
5841095000190,2008-11-28,601302.32,2.648177,601353.0,0.0,0.0,1
5841095000190,2008-12-01,600164.34,2.6429937000000003,600175.96,0.0,0.0,1
5841095000190,2008-12-02,600562.39,2.6449937,600630.14,0.0,0.0,1
5841095000190,2008-12-03,598996.7,2.6379269,599025.39,0.0,0.0,1
5841095000190,2008-12-04,598722.75,2.6365486000000002,598712.4,0.0,0.0,1
5841095000190,2008-12-05,599018.73,2.6391974,599313.89,0.0,0.0,1
5841095000190,2008-12-08,600448.45,2.6453289,600706.24,0.0,0.0,1
5841095000190,2008-12-09,600642.74,2.6460197999999995,600863.13,0.0,0.0,1
5841095000190,2008-12-10,601477.1,2.6495293999999996,601660.11,0.0,0.0,1
5841095000190,2008-12-11,602760.23,2.6550152999999996,602905.85,0.0,0.0,1
5841095000190,2008-12-12,603295.53,2.6572077999999997,603403.74,0.0,0.0,1
5841095000190,2008-12-15,602699.74,2.6546144,602814.81,0.0,0.0,1
5841095000190,2008-12-16,603697.06,2.6588472000000003,603776.01,0.0,0.0,1
5841095000190,2008-12-17,604642.23,2.6628504,604685.06,0.0,0.0,1
5841095000190,2008-12-18,605700.31,2.6673507,605707.01,0.0,0.0,1
5841095000190,2008-12-19,605474.25,2.6661961,605444.8,0.0,0.0,1
5841095000190,2008-12-22,606130.47,2.6689267000000005,606064.88,0.0,0.0,1
5841095000190,2008-12-23,606593.16,2.6708051,606491.42,0.0,0.0,1
5841095000190,2008-12-24,606850.58,2.6717795,606712.7,0.0,0.0,1
5841095000190,2008-12-26,607424.7,2.6741485000000003,607250.66,0.0,0.0,1
5841095000190,2008-12-29,607797.58,2.6756314,607587.39,0.0,0.0,1
5841095000190,2008-12-30,609743.6,2.6840419,609497.27,0.0,0.0,1
5841095000190,2008-12-31,609974.4,2.6848989,609691.88,0.0,0.0,1
05841095000190,2009-01-02,610665.7,2.6877839,610347.01,0.0,0.0,1
05841095000190,2009-01-05,612464.6,2.6960104,612215.09,0.0,0.0,1
05841095000190,2009-01-06,613865.24,2.702019,613579.54,0.0,0.0,1
05841095000190,2009-01-07,613309.98,2.6994793,613002.83,0.0,0.0,1
05841095000190,2009-01-08,613535.28,2.7018836,613548.8,0.0,0.0,1
05841095000190,2009-01-09,614349.94,2.7066736,614636.51,0.0,0.0,1
05841095000190,2009-01-12,10550.17,2.7050145,614259.77,0.0,0.0,1
05841095000190,2009-01-13,0.0,2.6925694,0.0,0.0,611433.68,1
05841095000190,2009-01-14,0.0,0.0,0.0,0.0,0.0,0
05841095000190,2009-01-15,0.0,0.0,0.0,0.0,0.0,0
05841095000190,2009-01-16,0.0,0.0,0.0,0.0,0.0,0
05841095000190,2009-01-19,0.0,0.0,0.0,0.0,0.0,0
05841095000190,2009-01-20,0.0,0.0,0.0,0.0,0.0,0
05841095000190,2009-01-21,0.0,0.0,0.0,0.0,0.0,0
05841095000190,2009-01-22,0.0,0.0,0.0,0.0,0.0,0
