CNPJ_FUNDO,DT_COMPTC,VL_TOTAL,VL_QUOTA,VL_PATRIM_LIQ,CAPTC_DIA,RESG_DIA,NR_COTST
7645473000195,2006-11-06,50298334.81,0.0,50300000.0,50300000.0,0.0,1
7645473000195,2006-11-07,50324257.48,1.0005,50325170.57,0.0,0.0,1
7645473000195,2006-11-08,50350170.33,1.001001,50350393.62,0.0,0.0,1
7645473000195,2006-11-09,50375592.41,1.0015,50375489.08,0.0,0.0,1
7645473000195,2006-11-10,50401403.99,1.002,50400637.74,0.0,0.0,1
7645473000195,2006-11-13,50426454.59,1.0025,50425792.7,0.0,0.0,1
7645473000195,2006-11-14,50452733.67,1.002999,50450863.36,0.0,0.0,1
7645473000195,2006-11-16,50477733.44,1.003498,50475993.28,0.0,0.0,1
7645473000195,2006-11-17,51003536.72,1.003998,51001143.79,500000.0,0.0,1
7645473000195,2006-11-20,51029740.88,1.004499,51026555.82,0.0,0.0,1
7645473000195,2006-11-21,51055480.38,1.005,51052010.67,0.0,0.0,1
7645473000195,2006-11-22,51081139.0,1.0055,51077402.81,0.0,0.0,1
7645473000195,2006-11-23,51107333.85,1.005999,51102746.58,0.0,0.0,1
7645473000195,2006-11-24,51133319.03,1.0065,51128211.5,0.0,0.0,1
7645473000195,2006-11-27,51159015.75,1.007005,51153879.8,0.0,0.0,1
7645473000195,2006-11-28,51185214.68,1.007508,51179448.83,0.0,0.0,1
7645473000195,2006-11-29,51211031.57,1.0080129999999998,51205094.11,0.0,0.0,1
7645473000195,2006-11-30,51237277.53,1.008518,51179169.21,0.0,51563.22,1
7645473000195,2006-12-01,51213884.03,1.009005,51203893.5,0.0,0.0,1
7645473000195,2006-12-04,51230843.76,1.009495,51228758.6,0.0,0.0,1
7645473000195,2006-12-05,51255908.36,1.009983,51253536.62,0.0,0.0,1
7645473000195,2006-12-06,51281192.5,1.010472,51278342.39,0.0,0.0,1
7645473000195,2006-12-07,51305667.57,1.0109620000000001,51303170.65,0.0,0.0,1
7645473000195,2006-12-08,51330353.82,1.01145,51327946.62,0.0,0.0,1
7645473000195,2006-12-11,51355541.51,1.011938,51352727.9,0.0,0.0,1
7645473000195,2006-12-12,51381077.69,1.012427,50475957.6,0.0,901580.5,1
7645473000195,2006-12-13,50504562.78,1.012925,50500761.81,0.0,0.0,1
7645473000195,2006-12-14,50529234.85,1.013412,50144317.84,0.0,380750.09,1
7645473000195,2006-12-15,50173460.31,1.0139049999999998,50168717.45,0.0,0.0,1
7645473000195,2006-12-18,50198086.46,1.0143950000000002,50192944.63,0.0,0.0,1
7645473000195,2006-12-19,50222917.54,1.0148840000000001,50217141.91,0.0,0.0,1
7645473000195,2006-12-20,50247212.7,1.015376,50241513.16,0.0,0.0,1
7645473000195,2006-12-21,50271387.4,1.015868,49935042.29,0.0,330830.13,1
7645473000195,2006-12-22,49965951.79,1.01636,49959233.45,0.0,0.0,1
7645473000195,2006-12-26,49990803.46,1.01685,49983343.26,0.0,0.0,1
7645473000195,2006-12-27,50005224.67,1.017341,50007742.1,0.0,0.0,1
7645473000195,2006-12-28,50038896.85,1.01783,50031788.23,0.0,0.0,1
7645473000195,2006-12-29,50063536.19,1.0183209999999998,50055801.58,0.0,0.0,1
7645473000195,2007-01-02,50081914.98,1.018811,50079696.67,0.0,0.0,1
7645473000195,2007-01-03,50107060.56,1.019306,49602355.23,0.0,501635.16,1
7645473000195,2007-01-04,49630233.9,1.019803,49626555.78,0.0,0.0,1
7645473000195,2007-01-05,49651749.1,1.0202950000000002,49650520.34,0.0,0.0,1
7645473000195,2007-01-08,49678534.03,1.02079,49674597.8,0.0,0.0,1
7645473000195,2007-01-09,49702864.75,1.021286,49698708.68,0.0,0.0,1
7645473000195,2007-01-10,49722457.39,1.021787,49723091.62,0.0,0.0,1
7645473000195,2007-01-11,49747530.95,1.022283,49747233.09,0.0,0.0,1
7645473000195,2007-01-12,49772815.19,1.022779,49369745.24,0.0,401611.51,1
7645473000195,2007-01-15,49394875.08,1.023279,49393881.25,0.0,0.0,1
7645473000195,2007-01-16,49419220.11,1.023776,49417868.83,0.0,0.0,1
7645473000195,2007-01-17,49443673.04,1.024275,49441965.9,0.0,0.0,1
7645473000195,2007-01-18,49468075.63,1.024773,49466012.5,0.0,0.0,1
7645473000195,2007-01-19,49492133.76,1.02527,49489997.7,0.0,0.0,1
7645473000195,2007-01-22,49517326.83,1.025767,49513972.6,0.0,0.0,1
7645473000195,2007-01-23,49541149.6,1.026266,49538059.57,0.0,0.0,1
7645473000195,2007-01-24,49565982.71,1.026763,49562082.32,0.0,0.0,1
7645473000195,2007-01-25,49590296.16,1.027261,49586100.41,0.0,0.0,1
7645473000195,2007-01-26,49614147.63,1.027749,49609663.69,0.0,0.0,1
7645473000195,2007-01-29,49637678.55,1.028239,49633341.27,0.0,0.0,1
7645473000195,2007-01-30,49662352.74,1.028729,49656985.68,0.0,0.0,1
7645473000195,2007-01-31,49686079.82,1.029219,47669793.32,0.0,2010849.29,1
7645473000195,2007-02-01,47692387.93,1.0297290000000001,47693386.15,0.0,0.0,1
7645473000195,2007-02-02,47715126.37,1.0302200000000001,47565294.95,0.0,150846.06,1
7645473000195,2007-02-05,47587626.23,1.030708,47587843.52,0.0,0.0,1
7645473000195,2007-02-06,47610724.22,1.031198,47610435.92,0.0,0.0,1
7645473000195,2007-02-07,47633143.27,1.031686,47632990.61,0.0,0.0,1
7645473000195,2007-02-08,47656079.41,1.0321770000000001,47655646.22,0.0,0.0,1
7645473000195,2007-02-09,47678773.9,1.032667,47678268.51,0.0,0.0,1
7645473000195,2007-02-12,47701598.18,1.033158,47459451.43,0.0,241505.21,1
7645473000195,2007-02-13,47483509.25,1.033654,47482203.43,0.0,0.0,1
7645473000195,2007-02-14,47506013.06,1.034145,47504786.99,0.0,0.0,1
7645473000195,2007-02-15,47528692.41,1.034637,47527354.05,0.0,0.0,1
7645473000195,2007-02-16,47551872.77,1.0351290000000002,47549970.6,0.0,0.0,1
7645473000195,2007-02-21,47574637.06,1.035622,47572634.11,0.0,0.0,1
7645473000195,2007-02-22,47597668.44,1.036114,47272990.96,0.0,322209.32,1
7645473000195,2007-02-23,47298794.71,1.0366090000000001,47295587.58,0.0,0.0,1
7645473000195,2007-02-26,47321491.89,1.037101,47318040.12,0.0,0.0,1
7645473000195,2007-02-27,47343860.41,1.037595,47340577.52,0.0,0.0,1
7645473000195,2007-02-28,47867265.24,1.0380850000000001,47862925.78,500000.0,0.0,1
7645473000195,2007-03-01,47884323.2,1.0385799999999998,47885766.01,0.0,0.0,1
7645473000195,2007-03-02,47907117.49,1.039074,47908550.3,0.0,0.0,1
7645473000195,2007-03-05,47930877.15,1.03957,47931407.59,0.0,0.0,1
7645473000195,2007-03-06,47954114.13,1.040065,47954240.45,0.0,0.0,1
7645473000195,2007-03-07,47976626.67,1.040556,47976851.83,0.0,0.0,1
7645473000195,2007-03-08,48000538.59,1.041052,47999758.54,0.0,0.0,1
7645473000195,2007-03-09,48022457.77,1.041538,47820515.98,0.0,201611.44,1
7645473000195,2007-03-12,47843606.81,1.042026,47842960.91,0.0,0.0,1
7645473000195,2007-03-13,47866515.61,1.042514,47865346.95,0.0,0.0,1
7645473000195,2007-03-14,47889395.3,1.042997,47635441.71,0.0,252091.44,1
7645473000195,2007-03-15,47659590.44,1.043487,45640851.4,0.0,2016938.48,1
7645473000195,2007-03-16,45666022.65,1.043999,45663283.28,0.0,0.0,1
7645473000195,2007-03-19,45686921.32,1.0444870000000002,45684598.85,0.0,0.0,1
7645473000195,2007-03-20,45708854.47,1.044976,45706002.52,0.0,0.0,1
7645473000195,2007-03-21,45730450.31,1.045468,45475303.13,0.0,252221.71,1
7645473000195,2007-03-22,45499880.84,1.045957,45496576.63,0.0,0.0,1
7645473000195,2007-03-23,45521508.79,1.046446,45517853.21,0.0,0.0,1
7645473000195,2007-03-26,45542799.56,1.046934,44984005.28,0.0,555057.28,1
7645473000195,2007-03-27,45009764.47,1.04743,45005585.34,0.0,0.0,1
7645473000195,2007-03-28,45031251.05,1.047919,45026335.46,0.0,0.0,1
7645473000195,2007-03-29,45052113.33,1.048408,44845435.62,0.0,201900.86,1
7645473000195,2007-03-30,44872058.37,1.0489,43554011.99,0.0,1312489.54,1
7645473000195,2007-04-02,43573835.57,1.049402,43574848.44,0.0,0.0,1
7645473000195,2007-04-03,43594875.24,1.049891,43595155.1,0.0,0.0,1
7645473000195,2007-04-04,43615041.51,1.050383,43615585.42,0.0,0.0,1
7645473000195,2007-04-05,43636288.37,1.050872,43580306.38,0.0,55551.08,1
7645473000195,2007-04-09,43601149.45,1.05136,43600590.93,0.0,0.0,1
7645473000195,2007-04-10,43618002.57,1.051851,43620944.78,0.0,0.0,1
7645473000195,2007-04-11,43638004.69,1.052342,43641332.4,0.0,0.0,1
7645473000195,2007-04-12,43658704.12,1.052833,43661667.32,0.0,0.0,1
7645473000195,2007-04-13,43680210.67,1.053325,42267326.33,0.0,1414743.27,1
7645473000195,2007-04-16,42286020.16,1.053831,42287613.93,0.0,0.0,1
7645473000195,2007-04-17,42305080.93,1.054319,41347003.73,0.0,960200.66,1
7645473000195,2007-04-18,41365504.18,1.05482,41366657.12,0.0,0.0,1
7645473000195,2007-04-19,41385136.24,1.055311,41284793.33,0.0,101094.34,1
7645473000195,2007-04-20,41303134.99,1.055795,41303788.68,0.0,0.0,1
7645473000195,2007-04-23,41322046.17,1.056274,41322539.73,0.0,0.0,1
7645473000195,2007-04-24,41341734.22,1.056757,41341429.54,0.0,0.0,1
7645473000195,2007-04-25,271360328.34,1.056642,271336914.42,230000000.0,0.0,1
7645473000195,2007-04-26,271252374.05,1.0570950000000001,271453295.04,0.0,0.0,1
7645473000195,2007-04-27,271519257.49,1.0576969999999999,271608009.98,0.0,0.0,1
7645473000195,2007-04-30,271752587.06,1.058187,271733898.19,0.0,0.0,1
7645473000195,2007-05-02,271957548.94,1.058649,270335020.69,0.0,1517451.13,1
7645473000195,2007-05-03,270512431.34,1.059181,270470821.84,0.0,0.0,1
7645473000195,2007-05-04,270677506.54,1.0596450000000002,270589314.12,0.0,0.0,1
7645473000195,2007-05-07,270726673.38,1.060155,270315394.96,0.0,404197.52,1
7645473000195,2007-05-08,270415797.63,1.060629,270436206.85,0.0,0.0,1
7645473000195,2007-05-09,270621201.54,1.061122,270561758.05,0.0,0.0,1
7645473000195,2007-05-10,270631602.68,1.061564,270472304.3,0.0,202150.17,1
7645473000195,2007-05-11,270623347.33,1.062068,255438047.24,0.0,15162640.05,1
7645473000195,2007-05-14,255592052.9,1.06263,255512744.88,0.0,60656.7,1
7645473000195,2007-05-15,255736928.96,1.063175,255643647.02,0.0,0.0,1
7645473000195,2007-05-16,255939808.8,1.063666,255761888.1,0.0,0.0,1
7645473000195,2007-05-17,255915113.91,1.064135,255874464.52,0.0,0.0,1
7645473000195,2007-05-18,255955001.85,1.064651,255644677.36,0.0,353959.24,1
7645473000195,2007-05-21,255810079.96,1.0651700000000002,255769257.39,0.0,0.0,1
7645473000195,2007-05-22,255888831.78,1.065688,255893727.55,0.0,0.0,1
7645473000195,2007-05-23,255961230.2,1.066213,253945889.16,0.0,2073769.94,1
7645473000195,2007-05-24,253878889.34,1.066641,254048020.42,0.0,0.0,1
7645473000195,2007-05-25,254277121.43,1.067159,253968924.17,0.0,202353.23,1
7645473000195,2007-05-28,254128209.95,1.067665,254089324.38,0.0,0.0,1
7645473000195,2007-05-29,254141501.29,1.0681770000000002,252895698.8,0.0,1315534.94,1
7645473000195,2007-05-30,253054405.31,1.068697,253018782.8,0.0,0.0,1
7645473000195,2007-05-31,253214798.68,1.069174,252345635.44,0.0,786146.85,1
7645473000195,2007-06-01,252614477.44,1.069647,250952131.72,0.0,1505043.22,1
7645473000195,2007-06-04,250895363.85,1.070114,251061614.45,0.0,0.0,1
7645473000195,2007-06-05,251105934.24,1.0705870000000002,226200430.6,0.0,24972276.88,1
7645473000195,2007-06-06,226235621.34,1.071123,226313641.49,0.0,0.0,1
7645473000195,2007-06-08,226653793.42,1.071649,226424689.23,0.0,0.0,1
7645473000195,2007-06-11,226576625.11,1.072099,226519871.99,0.0,0.0,1
7645473000195,2007-06-12,226525047.5,1.072603,221618305.28,0.0,5007998.4,1
7645473000195,2007-06-13,221714431.92,1.073105,221722118.46,0.0,0.0,1
7645473000195,2007-06-14,221911194.24,1.073583,221035456.46,0.0,785414.57,1
7645473000195,2007-06-15,221150332.27,1.074056,221132903.44,0.0,0.0,1
7645473000195,2007-06-18,221234706.7,1.074531,140068413.86,0.0,81162159.54,1
7645473000195,2007-06-19,140174131.9,1.075301,139266651.37,0.0,901946.09,1
7645473000195,2007-06-20,139294988.0,1.075785,139329524.9,0.0,0.0,1
7645473000195,2007-06-21,139415330.03,1.076259,139390850.89,0.0,0.0,1
7645473000195,2007-06-22,139424349.55,1.07676,139455842.73,0.0,0.0,1
7645473000195,2007-06-25,139464062.5,1.0772059999999999,139313100.82,0.0,200511.65,1
7645473000195,2007-06-26,139452996.11,1.0777649999999999,139385296.9,0.0,0.0,1
7645473000195,2007-06-27,139498729.91,1.07828,139451892.26,0.0,0.0,1
7645473000195,2007-06-28,139550130.65,1.078792,139016661.04,0.0,501443.55,1
7645473000195,2007-06-29,139102442.57,1.0792469999999998,138187714.47,0.0,887638.44,1
7645473000195,2007-07-02,138236990.49,1.079724,138248786.56,0.0,0.0,1
7645473000195,2007-07-03,138291712.06,1.080176,138306682.88,0.0,0.0,1
7645473000195,2007-07-04,138288044.82,1.080591,137858211.03,0.0,501629.58,1
7645473000195,2007-07-05,137933432.6,1.081141,137928356.78,0.0,0.0,1
7645473000195,2007-07-06,138049812.86,1.081655,137993874.16,0.0,0.0,1
7645473000195,2007-07-09,138111534.74,1.082131,138054642.78,0.0,0.0,1
7645473000195,2007-07-10,138093274.21,1.082624,137916822.45,0.0,200735.69,1
7645473000195,2007-07-11,137997486.21,1.083137,137982075.48,0.0,0.0,1
7645473000195,2007-07-12,138084653.3,1.083613,138042784.46,0.0,0.0,1
7645473000195,2007-07-13,137403737.33,1.084145,137407806.73,0.0,702793.97,1
7645473000195,2007-07-16,137449071.24,1.084602,137465646.82,0.0,0.0,1
7645473000195,2007-07-17,135231740.56,1.085108,135220108.86,0.0,2309635.02,1
7645473000195,2007-07-18,135288900.83,1.0856,135281460.59,0.0,0.0,1
7645473000195,2007-07-19,135288883.77,1.086039,135336145.22,0.0,0.0,1
7645473000195,2007-07-20,135066967.97,1.08648,135089834.38,0.0,301341.13,1
7645473000195,2007-07-23,135137232.43,1.086864,135137603.52,0.0,0.0,1
7645473000195,2007-07-24,134985315.32,1.087382,135000985.55,0.0,200931.01,1
7645473000195,2007-07-25,133548771.37,1.0878290000000002,133549392.38,0.0,1507119.67,1
7645473000195,2007-07-26,133485983.7,1.088263,133602637.97,0.0,0.0,1
7645473000195,2007-07-27,133705032.67,1.088707,133657127.3,0.0,0.0,1
7645473000195,2007-07-30,133736535.36,1.089164,133713320.12,0.0,0.0,1
7645473000195,2007-07-31,132064844.9,1.089615,132060018.97,0.0,1708688.82,1
7645473000195,2007-08-01,132072584.57,1.090051,132112871.47,0.0,0.0,1
7645473000195,2007-08-02,132190074.55,1.090537,132171761.29,0.0,0.0,1
7645473000195,2007-08-03,132169136.19,1.090989,132226547.89,0.0,0.0,1
7645473000195,2007-08-06,132278023.38,1.091474,132285226.48,0.0,0.0,1
7645473000195,2007-08-07,132354059.77,1.091913,132338535.83,0.0,0.0,1
7645473000195,2007-08-08,132420523.73,1.092357,132392241.74,0.0,0.0,1
7645473000195,2007-08-09,132101746.24,1.092816,132146243.38,0.0,301728.68,1
7645473000195,2007-08-10,131780395.75,1.093302,131802680.0,0.0,402344.34,1
7645473000195,2007-08-13,131881061.99,1.093758,131857574.09,0.0,0.0,1
7645473000195,2007-08-14,131449896.66,1.094215,131510224.15,0.0,402418.37,1
7645473000195,2007-08-15,131500271.85,1.0947040000000001,131569067.94,0.0,0.0,1
7645473000195,2007-08-16,131280829.19,1.095098,131616408.47,0.0,0.0,1
7645473000195,2007-08-17,130627237.51,1.095361,130440436.41,0.0,1207533.44,1
7645473000195,2007-08-20,130468705.02,1.095923,130502406.04,0.0,5031.96,1
7645473000195,2007-08-21,130159364.1,1.096362,130151998.44,0.0,402592.06,1
7645473000195,2007-08-22,130263255.88,1.096839,130208633.78,0.0,0.0,1
7645473000195,2007-08-23,129952860.34,1.097352,129967530.92,0.0,302003.98,1
7645473000195,2007-08-24,129198130.1,1.097867,129082202.89,0.0,946376.73,1
7645473000195,2007-08-27,129185284.16,1.098308,129134020.96,0.0,0.0,1
7645473000195,2007-08-28,128641076.26,1.098776,128685544.84,0.0,503483.41,1
7645473000195,2007-08-29,124442262.97,1.099301,124366286.67,0.0,4380765.08,1
7645473000195,2007-08-30,124037447.16,1.099736,124012699.85,0.0,402863.95,1
7645473000195,2007-08-31,124128291.8,1.100217,124066928.0,0.0,0.0,1
7645473000195,2007-09-03,123308691.5,1.10069,123243868.24,0.0,876395.79,1
7645473000195,2007-09-04,123224761.0,1.101238,123204481.75,0.0,100746.14,1
7645473000195,2007-09-05,123111544.65,1.101712,123207065.48,0.0,50377.82,1
7645473000195,2007-09-06,123193155.44,1.1021729999999998,123167913.74,0.0,90688.39,1
7645473000195,2007-09-10,122730886.87,1.102658,122794824.87,0.0,427284.28,1
7645473000195,2007-09-11,122888232.21,1.103112,122845427.16,0.0,0.0,1
7645473000195,2007-09-12,122548499.16,1.103575,122493770.67,0.0,403171.74,1
7645473000195,2007-09-13,122158586.74,1.10406,122194837.63,0.0,352809.19,1
7645473000195,2007-09-14,122290153.28,1.104492,122242620.21,0.0,0.0,1
7645473000195,2007-09-17,119613184.01,1.104974,119644448.25,0.0,2651588.89,1
7645473000195,2007-09-18,118916981.44,1.105457,118789235.39,0.0,907474.52,1
7645473000195,2007-09-19,118905026.54,1.105935,118840563.67,0.0,0.0,1
7645473000195,2007-09-20,118299619.13,1.106414,118287029.61,0.0,605097.41,1
7645473000195,2007-09-21,118391056.05,1.106882,118337020.76,0.0,0.0,1
7645473000195,2007-09-24,117756006.49,1.107308,117777359.68,0.0,605204.13,1
7645473000195,2007-09-25,117877882.05,1.10775,117824396.95,0.0,0.0,1
7645473000195,2007-09-26,117363485.83,1.108233,117371229.89,0.0,504428.68,1
7645473000195,2007-09-27,117116224.32,1.108685,117116536.16,0.0,302684.12,1
7645473000195,2007-09-28,117096100.79,1.109094,117058746.14,0.0,100902.82,1
7645473000195,2007-10-01,116782938.34,1.109557,116754414.57,0.0,353192.01,1
7645473000195,2007-10-02,116002696.09,1.110035,115997413.26,0.0,807371.79,1
7645473000195,2007-10-03,115166131.91,1.11049,115188119.79,0.0,856849.33,1
7645473000195,2007-10-04,115207759.21,1.110933,115234288.62,0.0,0.0,1
7645473000195,2007-10-05,115052894.6,1.111445,115034769.76,0.0,252373.43,1
7645473000195,2007-10-08,114942549.25,1.111867,114957225.62,0.0,121149.26,1
7645473000195,2007-10-09,114867351.29,1.112326,114802731.55,0.0,201933.56,1
7645473000195,2007-10-10,114065065.52,1.112768,114091176.2,0.0,757316.26,1
7645473000195,2007-10-11,113411980.72,1.11321,113429659.58,0.0,706889.54,1
7645473000195,2007-10-15,113405318.88,1.113713,113379909.18,0.0,100994.14,1
7645473000195,2007-10-16,113414755.42,1.114123,113421539.62,0.0,0.0,1
7645473000195,2007-10-17,113207122.03,1.114585,113216148.71,0.0,252528.27,1
7645473000195,2007-10-18,109368583.94,1.115054,109424917.25,0.0,3838780.32,1
7645473000195,2007-10-19,96148448.55,1.115478,96231615.81,0.0,13234782.16,1
7645473000195,2007-10-22,96084558.72,1.1159430000000001,96271692.77,0.0,0.0,1
7645473000195,2007-10-23,96427389.68,1.116356,96307232.21,0.0,0.0,1
7645473000195,2007-10-24,96266318.86,1.116839,96348876.95,0.0,0.0,1
7645473000195,2007-10-25,96400428.15,1.117348,96393075.71,0.0,0.0,1
7645473000195,2007-10-26,96508430.11,1.1178059999999999,96432552.2,0.0,0.0,1
7645473000195,2007-10-29,96538075.58,1.1181649999999999,96463457.65,0.0,0.0,1
7645473000195,2007-10-30,96510571.43,1.118708,96510235.67,0.0,0.0,1
7645473000195,2007-10-31,96548181.9,1.119145,96548115.86,0.0,0.0,1
7645473000195,2007-11-01,96537125.77,1.1196549999999998,96586074.62,0.0,0.0,1
7645473000195,2007-11-05,96138248.06,1.120133,96173076.58,0.0,454389.0,1
7645473000195,2007-11-06,95245629.52,1.1206040000000002,95209373.21,0.0,1009834.91,1
7645473000195,2007-11-07,95135897.81,1.121045,95246772.78,0.0,0.0,1
7645473000195,2007-11-08,94469106.27,1.121507,94578940.94,0.0,706993.81,1
7645473000195,2007-11-09,93937243.88,1.121951,93858754.9,0.0,757550.93,1
7645473000195,2007-11-12,93166803.52,1.122415,93241358.98,0.0,656596.24,1
7645473000195,2007-11-13,92248570.1,1.1229129999999998,92272531.37,0.0,1010234.03,1
7645473000195,2007-11-14,92203085.75,1.123364,92107479.19,0.0,202062.37,1
7645473000195,2007-11-16,92143709.84,1.123809,92143901.51,0.0,0.0,1
7645473000195,2007-11-19,92169810.61,1.124298,92183989.66,0.0,0.0,1
7645473000195,2007-11-20,92208995.44,1.124778,92223022.43,0.0,0.0,1
7645473000195,2007-11-21,90579591.99,1.125242,90543430.86,0.0,1718079.94,1
7645473000195,2007-11-22,89777028.3,1.125715,89772921.92,0.0,808573.26,1
7645473000195,2007-11-23,89008095.06,1.12616,88999797.01,0.0,808634.43,1
7645473000195,2007-11-26,89034472.07,1.126624,89036438.86,0.0,0.0,1
7645473000195,2007-11-27,89015033.7,1.127054,89070427.06,0.0,0.0,1
7645473000195,2007-11-28,88406006.6,1.127594,88405320.38,0.0,707727.36,1
7645473000195,2007-11-29,87030202.65,1.128044,87126190.44,0.0,1314451.06,1
7645473000195,2007-11-30,76061626.58,1.128529,76042463.65,0.0,11121160.81,1
7645473000195,2007-12-03,76041791.12,1.128918,76068674.4,0.0,0.0,1
7645473000195,2007-12-04,73262099.7,1.129436,73294119.45,0.0,2809466.02,1
7645473000195,2007-12-05,73264968.79,1.129845,73320683.6,0.0,0.0,1
7645473000195,2007-12-06,73343370.75,1.130398,73356527.44,0.0,0.0,1
7645473000195,2007-12-07,73422860.75,1.130847,73385714.25,0.0,0.0,1
7645473000195,2007-12-10,72543340.92,1.131282,72610941.71,0.0,802963.09,1
7645473000195,2007-12-11,72269750.34,1.131802,72222734.51,0.0,421593.79,1
7645473000195,2007-12-12,71820946.27,1.132241,71849206.71,0.0,401548.56,1
7645473000195,2007-12-13,71551821.23,1.132809,71684446.15,0.0,200794.1,1
7645473000195,2007-12-14,71763560.23,1.133175,71707541.11,0.0,0.0,1
7645473000195,2007-12-17,67738473.55,1.133724,67725722.63,0.0,4016520.08,1
7645473000195,2007-12-18,67587569.49,1.1342430000000001,67555974.34,0.0,200844.08,1
7645473000195,2007-12-19,67074016.51,1.1347120000000002,67031572.38,0.0,552366.11,1
7645473000195,2007-12-20,66954622.57,1.135216,67061320.1,0.0,0.0,1
7645473000195,2007-12-21,67081015.54,1.13574,67092282.94,0.0,0.0,1
7645473000195,2007-12-24,67106469.34,1.136259,67122936.02,0.0,0.0,1
7645473000195,2007-12-26,57069655.24,1.136727,57103994.07,0.0,10046520.68,1
7645473000195,2007-12-27,57145317.3,1.137218,57128727.36,0.0,0.0,1
7645473000195,2007-12-28,55969029.62,1.137717,55948010.15,0.0,1205788.42,1
7645473000195,2007-12-31,55992621.12,1.1381,55966856.57,0.0,0.0,1
7645473000195,2008-01-02,55922721.1,1.138569,55889393.85,0.0,100497.12,1
7645473000195,2008-01-03,55952413.84,1.13907,55914026.14,0.0,0.0,1
7645473000195,2008-01-04,55795123.59,1.1394959999999998,55834495.04,0.0,100513.15,1
7645473000195,2008-01-07,54345951.69,1.140014,54351979.74,0.0,1507831.43,1
7645473000195,2008-01-08,53190705.54,1.140475,53167570.04,0.0,1206360.63,1
7645473000195,2008-01-09,53171410.9,1.140856,53185357.61,0.0,0.0,1
7645473000195,2008-01-10,53179021.48,1.141416,53211389.25,0.0,0.0,1
7645473000195,2008-01-11,53260948.53,1.141868,53232508.16,0.0,0.0,1
7645473000195,2008-01-14,53246383.34,1.142277,53251555.25,0.0,0.0,1
7645473000195,2008-01-15,53291744.99,1.142757,53273951.18,0.0,0.0,1
7645473000195,2008-01-16,52259809.48,1.143175,52287671.14,0.0,1005765.55,1
7645473000195,2008-01-17,50992016.31,1.143677,51003065.3,0.0,1307607.35,1
7645473000195,2008-01-18,50336644.47,1.144042,50315157.82,0.0,704140.15,1
7645473000195,2008-01-21,50239871.57,1.144472,50334067.48,0.0,0.0,1
7645473000195,2008-01-22,50387257.21,1.144887,50352327.43,0.0,0.0,1
7645473000195,2008-01-23,50355696.48,1.145338,50372188.25,0.0,0.0,1
7645473000195,2008-01-24,50471787.65,1.145915,50397534.63,0.0,0.0,1
7645473000195,2008-01-25,49991082.22,1.146336,49912885.16,0.0,503153.86,1
7645473000195,2008-01-28,49970146.88,1.146806,49933371.02,0.0,0.0,1
7645473000195,2008-01-29,49943499.64,1.147318,49955642.51,0.0,0.0,1
7645473000195,2008-01-30,49985709.27,1.147755,49974669.77,0.0,0.0,1
7645473000195,2008-01-31,49974476.16,1.148201,49994115.42,0.0,0.0,1
7645473000195,2008-02-01,50013048.18,1.148687,50015283.46,0.0,0.0,1
7645473000195,2008-02-06,50018467.63,1.149167,50036119.26,0.0,0.0,1
7645473000195,2008-02-07,50085482.07,1.149677,50058237.42,0.0,0.0,1
7645473000195,2008-02-08,50104994.57,1.150142,50078445.21,0.0,0.0,1
7645473000195,2008-02-11,50131057.84,1.150621,50099471.89,0.0,0.0,1
7645473000195,2008-02-12,50144592.85,1.151053,50118245.47,0.0,0.0,1
7645473000195,2008-02-13,50183714.89,1.151577,50141041.0,0.0,0.0,1
7645473000195,2008-02-14,50147559.56,1.1520549999999998,50161786.54,0.0,0.0,1
7645473000195,2008-02-15,50056227.34,1.152567,50083496.25,0.0,100736.94,1
7645473000195,2008-02-18,50151713.83,1.153086,50106022.61,0.0,0.0,1
7645473000195,2008-02-19,50103872.09,1.153559,50126527.96,0.0,0.0,1
7645473000195,2008-02-20,50162455.28,1.154037,50147294.74,0.0,0.0,1
7645473000195,2008-02-21,50177676.91,1.154495,50167168.1,0.0,0.0,1
7645473000195,2008-02-22,50177555.96,1.15491,50185243.38,0.0,0.0,1
7645473000195,2008-02-25,50179825.07,1.155385,50205876.14,0.0,0.0,1
7645473000195,2008-02-26,50240733.71,1.155865,50226732.9,0.0,0.0,1
7645473000195,2008-02-27,50245308.68,1.1562379999999999,50242979.65,0.0,0.0,1
7645473000195,2008-02-28,50257882.71,1.15673,50264380.91,0.0,0.0,1
7645473000195,2008-02-29,50278266.94,1.157176,50283753.03,0.0,0.0,1
7645473000195,2008-03-03,50333179.79,1.157684,50305755.32,0.0,0.0,1
7645473000195,2008-03-04,50308950.61,1.158119,50324574.15,0.0,0.0,1
7645473000195,2008-03-05,50360483.35,1.158633,50346928.31,0.0,0.0,1
7645473000195,2008-03-06,50302864.7,1.159156,50369639.09,0.0,0.0,1
7645473000195,2008-03-07,50332449.46,1.159637,50390616.09,0.0,0.0,1
7645473000195,2008-03-10,50348257.84,1.160182,50414300.92,0.0,0.0,1
7645473000195,2008-03-11,50486604.89,1.16066,50435059.73,0.0,0.0,1
7645473000195,2008-03-12,50431440.2,1.161101,50454227.59,0.0,0.0,1
7645473000195,2008-03-13,50420697.11,1.161597,50475854.97,0.0,0.0,1
7645473000195,2008-03-14,48530565.5,1.162093,48580379.49,0.0,1917052.23,1
7645473000195,2008-03-17,46729442.64,1.1626379999999998,46736478.61,0.0,1866772.21,1
7645473000195,2008-03-18,46788767.72,1.163,46750923.81,0.0,0.0,1
7645473000195,2008-03-19,46481637.23,1.163439,46516258.14,0.0,252300.0,1
7645473000195,2008-03-20,45987496.7,1.163984,45982959.18,0.0,555110.06,1
7645473000195,2008-03-24,45630394.87,1.164444,45647865.92,0.0,353278.73,1
7645473000195,2008-03-25,45223100.53,1.164963,45224019.35,0.0,444159.93,1
7645473000195,2008-03-26,42722145.9,1.165446,42718933.93,0.0,2523837.22,1
7645473000195,2008-03-27,41614392.99,1.165885,41624471.05,0.0,1110568.82,1
7645473000195,2008-03-28,41663869.85,1.1663940000000002,41642625.3,0.0,0.0,1
7645473000195,2008-03-31,40125018.91,1.166839,40143881.42,0.0,1514650.19,1
7645473000195,2008-04-01,40183182.21,1.1673790000000002,40162392.26,0.0,0.0,1
7645473000195,2008-04-02,40195400.48,1.167915,40180832.68,0.0,0.0,1
7645473000195,2008-04-03,38402388.13,1.168423,38380240.47,0.0,1818053.9,1
7645473000195,2008-04-04,37899833.13,1.168891,37890564.8,0.0,505053.79,1
7645473000195,2008-04-07,36459477.03,1.169384,36492290.92,0.0,1414265.05,1
7645473000195,2008-04-08,35920592.18,1.169837,35910360.57,0.0,596055.98,1
7645473000195,2008-04-09,34371105.72,1.170299,34409033.91,0.0,1515511.3,1
7645473000195,2008-04-10,31800740.65,1.1707809999999998,31796122.87,0.0,2627093.62,1
7645473000195,2008-04-11,31594533.8,1.171226,31606109.31,0.0,202098.84,1
7645473000195,2008-04-14,30756679.21,1.171699,30759881.06,0.0,858986.52,1
7645473000195,2008-04-15,26968844.17,1.172129,26981243.86,0.0,3789912.72,1
7645473000195,2008-04-16,26272905.35,1.1725,26282288.92,0.0,707493.24,1
7645473000195,2008-04-17,25990809.98,1.173023,25990842.9,0.0,303237.27,1
7645473000195,2008-04-18,24962764.95,1.173593,24992521.83,0.0,1010884.86,1
7645473000195,2008-04-22,24001425.93,1.174093,24045186.72,0.0,957984.52,1
7645473000195,2008-04-23,24085736.51,1.174611,24055789.29,0.0,0.0,1
7645473000195,2008-04-24,22710548.1,1.175122,22724888.16,0.0,1341375.74,1
7645473000195,2008-04-25,22380209.91,1.175643,22381924.64,0.0,353019.89,1
7645473000195,2008-04-28,22262272.07,1.17616,22290904.86,0.0,100870.27,1
7645473000195,2008-04-29,21290163.08,1.1767530000000002,21293348.09,0.0,1008788.0,1
7645473000195,2008-04-30,21331817.09,1.177265,21302685.86,0.0,0.0,1
7645473000195,2008-05-02,21319639.18,1.177681,21310194.66,0.0,0.0,1
7645473000195,2008-05-05,20594570.64,1.178207,20613403.99,0.0,706297.82,1
7645473000195,2008-05-06,20479206.08,1.178728,20521655.11,0.0,100907.16,1
7645473000195,2008-05-07,18788213.91,1.179227,18814795.56,0.0,1715543.37,1
7645473000195,2008-05-08,16594554.34,1.179731,16602565.11,0.0,2220273.79,1
7645473000195,2008-05-09,16584773.16,1.180227,16609543.91,0.0,0.0,1
7645473000195,2008-05-12,15113866.12,1.180718,15102416.65,0.0,1514034.9,1
7645473000195,2008-05-13,14550910.52,1.18124,14553906.04,0.0,555187.17,1
7645473000195,2008-05-14,14535055.52,1.181746,14560137.58,0.0,0.0,1
7645473000195,2008-05-15,13057198.93,1.1822469999999998,13051944.13,0.0,1514362.52,1
7645473000195,2008-05-16,11861177.54,1.182739,11845809.72,0.0,1211574.24,1
7645473000195,2008-05-19,10377904.17,1.183217,10386505.69,0.0,1464084.34,1
7645473000195,2008-05-20,6954192.11,1.183666,6957207.21,0.0,3433242.81,1
7645473000195,2008-05-21,6265398.83,1.183975,6272343.2,0.0,686678.48,1
7645473000195,2008-05-23,6272951.17,1.1845139999999998,6275198.06,0.0,0.0,1
7645473000195,2008-05-26,6172111.35,1.184988,6176710.32,0.0,100996.54,1
7645473000195,2008-05-27,6073124.71,1.185523,6078498.35,0.0,101004.14,1
7645473000195,2008-05-28,5427040.02,1.186016,5424451.37,0.0,656572.41,1
7645473000195,2008-05-29,5435405.89,1.186555,5426918.72,0.0,0.0,1
7645473000195,2008-05-30,3216404.77,1.187052,3233046.06,0.0,2196142.5,1
7645473000195,2008-06-02,2216916.27,1.1874870000000002,2221293.54,0.0,1012879.27,1
7645473000195,2008-06-03,1808233.22,1.1878950000000001,1810864.76,0.0,411193.2,1
7645473000195,2008-06-04,1808850.01,1.1883489999999999,1811556.57,0.0,0.0,1
7645473000195,2008-06-05,1569125.11,1.1888040000000002,1571519.53,0.0,240730.22,1
7645473000195,2008-06-06,1569563.16,1.1892770000000001,1572145.44,0.0,0.0,1
7645473000195,2008-06-09,1570370.84,1.1897209999999998,1572741.29,0.0,0.0,1
7645473000195,2008-06-10,1570710.91,1.190191,1573362.6,0.0,0.0,1
7645473000195,2008-06-11,1570652.01,1.190662,1573978.68,0.0,0.0,1
7645473000195,2008-06-12,1572404.15,1.191135,1574604.85,0.0,0.0,1
7645473000195,2008-06-13,1570597.24,1.191604,1575224.33,0.0,0.0,1
7645473000195,2008-06-16,1571308.8,1.192067,1575841.66,0.0,0.0,1
7645473000195,2008-06-17,1572022.2,1.192534,1576458.09,0.0,0.0,1
7645473000195,2008-06-18,1575373.62,1.193001,1577076.37,0.0,0.0,1
7645473000195,2008-06-19,1073344.89,1.193474,1075840.78,0.0,501860.03,1
7645473000195,2008-06-20,702778.98,1.193915,704887.09,0.0,371400.01,1
7645473000195,2008-06-23,703375.84,1.194297,705112.35,0.0,0.0,1
7645473000195,2008-06-24,703632.93,1.1946780000000001,705337.38,0.0,0.0,1
7645473000195,2008-06-25,703968.11,1.195062,705564.44,0.0,0.0,1
7645473000195,2008-06-26,558263.29,1.195447,560210.82,0.0,145580.72,1
7645473000195,2008-06-27,558524.85,1.1957950000000002,560369.45,0.0,0.0,1
7645473000195,2008-06-30,558512.77,1.196149,560539.62,0.0,0.0,1
07645473000195,2008-07-01,357886.97,1.196574,359900.88,0.0,200833.47,1
07645473000195,2008-07-02,358527.64,1.19695,360018.51,0.0,0.0,1
07645473000195,2008-07-03,157292.42,1.197319,159274.36,0.0,200854.91,1
07645473000195,2008-07-04,125949.15,1.197452,129163.2,0.0,30128.81,1
07645473000195,2008-07-07,45499.52,1.197488,48823.18,0.0,80343.91,1
07645473000195,2008-07-08,46876.61,1.196364,48777.34,0.0,0.0,1
07645473000195,2008-07-09,45555.52,1.195594,48745.94,0.0,0.0,1
07645473000195,2008-07-10,45512.56,1.194805,48713.76,0.0,0.0,1
07645473000195,2008-07-11,45389.73,1.194019,48681.73,0.0,0.0,1
07645473000195,2008-07-14,45383.91,1.193232,48654.16,0.0,0.0,1
07645473000195,2008-07-15,45490.63,1.192553,48626.48,0.0,0.0,1
07645473000195,2008-07-16,45654.22,1.191878,48598.98,0.0,0.0,1
07645473000195,2008-07-17,45541.91,1.191206,48572.24,0.0,0.0,1
07645473000195,2008-07-18,45687.17,1.190525,48544.47,0.0,0.0,1
07645473000195,2008-07-21,0.0,1.086501,0.0,0.0,44298.04,0
07645473000195,2008-07-22,0.0,0.0,0.0,0.0,0.0,0
07645473000195,2008-07-23,0.0,0.0,0.0,0.0,0.0,0
07645473000195,2008-07-24,0.0,0.0,0.0,0.0,0.0,0
07645473000195,2008-07-25,0.0,0.0,0.0,0.0,0.0,0
07645473000195,2008-07-28,0.0,0.0,0.0,0.0,0.0,0
07645473000195,2008-07-29,0.0,0.0,0.0,0.0,0.0,0
