CNPJ_FUNDO,DT_COMPTC,VL_TOTAL,VL_QUOTA,VL_PATRIM_LIQ,CAPTC_DIA,RESG_DIA,NR_COTST
8708355000141,2007-05-15,689000.0,1000.0,689000.0,689000.0,0.0,1
8708355000141,2007-05-16,1731435.0,1003.0098983999999,1056073.83,365000.0,0.0,1
8708355000141,2007-05-17,2223289.46,1005.1276056,1057532.92,0.0,0.0,1
8708355000141,2007-05-18,1151738.43,1001.0446554,1190833.01,138000.0,0.0,1
8708355000141,2007-05-21,1225609.86,1007.0845903,1248018.06,50000.0,0.0,1
8708355000141,2007-05-22,1232009.78,1012.2395965,1254406.34,0.0,0.0,1
8708355000141,2007-05-23,1239222.6,1018.0282479,1261579.86,0.0,0.0,1
8708355000141,2007-05-24,1213967.72,997.6488949,1236324.98,0.0,0.0,1
8708355000141,2007-05-25,1225711.02,1007.1251172,1248068.28,0.0,0.0,1
8708355000141,2007-05-28,1272343.56,1028.3473183,1294367.66,20000.0,0.0,1
8708355000141,2007-05-29,1274326.0,1029.9193068,1296346.3,0.0,0.0,1
8708355000141,2007-05-30,1321408.13,1026.562198,1342120.76,50000.0,0.0,1
8708355000141,2007-05-31,1343332.92,1043.3320416000001,1364045.54,0.0,0.0,1
8708355000141,2007-06-01,1356110.25,1053.4421422,1377263.42,0.0,0.0,1
8708355000141,2007-06-04,1351859.58,1050.1791155,1372997.36,0.0,0.0,1
8708355000141,2007-06-05,1348041.59,1047.5663061,1369581.39,0.0,0.0,1
8708355000141,2007-06-06,1337035.73,1039.1481368,1357180.93,0.0,1394.59,1
8708355000141,2007-06-08,1330479.23,1034.123916,1350619.04,0.0,0.0,1
8708355000141,2007-06-11,1352250.52,1050.793443,1372390.3,0.0,0.0,1
8708355000141,2007-06-12,1337510.36,1039.6427185,1357826.88,0.0,0.0,1
8708355000141,2007-06-13,1339585.9,1041.2318902000004,1359902.42,0.0,0.0,1
8708355000141,2007-06-14,1354626.56,1052.7552111,1374952.47,0.0,0.0,1
8708355000141,2007-06-15,1369949.55,1064.5874249,1390405.95,0.0,0.0,1
8708355000141,2007-06-18,1390138.35,1070.465593,1398083.14,0.0,0.0,1
8708355000141,2007-06-19,1385885.97,1067.7262829,1394505.46,0.0,0.0,1
8708355000141,2007-06-20,1380089.63,1066.2301243,1392551.4,0.0,0.0,1
8708355000141,2007-06-21,1417049.03,1068.2387971,1420174.83,25000.0,0.0,1
8708355000141,2007-06-22,1415259.2,1066.8784171,1418366.27,0.0,0.0,1
8708355000141,2007-06-25,1418643.8,1064.49125,1415192.64,0.0,0.0,1
8708355000141,2007-06-26,1404284.49,1065.1020945,1416004.73,0.0,0.0,1
8708355000141,2007-06-27,1392568.88,1063.5043565,1413880.61,0.0,0.0,1
8708355000141,2007-06-28,1414009.68,1079.6318739,1435321.41,0.0,0.0,1
8708355000141,2007-06-29,1370902.42,1078.4928202,1433807.09,0.0,0.0,1
8708355000141,2007-07-02,1531356.73,1097.2033822,1458681.93,0.0,0.0,1
8708355000141,2007-07-03,1612897.42,1105.0706618,1536641.12,70000.0,2500.0,1
8708355000141,2007-07-04,1776334.1,1103.1184165999996,1533926.46,0.0,0.0,1
8708355000141,2007-07-05,1774762.7,1102.2836487,1660765.68,128000.0,0.0,1
8708355000141,2007-07-06,1885418.16,1113.9322550000004,1728316.17,50000.0,0.0,1
8708355000141,2007-07-09,1885512.4,1113.9891238,1727204.4,0.0,1200.0,1
8708355000141,2007-07-10,1885949.35,1114.2648988,1727631.98,0.0,0.0,1
8708355000141,2007-07-11,1891917.2,1118.0974191999999,1733574.18,0.0,0.0,1
8708355000141,2007-07-12,1751653.03,1136.2222444,1761676.14,0.0,0.0,1
8708355000141,2007-07-13,1783938.36,1163.4411242,1803878.14,0.0,0.0,1
8708355000141,2007-07-16,1825908.62,1168.4184088,1811595.26,0.0,0.0,1
8708355000141,2007-07-17,1847574.75,1170.1677774,1814307.6,0.0,0.0,1
8708355000141,2007-07-18,1850947.2,1162.1379757000002,1823857.65,22000.0,0.0,1
8708355000141,2007-07-19,1884096.93,1179.214687,1850657.82,0.0,0.0,1
8708355000141,2007-07-20,1963827.09,1171.7191275999999,1878894.31,40000.0,0.0,1
8708355000141,2007-07-23,1954335.66,1185.3690845,1900782.51,0.0,0.0,1
8708355000141,2007-07-24,1926462.67,1167.7509378,1872531.17,0.0,0.0,1
8708355000141,2007-07-25,1815811.71,1136.2559439000001,1822027.8,0.0,0.0,1
8708355000141,2007-07-26,1874306.38,1101.6011715999996,1766457.61,0.0,0.0,1
8708355000141,2007-07-27,1915301.74,1111.8053488,1897820.39,115000.0,0.0,1
8708355000141,2007-07-30,2124687.6,1124.4056807,1943328.8,24000.0,0.0,1
8708355000141,2007-07-31,2153201.79,1140.8875175,2021814.63,50000.0,0.0,1
8708355000141,2007-08-01,2116990.73,1120.4528057,1985601.42,0.0,0.0,1
8708355000141,2007-08-02,2022840.13,1135.0060021,2004391.75,0.0,7000.0,1
8708355000141,2007-08-03,1999818.22,1121.961495,1981355.48,0.0,0.0,1
8708355000141,2007-08-06,1949864.29,1093.6664614,1931387.17,0.0,0.0,1
8708355000141,2007-08-07,1954444.29,1110.6480762,1961376.27,0.0,0.0,1
8708355000141,2007-08-08,2026129.06,1151.2313954,2033045.38,0.0,0.0,1
8708355000141,2007-08-09,1990558.66,1128.8196571,1993466.82,0.0,0.0,1
8708355000141,2007-08-10,1944005.44,1102.4405458,1946881.98,0.0,0.0,1
8708355000141,2007-08-13,1955579.09,1109.540682,1959420.64,0.0,0.0,1
8708355000141,2007-08-14,1907939.82,1079.0784712000002,1905625.15,0.0,0.0,1
8708355000141,2007-08-15,1846841.8,1045.0741199,1845574.33,0.0,0.0,1
8708355000141,2007-08-16,1655709.18,946.6773864,1621808.19,0.0,50000.0,1
8708355000141,2007-08-17,1758468.99,984.9300088,1717340.99,30000.0,0.0,1
8708355000141,2007-08-20,1813239.9,1016.3241498,1772080.36,0.0,0.0,1
8708355000141,2007-08-21,1819055.13,1032.4718618999998,1800235.79,0.0,0.0,1
8708355000141,2007-08-22,1829525.48,1053.1082081,1836217.68,0.0,0.0,1
8708355000141,2007-08-23,1837906.28,1057.9206116,1844608.67,0.0,0.0,1
8708355000141,2007-08-24,1868317.24,1075.4338642,1875145.08,0.0,0.0,1
8708355000141,2007-08-27,1892696.36,1089.3443652,1899399.67,0.0,0.0,1
8708355000141,2007-08-28,1855773.03,1068.0984472,1862354.92,0.0,0.0,1
8708355000141,2007-08-29,1861322.36,1071.2620485,1867871.03,0.0,0.0,1
8708355000141,2007-08-30,1875153.4,1079.2141663,1881736.48,0.0,0.0,1
8708355000141,2007-08-31,2211446.99,1099.4328864,1916990.19,0.0,0.0,1
8708355000141,2007-09-03,2487427.61,1108.3634528,2232561.68,300000.0,0.0,1
8708355000141,2007-09-04,2506643.29,1117.8777222,2251726.15,0.0,0.0,1
8708355000141,2007-09-05,2481623.38,1105.4447697,2223682.62,0.0,3000.0,1
8708355000141,2007-09-06,2227370.47,1113.0019410999996,2238884.42,0.0,0.0,1
8708355000141,2007-09-10,2167070.47,1083.6352533,2179811.19,0.0,0.0,1
8708355000141,2007-09-11,2194208.23,1097.164632,2207026.52,0.0,0.0,1
8708355000141,2007-09-12,2193132.26,1096.6129690999999,2205916.81,0.0,0.0,1
8708355000141,2007-09-13,2235783.82,1101.8077402000001,2216366.47,0.0,0.0,1
8708355000141,2007-09-14,2528216.26,1103.3446967,2249329.15,29870.98,0.0,1
8708355000141,2007-09-17,2820956.83,1088.1065608,2509084.33,290820.34,0.0,1
8708355000141,2007-09-18,2872428.91,1110.4326813,2560566.53,0.0,0.0,1
8708355000141,2007-09-19,2920408.57,1131.8258806,2609897.49,0.0,0.0,1
8708355000141,2007-09-20,2900167.62,1123.0439849000004,2589647.16,0.0,0.0,1
8708355000141,2007-09-21,3277493.23,1122.7604535,2918993.36,330000.0,0.0,1
8708355000141,2007-09-24,3486049.55,1135.3266483,3051663.41,100000.0,0.0,1
8708355000141,2007-09-25,3485249.38,1135.9001138,3053204.84,0.0,0.0,1
8708355000141,2007-09-26,3268995.95,1153.8317895,3101403.69,0.0,0.0,1
8708355000141,2007-09-27,3124636.99,1164.9375654,3131255.09,0.0,0.0,1
8708355000141,2007-09-28,3112312.52,1160.3318013,3118875.18,0.0,0.0,1
8708355000141,2007-10-01,3155089.98,1176.369114,3161982.14,0.0,0.0,1
8708355000141,2007-10-02,3229015.83,1177.4044177,3161764.95,0.0,3000.0,1
8708355000141,2007-10-03,3249186.44,1160.656495,3201790.61,85000.0,0.0,1
8708355000141,2007-10-04,3264247.4,1166.1085858,3216830.76,0.0,0.0,1
8708355000141,2007-10-05,3317952.13,1185.5604380999996,3270490.7,0.0,0.0,1
8708355000141,2007-10-08,3579863.06,1192.5048732,3289647.64,0.0,0.0,1
8708355000141,2007-10-09,4074476.97,1202.8187707999996,3618099.6,300000.0,0.0,1
8708355000141,2007-10-10,4286031.45,1199.7391710000004,3798836.12,190000.0,0.0,1
8708355000141,2007-10-11,4361189.42,1202.0682387,3836210.85,30000.0,0.0,1
8708355000141,2007-10-15,4198755.28,1194.8479329000004,3813168.38,0.0,0.0,1
8708355000141,2007-10-16,3955838.68,1178.6871986,3891593.95,130000.0,0.0,1
8708355000141,2007-10-17,4050768.83,1193.6784704000004,3941089.65,0.0,0.0,1
8708355000141,2007-10-18,4186516.13,1191.7592542000002,4051753.1,117000.0,0.0,1
8708355000141,2007-10-19,4045816.19,1183.0002342,4081974.12,60000.0,0.0,1
8708355000141,2007-10-22,4087162.67,1171.6010130000002,4042640.8,0.0,0.0,1
8708355000141,2007-10-23,4076142.54,1197.9115166,4133425.9,0.0,0.0,1
8708355000141,2007-10-24,4105631.61,1192.2008786,4113721.19,0.0,0.0,1
8708355000141,2007-10-25,4532541.91,1191.5400317,4141440.92,30000.0,0.0,1
8708355000141,2007-10-26,4764735.28,1212.4453944,4449101.79,235000.0,0.0,1
8708355000141,2007-10-29,4938706.2,1228.678683,4508670.29,0.0,0.0,1
8708355000141,2007-10-30,4774531.39,1224.6056328,4493724.12,0.0,0.0,1
8708355000141,2007-10-31,4697866.17,1244.1992314,4565623.37,0.0,0.0,1
8708355000141,2007-11-01,4623102.33,1247.385192,4577314.34,0.0,0.0,1
8708355000141,2007-11-05,4574461.96,1243.0033309,4576234.97,25000.0,10000.01,1
8708355000141,2007-11-06,4654643.96,1264.7777589000002,4656399.6,0.0,0.0,1
8708355000141,2007-11-07,4624245.97,1256.5162990999995,4625984.25,0.0,0.0,1
8708355000141,2007-11-08,4654457.14,1242.0807002000001,4607838.23,35000.0,0.0,1
8708355000141,2007-11-09,4630785.62,1225.1277445,4544946.6,0.0,0.01,1
8708355000141,2007-11-12,4565659.35,1207.8890511,4510994.95,30000.0,0.0,1
8708355000141,2007-11-13,4247462.35,1201.9286295,4260735.09,0.0,228000.0,1
8708355000141,2007-11-14,4453690.98,1218.8789468,4320822.53,0.0,0.0,1
8708355000141,2007-11-16,4683665.39,1227.4413912999999,4351175.67,0.0,0.0,1
8708355000141,2007-11-19,4452007.86,1197.1726167000004,4443875.43,200000.0,0.0,1
8708355000141,2007-11-20,4452132.98,1197.1983240999996,4443970.86,0.0,0.0,1
8708355000141,2007-11-21,4255121.67,1135.9567805,4216643.75,0.0,0.0,1
8708355000141,2007-11-22,4285446.72,1134.7649192,4212219.59,0.0,0.0,1
8708355000141,2007-11-23,4371613.7,1138.598013,4226447.94,0.0,0.0,1
8708355000141,2007-11-26,4298473.31,1130.8376439,4197641.64,0.0,0.0,1
8708355000141,2007-11-27,4155358.42,1104.6467464000002,4100421.67,0.0,0.0,1
8708355000141,2007-11-28,4203141.23,1136.8606739,4219998.98,0.0,0.0,1
8708355000141,2007-11-29,4325620.25,1161.9361410999998,4313078.5,0.0,0.0,1
8708355000141,2007-11-30,4411901.07,1185.5098472000002,4428583.52,28000.0,0.0,1
8708355000141,2007-12-03,4468016.2,1182.3143876,4416646.58,0.0,0.0,1
8708355000141,2007-12-04,4440672.17,1175.8548072,4390516.2,0.0,2000.01,1
8708355000141,2007-12-05,4515952.71,1196.015789,4465795.15,0.0,0.0,1
8708355000141,2007-12-06,4455938.62,1197.565528,4471581.71,0.0,0.0,1
8708355000141,2007-12-07,4456512.15,1197.7290196,4472192.17,0.0,0.0,1
8708355000141,2007-12-10,4456529.01,1197.7406910999996,4472235.75,0.0,0.0,1
8708355000141,2007-12-11,4443408.1,1194.4141255999998,4459814.71,0.0,0.0,1
8708355000141,2007-12-12,4386596.2,1179.1979751,4402999.23,0.0,0.0,1
8708355000141,2007-12-13,4249206.81,1138.9358935,4252664.92,0.0,0.0,1
8708355000141,2007-12-14,4227350.47,1130.3191151,4220490.79,0.0,0.0,1
8708355000141,2007-12-17,4086513.8,1094.1554154,4085459.4,0.0,0.0,1
8708355000141,2007-12-18,4050716.49,1086.3264126,4056226.74,0.0,0.0,1
8708355000141,2007-12-19,4079811.67,1099.3783340999996,4104961.22,0.0,0.0,1
8708355000141,2007-12-20,4081878.32,1100.017956,4107349.5,0.0,0.0,1
8708355000141,2007-12-21,4108748.94,1107.203641,4134180.08,0.0,0.0,1
8708355000141,2007-12-24,4108768.38,1107.1981185999996,4134159.46,0.0,0.0,1
8708355000141,2007-12-26,4140148.48,1116.0968789,4167386.48,0.0,0.0,1
8708355000141,2007-12-27,4123523.84,1118.8182557,4177547.81,0.0,0.0,1
8708355000141,2007-12-28,4155741.77,1126.9113555,4207766.58,0.0,0.0,1
8708355000141,2007-12-31,4155761.24,1126.9058439,4207746.0,0.0,0.0,1
8708355000141,2008-01-02,4081875.04,1107.7880043,4136362.03,0.0,0.0,1
8708355000141,2008-01-03,4084335.99,1099.5509421,4105605.72,0.0,0.0,1
8708355000141,2008-01-04,3983053.42,1072.4187703,4004297.09,0.0,0.0,1
8708355000141,2008-01-07,3968162.01,1068.6897911,3984373.47,0.0,6000.0,1
8708355000141,2008-01-08,4006625.13,1080.0141721,4026593.92,0.0,0.0,1
8708355000141,2008-01-09,3964483.95,1069.2089554,3986309.06,0.0,0.0,1
8708355000141,2008-01-10,3990703.64,1076.2520740999996,4012567.77,0.0,0.0,1
8708355000141,2008-01-11,3968475.33,1075.5020283,4028771.39,19000.0,0.0,1
8708355000141,2008-01-14,3947580.97,1060.9862672,3974396.15,0.0,0.0,1
8708355000141,2008-01-15,3777381.55,1022.9772383,3832016.42,0.0,0.0,1
8708355000141,2008-01-16,3672992.3,989.7374092,3707501.85,0.0,0.0,1
8708355000141,2008-01-17,3542700.56,975.3237803999999,3653509.19,0.0,0.0,1
8708355000141,2008-01-18,3479035.96,961.5657992999999,3601972.55,0.0,0.0,1
8708355000141,2008-01-21,3244783.24,897.1499674,3360674.39,0.0,0.0,1
8708355000141,2008-01-22,3372142.81,912.6770642999999,3418838.04,0.0,0.0,1
8708355000141,2008-01-23,3337490.88,897.8958779999997,3363468.53,0.0,0.0,1
8708355000141,2008-01-24,3512000.07,948.2773685000001,3552194.82,0.0,0.0,1
8708355000141,2008-01-25,3512076.85,948.2895737,3552240.54,0.0,0.0,1
8708355000141,2008-01-28,3519635.01,950.8526386,3561841.64,0.0,0.0,1
8708355000141,2008-01-29,3524898.69,964.2425124,3611999.37,0.0,0.0,1
8708355000141,2008-01-30,3757151.27,960.3506292000003,3597420.59,0.0,0.0,1
8708355000141,2008-01-31,3701148.6,945.7512556,3542732.14,0.0,0.0,1
8708355000141,2008-02-01,3767541.67,959.7607647,3595210.99,0.0,0.0,1
8708355000141,2008-02-06,3494988.61,944.2067908,3528946.65,0.0,8000.0,1
8708355000141,2008-02-07,3515000.64,949.5528156,3548927.27,0.0,0.0,1
8708355000141,2008-02-08,3542197.12,950.5566278,3552678.99,0.0,0.0,1
8708355000141,2008-02-11,3581120.3,960.9721513,3591606.72,0.0,0.0,1
8708355000141,2008-02-12,3681244.35,987.7572414,3691715.25,0.0,0.0,1
8708355000141,2008-02-13,3712488.89,996.1151952,3722952.87,0.0,0.0,1
8708355000141,2008-02-14,3730970.63,1001.0584025,3741427.97,0.0,0.0,1
8708355000141,2008-02-15,3693988.22,991.1547436,3704413.32,0.0,0.0,1
8708355000141,2008-02-18,3781945.85,1014.7456346,3792583.62,0.0,0.0,1
8708355000141,2008-02-19,3826961.91,1027.7160427,3841060.16,0.0,0.0,1
8708355000141,2008-02-20,3797845.04,1020.3931575,3813691.08,0.0,0.0,1
8708355000141,2008-02-21,3858382.3,1032.0613968,3857300.8,0.0,0.0,1
8708355000141,2008-02-22,3873903.95,1020.3040706,3838358.12,25000.0,0.0,1
8708355000141,2008-02-25,3908009.74,1029.417045,3936317.63,63676.73,0.0,1
8708355000141,2008-02-26,3949422.47,1025.7785868,3919404.78,0.0,3000.0,1
8708355000141,2008-02-27,3955107.42,1025.4585796,3918182.06,0.0,0.0,1
8708355000141,2008-02-28,4028931.32,1034.6328904,3992736.26,39500.0,0.0,1
8708355000141,2008-02-29,3855342.8,1022.3779886,3820443.55,0.0,125000.0,1
8708355000141,2008-03-03,3875418.99,1018.713904,3806751.52,0.0,0.0,1
8708355000141,2008-03-04,3798820.73,1009.2799922,3765498.67,0.0,6000.0,1
8708355000141,2008-03-05,3789982.7,1020.3634365,3806849.63,0.0,0.0,1
8708355000141,2008-03-06,3757895.95,1017.4295277999997,3795903.58,0.0,0.0,1
8708355000141,2008-03-07,3679744.5,996.4739435,3717720.89,0.0,0.0,1
8708355000141,2008-03-10,3664104.8,978.6873949999999,3651361.48,0.0,0.0,1
8708355000141,2008-03-11,3714217.06,987.5834527999999,3737551.58,53000.0,0.0,1
8708355000141,2008-03-12,3765699.62,1001.1824308,3789017.49,0.0,0.0,1
8708355000141,2008-03-13,3702598.5,984.5046555,3725899.74,0.0,0.0,1
8708355000141,2008-03-14,3739051.68,981.7651276,3715531.88,0.0,0.0,1
8708355000141,2008-03-17,3617021.63,949.5023616000001,3593432.07,0.0,0.0,1
8708355000141,2008-03-18,3659128.16,961.7122389,3639640.87,0.0,0.0,1
8708355000141,2008-03-19,3607257.63,950.0259282,3595413.53,0.0,0.0,1
8708355000141,2008-03-20,3528528.83,929.5513611,3517926.66,0.0,0.0,1
8708355000141,2008-03-24,3620524.17,954.0885407,3610788.66,0.0,0.0,1
8708355000141,2008-03-25,3594548.31,957.4660639,3623571.04,0.0,0.0,1
8708355000141,2008-03-26,3615583.13,963.4876132999999,3646359.85,0.0,0.0,1
8708355000141,2008-03-27,3611654.45,960.3912972,3634641.71,0.0,0.0,1
8708355000141,2008-03-28,3548131.12,940.4256212000001,3559080.76,0.0,0.0,1
8708355000141,2008-03-31,3545106.91,939.6098159,3555993.31,0.0,0.0,1
8708355000141,2008-04-01,3592844.51,952.3520032,3604216.66,0.0,0.0,1
8708355000141,2008-04-02,3649302.69,967.278378,3654506.16,0.0,6200.0,1
8708355000141,2008-04-03,3598252.95,981.5845673,3656056.84,0.0,52500.0,1
8708355000141,2008-04-04,3620335.41,989.7427403,3686443.16,0.0,0.0,1
8708355000141,2008-04-07,3635004.94,996.7881231,3712184.72,0.0,500.0,1
8708355000141,2008-04-08,3622650.03,989.8614587,3686388.81,0.0,0.0,1
8708355000141,2008-04-09,3594175.83,983.2457303,3661750.87,0.0,0.0,1
8708355000141,2008-04-10,3515129.96,971.5279331,3618112.08,0.0,0.0,1
8708355000141,2008-04-11,3542768.31,969.0117564,3608741.47,0.0,0.0,1
8708355000141,2008-04-14,3543342.99,968.9489528,3608507.58,0.0,0.0,1
8708355000141,2008-04-15,3592492.37,972.9496711000003,3623406.84,0.0,0.0,1
8708355000141,2008-04-16,3619994.53,986.4671103,3673747.76,0.0,0.0,1
8708355000141,2008-04-17,3965384.64,996.1660098,3709867.88,0.0,0.0,1
8708355000141,2008-04-18,4678743.34,1016.3942461,4123000.8,337800.0,0.0,1
8708355000141,2008-04-22,5370146.99,1029.6654509,4514732.91,337897.49,0.0,2
8708355000141,2008-04-23,6117777.4,1028.3958437,4777982.15,268816.04,0.0,2
8708355000141,2008-04-24,5979094.52,1019.8064872,4994075.54,256000.0,0.0,2
8708355000141,2008-04-25,5601983.31,1018.3115675,4986754.8,0.0,0.0,2
8708355000141,2008-04-28,5277837.38,1031.693109,5052285.3,0.0,0.0,2
8708355000141,2008-04-29,4999834.87,1014.8257996,4969684.71,0.0,0.0,2
8708355000141,2008-04-30,4802119.5,1038.4019068,4735138.82,0.0,350000.0,2
8708355000141,2008-05-02,5005247.99,1099.7051845,5014683.31,0.0,0.0,2
8708355000141,2008-05-05,5074277.36,1113.4861019000002,5044524.62,0.0,33000.01,2
8708355000141,2008-05-06,5013994.63,1111.0026614,5033273.67,0.0,0.0,2
8708355000141,2008-05-07,4986844.51,1101.3472489,4989530.9,0.0,0.0,2
8708355000141,2008-05-08,4940101.3,1110.7094394,5031945.26,0.0,0.0,2
8708355000141,2008-05-09,4955086.59,1109.7554262,5027623.21,0.0,0.0,2
8708355000141,2008-05-12,5049136.46,1132.5813097999999,5131033.33,0.0,0.0,2
8708355000141,2008-05-13,5056881.98,1131.5076645,5126169.3,0.0,0.0,2
8708355000141,2008-05-14,5043689.7,1123.4864032,5089829.87,0.0,0.0,2
8708355000141,2008-05-15,5109461.32,1139.5638964000002,5162667.16,0.0,0.0,2
8708355000141,2008-05-16,5406101.19,1148.3939758,5202670.85,0.0,0.0,2
8708355000141,2008-05-19,5533801.43,1155.4268957999998,5410832.71,176300.0,0.0,2
8708355000141,2008-05-20,5443264.59,1161.1112585,5437452.43,0.0,0.0,2
8708355000141,2008-05-21,5476821.42,1145.8726390999998,5381090.39,15000.0,0.0,2
8708355000141,2008-05-23,5279296.62,1135.747537,5333542.27,0.0,0.0,2
8708355000141,2008-05-26,5334471.62,1144.5321823,5374795.52,0.0,0.0,2
8708355000141,2008-05-27,5271425.31,1131.7065757,5314565.66,0.0,0.0,2
8708355000141,2008-05-28,5394238.0,1163.4412228,5463593.57,0.0,0.0,2
8708355000141,2008-05-29,5471929.23,1144.5149189,5374714.45,0.0,0.0,2
8708355000141,2008-05-30,5519237.65,1174.9269262,5517531.16,0.0,0.0,2
8708355000141,2008-06-02,5537576.47,1181.2327889,5547143.89,0.0,0.0,2
8708355000141,2008-06-03,5424440.2,1151.2179632000002,5399692.36,0.0,6500.0,2
8708355000141,2008-06-04,5295904.47,1129.4087143,5297397.89,0.0,0.0,2
8708355000141,2008-06-05,5357932.57,1163.7630687,5458534.14,0.0,0.0,2
8708355000141,2008-06-06,5383527.88,1155.0784551,5417799.68,0.0,0.0,2
8708355000141,2008-06-09,5333732.96,1145.434253,5372564.35,0.0,0.0,2
8708355000141,2008-06-10,5226336.01,1125.6417209,5279729.12,0.0,0.0,2
8708355000141,2008-06-11,5204845.47,1114.270231,5226392.09,0.0,0.0,2
8708355000141,2008-06-12,5279864.95,1116.8948526,5238702.66,0.0,0.0,2
8708355000141,2008-06-13,5071198.21,1115.1288753,5200419.48,0.0,30000.0,2
8708355000141,2008-06-16,5078829.46,1113.1273614,5191085.39,0.0,0.0,2
8708355000141,2008-06-17,5138312.72,1118.322332,5215312.21,0.0,0.0,2
8708355000141,2008-06-18,5218626.76,1103.4171864,5145801.85,0.0,0.01,2
8708355000141,2008-06-19,5156151.14,1087.9812651,5073816.21,0.0,0.0,2
8708355000141,2008-06-20,4966560.89,1070.7864042,4993627.73,0.0,0.0,2
8708355000141,2008-06-23,4986872.28,1076.7250587,5021322.73,0.0,0.0,2
8708355000141,2008-06-24,4974595.68,1069.7108505,4988611.87,0.0,0.0,2
8708355000141,2008-06-25,5033936.86,1097.3729571,5117614.5,0.0,0.0,2
8708355000141,2008-06-26,4957080.86,1068.053298,4890881.85,0.0,90000.0,2
8708355000141,2008-06-27,4933602.9,1066.3731999,4883188.26,0.0,0.0,2
8708355000141,2008-06-30,4990497.75,1081.8517035,4954068.18,0.0,0.0,2
8708355000141,2008-07-01,4781779.94,1047.1466471,4795145.09,0.0,0.0,2
8708355000141,2008-07-02,4662177.23,1001.2383515,4575919.57,0.0,9000.0,2
8708355000141,2008-07-03,4491668.48,975.9724412,4460447.79,0.0,0.0,2
8708355000141,2008-07-04,4454481.91,983.9859152999999,4497071.45,0.0,0.0,2
8708355000141,2008-07-07,4480305.32,973.9290454,4451108.94,0.0,0.0,2
8708355000141,2008-07-08,4389926.56,975.7947642999999,4459635.76,0.0,0.0,2
8708355000141,2008-07-09,4389932.92,975.7882744999999,4459606.1,0.0,0.0,2
8708355000141,2008-07-10,4410791.91,973.1991461000001,4447773.11,0.0,0.0,2
8708355000141,2008-07-11,4433086.02,974.2059312000001,4452374.38,0.0,0.0,2
8708355000141,2008-07-14,4499909.56,987.2021109,4511770.3,0.0,0.0,2
8708355000141,2008-07-15,4440143.84,983.6994458999999,4495762.21,0.0,0.0,2
8708355000141,2008-07-16,4489847.7,989.5417787,4522463.19,0.0,0.0,2
8708355000141,2008-07-17,4385463.02,955.5879160000001,4367285.21,0.0,0.0,2
8708355000141,2008-07-18,4338054.4,950.9855060000001,4346251.0,0.0,0.0,2
8708355000141,2008-07-21,4354384.21,959.5238212000003,4385273.32,0.0,0.0,2
8708355000141,2008-07-22,4293693.2,943.0183356000001,4309838.96,0.0,0.0,2
8708355000141,2008-07-23,4268125.28,942.9932977,4309724.53,0.0,0.0,2
8708355000141,2008-07-24,4194102.1,918.7932607999999,4199124.07,0.0,0.0,2
8708355000141,2008-07-25,4094421.34,911.6979905,4166696.84,0.0,0.0,2
8708355000141,2008-07-28,4149300.66,908.0888173000001,4150201.98,0.0,0.0,2
8708355000141,2008-07-29,4136674.55,920.5567950999999,4207183.88,0.0,0.0,2
8708355000141,2008-07-30,4256288.8,954.6909736,4363185.95,0.0,0.0,2
8708355000141,2008-07-31,4061134.31,942.2416818,4106289.44,0.0,200000.0,2
8708355000141,2008-08-01,3976649.79,917.3965824,3998014.49,0.0,0.0,2
8708355000141,2008-08-04,3836011.98,878.756279,3820620.04,0.0,9000.0,2
8708355000141,2008-08-05,3842635.26,885.5416726,3850121.28,0.0,0.0,2
8708355000141,2008-08-06,3900523.63,905.9239776,3938738.62,0.0,0.0,2
8708355000141,2008-08-07,3905795.24,897.1478507000003,3900582.14,0.0,0.0,2
8708355000141,2008-08-08,3863021.7,890.7169897,3872622.31,0.0,0.0,2
8708355000141,2008-08-11,3776952.92,861.8773194,3747234.39,0.0,0.0,2
8708355000141,2008-08-12,3736227.62,858.7196785,3733505.73,0.0,0.0,2
8708355000141,2008-08-13,3770654.8,874.3630499,3801519.33,0.0,0.0,2
8708355000141,2008-08-14,3802876.12,877.1843014000003,3813785.45,0.0,0.0,2
8708355000141,2008-08-15,3730148.85,864.9951627999999,3760790.02,0.0,0.0,2
8708355000141,2008-08-18,3606760.81,840.6470598999997,3582930.34,0.0,72000.0,2
8708355000141,2008-08-19,3553053.69,840.5164904,3582373.84,0.0,0.0,2
8708355000141,2008-08-20,3653945.86,872.3147936,3717901.71,0.0,0.0,2
8708355000141,2008-08-21,3698863.96,881.6401017000003,3757647.2,0.0,0.0,2
8708355000141,2008-08-22,3693415.0,875.8758842,3733079.47,0.0,0.0,2
8708355000141,2008-08-25,3619645.12,855.3170957999997,3645455.65,0.0,0.0,2
8708355000141,2008-08-26,3585360.65,849.8460523,3622137.46,0.0,0.0,2
8708355000141,2008-08-27,3596915.14,861.0214463,3669768.22,0.0,0.0,2
8708355000141,2008-08-28,3662060.49,872.2212413999997,3717502.98,0.0,0.0,2
8708355000141,2008-08-29,3674583.87,865.8475135,3690337.45,0.0,0.0,2
8708355000141,2008-09-01,3620468.41,859.1542022,3661809.82,0.0,0.0,2
8708355000141,2008-09-02,3601257.91,849.3144377,3615371.64,0.0,4500.0,2
8708355000141,2008-09-03,3553564.33,836.5863638,3561190.63,0.0,0.0,2
8708355000141,2008-09-04,3413374.89,804.673524,3425343.68,0.0,0.0,2
8708355000141,2008-09-05,3327079.83,799.2943902000003,3402445.72,0.0,0.0,2
8708355000141,2008-09-08,3372407.07,785.3685076,3343165.86,0.0,0.0,2
8708355000141,2008-09-09,3206526.63,749.2294085,3189328.52,0.0,0.0,2
8708355000141,2008-09-10,3148985.5,760.5673918,3237592.18,0.0,0.0,2
8708355000141,2008-09-11,3215252.28,782.4427686,3330711.54,0.0,0.0,2
8708355000141,2008-09-12,3294982.41,798.0226802,3397032.29,0.0,0.0,2
8708355000141,2008-09-15,3146873.3,741.3366844999997,3155730.68,0.0,0.0,2
8708355000141,2008-09-16,3032678.28,747.4652619,3181818.88,0.0,0.0,2
8708355000141,2008-09-17,2996932.79,689.7815243,2936270.07,0.0,0.0,2
8708355000141,2008-09-18,2985081.57,718.7735935,3059683.85,0.0,0.0,2
8708355000141,2008-09-19,3258667.36,777.1827873,3308320.79,0.0,0.0,2
8708355000141,2008-09-22,3288956.5,763.8066495,3251381.09,0.0,0.0,2
8708355000141,2008-09-23,3170653.31,735.9829782,3132940.96,0.0,0.0,2
8708355000141,2008-09-24,3149642.42,738.9264557999999,3145470.79,0.0,0.0,2
8708355000141,2008-09-25,3216531.13,764.0725856,3252513.13,0.0,0.0,2
8708355000141,2008-09-26,3150342.42,745.9362279000003,3175310.07,0.0,0.0,2
8708355000141,2008-09-29,2868157.22,679.4616997,2892340.52,0.0,0.0,2
8708355000141,2008-09-30,2929754.62,721.3565549,3050679.03,0.0,20000.0,2
8708355000141,2008-10-01,2957824.27,716.3218194,3029386.7,0.0,0.0,2
8708355000141,2008-10-02,2813192.37,653.5012669,2757713.17,0.0,6000.0,2
8708355000141,2008-10-03,2754290.47,631.5438439,2665054.93,0.0,0.0,2
8708355000141,2008-10-06,2341138.67,591.8672834,2497623.62,0.0,0.0,2
8708355000141,2008-10-07,2414257.05,566.7115906,2391468.99,0.0,0.0,2
8708355000141,2008-10-08,2330089.32,545.4525947000002,2301758.05,0.0,0.0,2
8708355000141,2008-10-09,2313179.65,525.4514636,2217355.18,0.0,0.0,2
8708355000141,2008-10-10,2026047.85,499.1975328,2106566.09,0.0,0.0,2
8708355000141,2008-10-13,2298981.39,573.7077507,2420992.12,0.0,0.0,2
8708355000141,2008-10-14,2476032.24,588.9213426,2485192.03,0.0,0.0,2
8708355000141,2008-10-15,2255943.29,526.9503979,2223680.54,0.0,0.0,2
8708355000141,2008-10-16,2086750.46,509.5617712,2150302.19,0.0,0.0,2
8708355000141,2008-10-17,2165795.15,509.4945446,2150018.5,0.0,0.0,2
8708355000141,2008-10-20,2234753.46,550.0467409,2321144.91,0.0,0.0,2
8708355000141,2008-10-21,2300861.56,554.6399369,2340527.76,0.0,0.0,2
8708355000141,2008-10-22,2163848.54,505.872598,2134734.23,0.0,0.0,2
8708355000141,2008-10-23,2023604.73,490.6286856,2070406.37,0.0,0.0,2
8708355000141,2008-10-24,1830529.39,456.9204563,1843160.83,0.0,85000.0,2
8708355000141,2008-10-27,1756722.27,425.4725518,1716303.86,0.0,0.0,2
8708355000141,2008-10-28,1784928.78,466.2864208,1880941.98,0.0,0.0,2
8708355000141,2008-10-29,1894213.58,487.6758222,1967224.19,0.0,0.0,2
8708355000141,2008-10-30,2040457.99,530.7397376,2140938.72,0.0,0.0,2
8708355000141,2008-10-31,2041220.44,534.5167518000002,2156174.73,0.0,0.0,2
8708355000141,2008-11-03,2117061.0,544.7470816,2197442.62,0.0,0.0,2
8708355000141,2008-11-04,2228147.51,577.5811854,2328191.35,0.0,1700.0,2
8708355000141,2008-11-05,2152010.81,538.6771352000002,2171371.71,0.0,0.0,2
8708355000141,2008-11-06,1982094.44,512.7761819,2066966.69,0.0,0.0,2
8708355000141,2008-11-07,2024053.59,519.1332206000002,2092591.49,0.0,0.0,2
8708355000141,2008-11-10,2065845.01,524.6645398000002,2114887.87,0.0,0.0,2
8708355000141,2008-11-11,1997581.3,530.8032717,2139632.69,0.0,0.0,2
8708355000141,2008-11-12,1941765.67,493.32812110000003,1988572.85,0.0,0.0,2
8708355000141,2008-11-13,1921826.6,511.8484762,2063227.17,0.0,0.0,2
8708355000141,2008-11-14,1966445.91,512.3921444,2065418.66,0.0,0.0,2
8708355000141,2008-11-17,1941511.38,507.7721326,2046795.7,0.0,0.0,2
8708355000141,2008-11-18,1877763.43,480.4622279,1936711.29,0.0,0.0,2
8708355000141,2008-11-19,1826276.36,471.62334969999995,1901082.36,0.0,0.0,2
8708355000141,2008-11-20,1826276.36,471.60739309999997,1901018.04,0.0,0.0,2
8708355000141,2008-11-21,1706272.58,442.65361849999994,1784307.3,0.0,0.0,2
8708355000141,2008-11-24,1835095.66,486.5765709,1961357.8,0.0,0.0,2
8708355000141,2008-11-25,1899029.28,494.2938999,1992465.84,0.0,0.0,2
8708355000141,2008-11-26,1964574.01,519.107956,2092489.65,0.0,0.0,2
8708355000141,2008-11-27,2014175.1,518.6284143999999,2090556.65,0.0,0.0,2
8708355000141,2008-11-28,2057238.18,529.5167881,2134446.96,0.0,0.0,2
8708355000141,2008-12-01,1977197.81,496.1328585,1995378.56,0.0,4500.0,2
8708355000141,2008-12-02,1967399.38,497.5247866,2000976.7,0.0,0.0,2
8708355000141,2008-12-03,1938699.39,498.7305908,2005826.28,0.0,0.0,2
8708355000141,2008-12-04,1962026.35,492.80931060000006,1982011.7,0.0,0.0,2
8708355000141,2008-12-05,1905596.26,497.1702842,1999550.94,0.0,0.0,2
8708355000141,2008-12-08,2092608.29,540.5206781,2173900.3,0.0,0.0,2
8708355000141,2008-12-09,2233039.98,545.8006288,2195135.54,0.0,0.0,2
8708355000141,2008-12-10,2408572.88,564.6137742000002,2370799.44,100000.0,0.0,2
8708355000141,2008-12-11,2432154.56,562.2814947,2361006.26,0.0,0.0,2
8708355000141,2008-12-12,2410282.59,566.9188925,2380478.58,0.0,0.0,2
8708355000141,2008-12-15,2280810.0,555.1026674999998,2330862.54,0.0,0.0,2
8708355000141,2008-12-16,2382326.56,579.2734821,2432355.2,0.0,0.0,2
8708355000141,2008-12-17,2367416.8,576.1120062000001,2419080.24,0.0,0.0,2
8708355000141,2008-12-18,2350198.03,571.9812724999998,2401735.39,0.0,0.0,2
8708355000141,2008-12-19,2322154.18,565.3269232999999,2373793.94,0.0,0.0,2
8708355000141,2008-12-22,2252883.7,548.8439314,2304582.26,0.0,0.0,2
8708355000141,2008-12-23,2199078.26,536.0165455,2250720.38,0.0,0.0,2
8708355000141,2008-12-24,2199099.36,536.0081316000002,2247685.04,0.0,3000.0,2
8708355000141,2008-12-26,2208649.04,538.2720019,2257178.31,0.0,0.0,2
8708355000141,2008-12-29,2369167.19,538.4459353,2307907.68,50000.0,0.0,2
8708355000141,2008-12-30,2416833.62,550.3531654,2358944.91,0.0,0.0,2
8708355000141,2008-12-31,2416891.45,550.3534944,2358946.32,0.0,0.0,2
8708355000141,2009-01-02,2563481.68,584.8218892000001,2506686.08,0.0,0.0,2
8708355000141,2009-01-05,2533366.97,599.8135936000001,2570944.1,0.0,0.0,2
8708355000141,2009-01-06,2598257.01,615.1246386,2636570.89,0.0,0.0,2
8708355000141,2009-01-07,2503633.66,593.0407552999999,2541914.1,0.0,0.0,2
8708355000141,2009-01-08,2675015.12,606.2568094999998,2598561.26,0.0,0.0,2
8708355000141,2009-01-09,2670364.72,605.1503312000001,2713818.63,120000.0,0.0,2
8708355000141,2009-01-12,2535586.68,575.0889237000001,2579007.16,0.0,0.0,2
8708355000141,2009-01-13,2628705.69,572.0162404,2565227.6,0.0,0.0,2
8708355000141,2009-01-14,2508836.79,545.6232553,2446867.3,0.0,0.0,2
8708355000141,2009-01-15,2580722.58,561.6399591,2518694.79,0.0,0.0,2
8708355000141,2009-01-16,2496835.33,565.2199167,2534749.24,0.0,0.0,2
8708355000141,2009-01-19,2469780.07,559.2072082000002,2507785.03,0.0,0.0,2
8708355000141,2009-01-20,2390268.6,541.4640627,2428215.25,0.0,0.0,2
8708355000141,2009-01-21,2448830.08,554.5096032,2486718.45,0.0,0.0,2
8708355000141,2009-01-22,2414419.2,546.8236447,2452250.49,0.0,0.0,2
8708355000141,2009-01-23,2429499.29,550.1733287999998,2467272.27,0.0,0.0,2
8708355000141,2009-01-26,2402805.81,548.3364789,2459034.85,0.0,0.0,2
8708355000141,2009-01-27,2410271.13,547.9075137,2457111.14,0.0,0.0,2
8708355000141,2009-01-28,2489181.45,571.0832498,2561043.57,0.0,0.0,2
8708355000141,2009-01-29,2499305.26,561.5486699,2518285.4,0.0,0.0,2
8708355000141,2009-01-30,2487471.39,558.896855,2506393.24,0.0,0.0,2
8708355000141,2009-02-02,2451916.36,550.9985156,2455972.84,0.0,15000.0,2
8708355000141,2009-02-03,2468813.28,559.292317,2491240.91,0.0,1700.0,2
8708355000141,2009-02-04,2479430.27,569.487839,2536654.55,0.0,0.0,2
8708355000141,2009-02-05,2525997.56,579.9348514,2583188.4,0.0,0.0,2
8708355000141,2009-02-06,2598627.9,596.23311,2655785.3,0.0,0.0,2
8708355000141,2009-02-09,2555894.87,586.6304102999999,2613012.25,0.0,0.0,2
8708355000141,2009-02-10,2492140.12,572.3085167,2549218.62,0.0,0.0,2
8708355000141,2009-02-11,2483630.63,570.3700524000002,2540584.17,0.0,0.0,2
8708355000141,2009-02-12,2456813.98,564.4551147000002,2514237.42,0.0,0.0,2
8708355000141,2009-02-13,2522051.45,579.0835139,2579396.31,0.0,0.0,2
8708355000141,2009-02-16,2565216.77,588.7827142000001,2622599.2,0.0,0.0,2
8708355000141,2009-02-17,2437349.89,560.0621356,2494669.89,0.0,0.0,2
8708355000141,2009-02-18,2442951.73,561.3270848999998,2500304.32,0.0,0.0,2
8708355000141,2009-02-19,2447102.67,562.3102597999998,2504683.65,0.0,0.0,2
8708355000141,2009-02-20,2380755.45,547.4006969,2438272.38,0.0,0.0,2
8708355000141,2009-02-25,2353536.72,541.2756216,2410989.62,0.0,0.0,2
8708355000141,2009-02-26,2358190.34,542.3059962,2415579.19,0.0,0.0,2
8708355000141,2009-02-27,2353052.52,541.1381558999999,2410377.31,0.0,0.0,2
8708355000141,2009-03-02,2255447.07,519.2494793999998,2312879.16,0.0,0.0,2
8708355000141,2009-03-03,2263088.46,521.0642197999998,2317962.51,0.0,3000.0,2
8708355000141,2009-03-04,2398555.39,552.0162276000002,2455831.22,0.0,3000.0,2
8708355000141,2009-03-05,2336729.07,538.1072856000002,2393952.58,0.0,0.0,2
8708355000141,2009-03-06,2342636.28,539.7732727000001,2401364.28,0.0,0.0,2
8708355000141,2009-03-09,2303784.44,532.9239098999999,2370720.54,0.0,0.0,2
8708355000141,2009-03-10,2375777.74,553.7398577,2463320.62,0.0,0.0,2
8708355000141,2009-03-11,2375598.08,554.6668007000002,2467444.14,0.0,0.0,2
8708355000141,2009-03-12,2390288.22,558.2221869,2483260.33,0.0,0.0,2
8708355000141,2009-03-13,2417340.39,557.585062,2480426.07,0.0,0.0,2
8708355000141,2009-03-16,2409548.88,555.7973288,2472473.31,0.0,0.0,2
8708355000141,2009-03-17,2480467.27,561.9462063,2499826.69,0.0,0.0,2
8708355000141,2009-03-18,2496978.89,565.6445452,2516278.81,0.0,0.0,2
8708355000141,2009-03-19,2500755.76,566.4801878999998,2519996.18,0.0,0.0,2
8708355000141,2009-03-20,2484418.11,562.7843937000001,2503555.38,0.0,0.0,2
8708355000141,2009-03-23,2621809.07,593.6556932,2640886.85,0.0,0.0,2
8708355000141,2009-03-24,2565552.99,580.9982924,2584580.2,0.0,0.0,2
8708355000141,2009-03-25,2582254.58,582.3357856,2590530.06,0.0,0.0,2
8708355000141,2009-03-26,2590118.16,593.9889099999998,2593369.15,0.0,49000.0,2
8708355000141,2009-03-27,2558785.42,586.9321229,2562559.05,0.0,0.0,2
8708355000141,2009-03-30,2454877.6,567.5668017999999,2478009.62,0.0,0.0,2
8708355000141,2009-03-31,2471285.17,571.3111867,2494357.69,0.0,0.0,2
8708355000141,2009-04-01,2514554.57,581.2580746,2537786.03,0.0,0.0,2
8708355000141,2009-04-02,2618131.09,604.9977098999998,2635433.82,0.0,6000.0,2
8708355000141,2009-04-03,2667580.07,616.3077699,2694701.63,10000.0,0.0,2
8708355000141,2009-04-06,2667178.97,616.2259075000002,2694343.7,0.0,0.0,2
8708355000141,2009-04-07,2087163.83,613.7695792999998,2093603.78,0.0,590000.0,2
8708355000141,2009-04-08,2103893.34,618.6545615,2110266.74,0.0,0.0,2
8708355000141,2009-04-09,2161614.12,636.9351406000002,2172622.86,0.0,0.0,2
8708355000141,2009-04-13,2164866.01,643.7322365,2195808.15,0.0,0.0,2
8708355000141,2009-04-14,2111637.14,637.7637721,2175449.37,0.0,0.0,2
8708355000141,2009-04-15,2130540.21,639.1162526,2180062.76,0.0,0.0,2
8708355000141,2009-04-16,2222256.21,655.4683481000002,2235840.71,0.0,0.0,2
8708355000141,2009-04-17,2223527.24,655.8207812,2237042.88,0.0,0.0,2
8708355000141,2009-04-20,2166209.15,639.0370514,2179792.6,0.0,0.0,2
8708355000141,2009-04-22,2200030.34,648.929093,2213534.93,0.0,0.0,2
8708355000141,2009-04-23,2259209.63,666.2552205000002,2282635.36,10000.0,0.0,2
8708355000141,2009-04-24,2311820.21,681.7068382,2335573.65,0.0,0.0,2
8708355000141,2009-04-27,2275558.72,671.1041984,2299248.29,0.0,0.0,2
8708355000141,2009-04-28,2273628.65,670.5207481000001,2297249.35,0.0,0.0,2
8708355000141,2009-04-29,2338526.86,690.8193907000001,2366793.87,0.0,0.0,2
8708355000141,2009-04-30,2362247.22,697.7227893999999,2390445.38,0.0,0.0,2
8708355000141,2009-05-04,2473604.3,734.0980183999999,2515069.37,0.0,0.0,2
8708355000141,2009-05-05,2509053.12,744.8055072999997,2549753.95,0.0,2000.0,2
8708355000141,2009-05-06,2541303.5,754.2140663,2581963.04,0.0,0.0,2
8708355000141,2009-05-07,2481568.04,736.7358749,2522128.51,0.0,0.0,2
8708355000141,2009-05-08,2563851.58,760.7599144,2604371.98,0.0,0.0,2
8708355000141,2009-05-11,2556937.47,758.7285373999997,2597417.8,0.0,0.0,2
8708355000141,2009-05-12,2513891.28,746.1334379,2554299.96,0.0,0.0,2
8708355000141,2009-05-13,2450972.36,727.7333424,2491309.4,0.0,0.0,2
8708355000141,2009-05-14,2504868.86,743.4560564,2545134.26,0.0,0.0,2
8708355000141,2009-05-15,2508567.66,744.5155758999997,2548761.4,0.0,0.0,2
8708355000141,2009-05-18,2624621.65,778.3742606000003,2664672.62,0.0,0.0,2
8708355000141,2009-05-19,2652076.53,786.3576724,2692002.89,0.0,0.0,2
8708355000141,2009-05-20,2645896.76,784.5315747999997,2685751.46,0.0,0.0,2
8708355000141,2009-05-21,2573257.22,763.2920038,2613040.29,0.0,0.0,2
8708355000141,2009-05-22,2596564.8,770.0794258,2649276.23,13000.0,0.0,2
8708355000141,2009-05-25,2631028.34,774.5301332,2664587.84,0.0,0.0,2
8708355000141,2009-05-26,2653777.08,782.4478636,2691826.92,0.0,0.0,2
8708355000141,2009-05-27,2671285.98,784.8445839999997,2700072.27,0.0,0.0,2
8708355000141,2009-05-28,2714804.38,797.4734883,2743519.03,0.0,0.0,2
8708355000141,2009-05-29,2718415.68,798.501209,2747054.66,0.0,0.0,2
8708355000141,2009-06-01,2784332.17,817.6843581,2813049.75,0.0,0.0,2
8708355000141,2009-06-02,2789940.37,819.3296389999997,2817709.95,0.0,1000.0,2
8708355000141,2009-06-03,2723142.73,799.9013277,2750895.15,0.0,0.0,2
8708355000141,2009-06-04,2777982.78,815.8415612000001,2805714.3,0.0,0.0,2
8708355000141,2009-06-05,2791006.05,819.6057362,2818659.46,0.0,0.0,2
8708355000141,2009-06-08,2794338.4,820.9664751,2823339.1,0.0,0.0,2
8708355000141,2009-06-09,2770471.17,813.9554377000003,2799227.84,0.0,0.0,2
8708355000141,2009-06-10,2783827.19,817.8257003,2812537.84,0.0,0.0,2
8708355000141,2009-06-12,2800433.18,822.6409903,2829097.83,0.0,0.0,2
8708355000141,2009-06-15,2739857.61,805.0148548,2768480.79,0.0,0.0,2
8708355000141,2009-06-16,2693395.09,791.4919071,2721974.79,0.0,0.0,2
8708355000141,2009-06-17,2681041.12,787.8869973999997,2709577.35,0.0,0.0,2
8708355000141,2009-06-18,2680994.05,787.8606645,2709486.79,0.0,0.0,2
8708355000141,2009-06-19,2707773.22,796.0161395,2737533.82,0.0,0.0,2
8708355000141,2009-06-22,2619228.91,770.3141441,2649143.55,0.0,0.0,2
8708355000141,2009-06-23,2629416.2,773.2637524,2659287.38,0.0,0.0,2
8708355000141,2009-06-24,2621583.15,770.9734292,2651410.86,0.0,0.0,2
8708355000141,2009-06-25,2674574.35,786.369491,2704358.58,0.0,0.0,2
8708355000141,2009-06-26,2668590.16,784.7237627999997,2698698.85,0.0,0.0,2
8708355000141,2009-06-29,2698694.36,793.8399352999999,2730049.76,0.0,0.0,2
8708355000141,2009-06-30,2701847.47,794.7441518999997,2733159.4,0.0,0.0,2
8708355000141,2009-07-01,2701816.75,794.7605024000003,2733215.63,0.0,0.0,2
8708355000141,2009-07-02,2702912.02,795.0744298,2731795.24,0.0,2500.0,2
8708355000141,2009-07-03,2709421.3,796.9655217000003,2738292.84,0.0,0.0,2
8708355000141,2009-07-06,2687079.91,790.9913497,2717766.19,0.0,0.0,2
8708355000141,2009-07-07,2656239.3,782.3428702000001,2688050.89,0.0,0.0,2
8708355000141,2009-07-08,3141976.82,788.324979,2708604.81,0.0,0.0,2
8708355000141,2009-07-09,3142066.13,788.3396389,2958655.18,250000.0,0.0,2
8708355000141,2009-07-10,3150782.74,790.6518214,2967332.85,0.0,0.0,2
8708355000141,2009-07-13,3150539.69,790.5766792999997,2967050.84,0.0,0.0,2
8708355000141,2009-07-14,2940403.92,785.7951126,2949105.52,0.0,0.0,2
8708355000141,2009-07-15,3079391.01,813.3976123,3052698.28,0.0,0.0,2
8708355000141,2009-07-16,3113288.72,823.5659995,3090860.45,0.0,0.0,2
8708355000141,2009-07-17,3111514.45,823.0640945,3088976.79,0.0,0.0,2
8708355000141,2009-07-20,3142609.81,841.9986303999997,3160038.5,0.0,0.0,2
8708355000141,2009-07-21,3155119.5,845.5090984,3173213.36,0.0,0.0,2
8708355000141,2009-07-22,3141534.68,841.8952897,3159650.66,0.0,0.0,2
8708355000141,2009-07-23,3229926.77,865.4568767999997,3248077.79,0.0,0.0,2
8708355000141,2009-07-24,3241756.43,876.1919674000003,3288366.81,0.0,0.0,2
8708355000141,2009-07-27,3263700.89,880.8499082999997,3305848.16,0.0,0.0,2
8708355000141,2009-07-28,3276411.04,877.975408,3295060.1,0.0,0.0,2
8708355000141,2009-07-29,3243268.18,869.1330326,3261874.48,0.0,0.0,2
8708355000141,2009-07-30,3298355.13,883.7996681,3316918.67,0.0,0.0,2
8708355000141,2009-07-31,3372625.52,901.7492481,3384283.82,0.0,0.0,2
8708355000141,2009-08-03,3435756.31,918.5950773,3447506.57,0.0,0.0,2
8708355000141,2009-08-04,3453627.64,923.3532895,3465364.24,0.0,0.0,2
8708355000141,2009-08-05,3469852.27,927.6716187,3480064.0,0.0,0.0,2
8708355000141,2009-08-06,3458328.98,924.5975245,3468531.85,0.0,0.0,2
8708355000141,2009-08-07,3484129.1,931.4683308,3494306.97,0.0,0.0,2
8708355000141,2009-08-10,3508263.06,937.8951828,3518416.64,0.0,0.0,2
8708355000141,2009-08-11,3446631.92,921.4821692,3456844.92,0.0,0.0,2
8708355000141,2009-08-12,3495662.42,934.5138818,3505732.04,0.0,0.0,2
8708355000141,2009-08-13,3512241.23,938.9285978,3522293.39,0.0,0.0,2
8708355000141,2009-08-14,3473712.2,930.2021674,3489557.09,0.0,0.0,2
8708355000141,2009-08-17,3391891.95,909.5477254,3412074.09,0.0,0.0,2
8708355000141,2009-08-18,3431919.92,920.2078037,3452064.27,0.0,0.0,2
8708355000141,2009-08-19,3466698.49,929.4684806,3506804.75,20000.0,0.0,2
8708355000141,2009-08-20,3507955.07,940.3896369,3548009.33,0.0,0.0,2
8708355000141,2009-08-21,3577470.71,958.8032975,3617482.49,0.0,0.0,2
8708355000141,2009-08-24,3588175.2,962.0095539,3629579.42,0.0,0.0,2
8708355000141,2009-08-25,3600021.44,965.1355858,3641373.67,0.0,0.0,2
8708355000141,2009-08-26,3613831.59,968.7821464,3655131.83,0.0,0.0,2
8708355000141,2009-08-27,3634524.28,974.2529071,3675772.54,0.0,0.0,2
8708355000141,2009-08-28,3638228.59,975.2145484,3679400.73,0.0,0.0,2
8708355000141,2009-08-31,3580042.54,959.7896703,3621203.99,0.0,0.0,2
8708355000141,2009-09-01,3528050.37,946.0505847000001,3569367.6,0.0,0.0,2
8708355000141,2009-09-02,3511693.4,942.6371622000001,3549489.05,0.0,7000.0,2
8708355000141,2009-09-03,3519979.98,944.7846247000001,3557575.29,0.0,0.0,2
8708355000141,2009-09-04,3575663.99,959.5938309000001,3613339.18,0.0,0.0,2
8708355000141,2009-09-08,3663479.89,982.9299581,3701211.09,0.0,0.0,2
8708355000141,2009-09-09,3612871.43,987.9189182,3719996.96,0.0,0.0,2
8708355000141,2009-09-10,3686398.76,994.1589882999999,3768493.88,25000.0,0.0,2
8708355000141,2009-09-11,3684273.57,993.8537,3767336.64,0.0,0.0,2
8708355000141,2009-09-14,3841603.69,996.6405364,3777900.52,0.0,0.0,2
8708355000141,2009-09-15,3799234.72,1001.2731138,3795460.93,0.0,0.0,2
8708355000141,2009-09-16,3862550.85,1017.959967,3858714.7,0.0,0.0,2
8708355000141,2009-09-17,3853751.41,1019.5792787999999,3864852.92,0.0,0.0,2
8708355000141,2009-09-18,3879672.05,1026.4115826,3890751.69,0.0,0.0,2
8708355000141,2009-09-21,3910878.21,1034.6501415,3921981.06,0.0,0.0,2
8708355000141,2009-09-22,3942776.97,1043.0481037999998,3953814.67,0.0,0.0,2
8708355000141,2009-09-23,3890296.66,1030.0588184,3904577.03,0.0,0.0,2
8708355000141,2009-09-24,3874377.33,1025.8419841,3888592.55,0.0,0.0,2
8708355000141,2009-09-25,3883945.15,1028.3488675,3898095.23,0.0,0.0,2
8708355000141,2009-09-28,3939276.83,1042.8966937999999,3953240.73,0.0,0.0,2
8708355000141,2009-09-29,3930901.7,1040.6700827,3944800.46,0.0,0.0,2
8708355000141,2009-09-30,3963539.78,1049.295408,3977495.92,0.0,0.0,2
8708355000141,2009-10-01,3892692.16,1036.8183402,3850199.91,0.0,80000.0,2
8708355000141,2009-10-02,3924040.7,1045.2679416,3892577.29,18000.0,7000.0,2
8708355000141,2009-10-05,4016773.85,1070.150286,3972953.46,0.0,0.0,2
8708355000141,2009-10-06,3997215.48,1074.2820454000002,3988292.7,0.0,0.0,2
8708355000141,2009-10-07,3980804.6,1075.2462614,3991872.37,0.0,0.0,2
8708355000141,2009-10-08,3962813.52,1088.1625655,4030824.39,0.0,9000.0,2
8708355000141,2009-10-09,3967896.82,1089.6578384000004,4036363.25,0.0,0.0,2
8708355000141,2009-10-13,3999984.66,1098.3109244999996,4068416.43,0.0,0.0,2
8708355000141,2009-10-14,4098158.01,1115.3558723,4131555.15,0.0,0.0,2
8708355000141,2009-10-15,4115635.52,1120.0647494,4148998.0,0.0,0.0,2
8708355000141,2009-10-16,4097701.61,1116.6793554,4136457.66,0.0,0.0,2
8708355000141,2009-10-19,4166222.16,1135.1550416,4204896.19,0.0,0.0,2
8708355000141,2009-10-20,4053141.09,1104.604868,4091730.76,0.0,0.0,2
8708355000141,2009-10-21,4076427.74,1111.2476705,4116337.35,0.0,0.0,2
8708355000141,2009-10-22,4133380.21,1126.6762202,4173488.53,0.0,0.0,2
8708355000141,2009-10-23,4093274.42,1116.2344555,4134809.64,0.0,0.0,2
8708355000141,2009-10-26,4094157.57,1115.7365704,4112965.35,0.0,20000.0,2
8708355000141,2009-10-27,4011438.75,1093.2772257,4030172.95,0.0,0.0,2
8708355000141,2009-10-28,3761974.09,1046.7316947999998,3758591.08,0.0,100000.0,2
8708355000141,2009-10-29,3949612.31,1099.4835759000002,3948011.87,0.0,0.0,2
8708355000141,2009-10-30,3871618.66,1077.7314811,3869904.72,0.0,0.0,2
8708355000141,2009-11-03,3930314.27,1094.6527052000001,3940665.24,10000.0,0.0,2
8708355000141,2009-11-04,3983402.89,1109.3973762,3986744.9,0.0,7000.0,2
8708355000141,2009-11-05,4032941.97,1122.4722953,4033731.1,0.0,0.0,2
8708355000141,2009-11-06,4037532.83,1123.739474,4038284.85,0.0,0.0,2
8708355000141,2009-11-09,4124719.55,1147.8803312999999,4125037.75,0.0,0.0,2
8708355000141,2009-11-10,4899887.58,1148.1134003,4185875.31,60000.0,0.0,2
8708355000141,2009-11-11,5616870.5,1145.2606994,4900521.24,725046.51,0.0,2
8708355000141,2009-11-12,5513040.07,1122.5935302999999,4803529.4,0.0,0.0,2
8708355000141,2009-11-13,5598041.74,1143.4479373,4892764.51,0.0,0.0,2
8708355000141,2009-11-16,4945261.03,1163.3600516,4977967.59,0.0,0.0,2
8708355000141,2009-11-17,4985532.06,1172.7627893,5018201.5,0.0,0.0,2
8708355000141,2009-11-18,4949932.33,1164.4343904999996,4982564.64,0.0,0.0,2
8708355000141,2009-11-19,4943729.24,1162.9760398,4976324.42,0.0,0.0,2
8708355000141,2009-11-20,4943751.98,1162.9726792000001,4976310.04,0.0,0.0,2
8708355000141,2009-11-23,4972445.33,1169.7590667000004,5005348.7,0.0,0.0,2
8708355000141,2009-11-24,4982749.1,1172.3466225,5016420.74,0.0,0.0,2
8708355000141,2009-11-25,5029913.52,1183.3603509000004,5061548.0,0.0,2000.0,2
8708355000141,2009-11-26,4958622.44,1166.6842390000004,4990219.82,0.0,0.0,2
8708355000141,2009-11-27,4998438.34,1175.9842807,5029998.58,0.0,0.0,2
8708355000141,2009-11-30,5008463.38,1178.319398,5049986.51,10000.0,0.0,2
8708355000141,2009-12-01,5075957.64,1194.0859398,5117558.02,0.0,0.0,2
8708355000141,2009-12-02,5080767.08,1195.52662,5117732.41,0.0,6000.0,2
8708355000141,2009-12-03,5050625.81,1188.4773287,5087556.26,0.0,0.0,2
8708355000141,2009-12-04,5018558.72,1180.7065857,5054291.77,0.0,0.0,2
8708355000141,2009-12-07,5076175.79,1194.4290218,5113033.88,0.0,0.0,2
8708355000141,2009-12-08,5039297.25,1185.7923223,5076062.46,0.0,0.0,2
8708355000141,2009-12-09,5039402.32,1185.7951723,5090074.67,14000.0,0.0,2
8708355000141,2009-12-10,5090781.37,1198.2487166,5143532.02,0.0,0.0,2
8708355000141,2009-12-11,5153415.38,1207.0004858,5181099.35,0.0,0.0,2
8708355000141,2009-12-14,5149831.79,1208.5970086,5197952.49,10000.0,0.0,2
8708355000141,2009-12-15,5135125.0,1205.1686135,5183207.6,0.0,0.0,2
8708355000141,2009-12-16,5119638.46,1201.5828422,5167785.86,0.0,0.0,2
8708355000141,2009-12-17,5058576.54,1187.3818835000004,5106710.16,0.0,0.0,2
8708355000141,2009-12-18,5036976.64,1182.3709778,5085159.18,0.0,0.0,2
8708355000141,2009-12-21,4993510.7,1173.0417676,5045035.97,0.0,0.0,2
8708355000141,2009-12-22,5086485.19,1196.0709244000002,5144080.12,0.0,0.0,2
8708355000141,2009-12-23,5089773.59,1196.8200195999998,5147301.84,0.0,0.0,2
8708355000141,2009-12-24,5089810.31,1196.8130512,5147271.87,0.0,0.0,2
8708355000141,2009-12-28,5100418.79,1199.2641702,5157813.68,0.0,0.0,2
8708355000141,2009-12-29,5112944.92,1202.1611697,5170273.14,0.0,0.0,2
8708355000141,2009-12-30,5184307.91,1216.1138475,5230281.03,0.0,0.0,2
8708355000141,2009-12-31,5184341.44,1216.1061374,5230247.87,0.0,0.0,2
8708355000141,2010-01-04,5265133.77,1235.6813561,5314437.27,0.0,0.0,2
8708355000141,2010-01-05,5289313.83,1241.2956823,5229783.44,0.0,108800.0,2
8708355000141,2010-01-06,5304274.09,1255.359818,5289037.96,0.0,0.0,2
8708355000141,2010-01-07,5298566.93,1253.9957792999999,5283291.04,0.0,0.0,2
8708355000141,2010-01-08,5226858.79,1258.9906277,5304335.16,0.0,0.0,2
8708355000141,2010-01-11,5282916.06,1259.1269623,5302909.55,0.0,2000.0,2
8708355000141,2010-01-12,5278652.16,1258.0980327,5298576.13,0.0,0.0,2
8708355000141,2010-01-13,5308923.98,1265.1953409000002,5328466.99,0.0,0.0,2
8708355000141,2010-01-14,5261537.36,1257.9249349000004,5297847.12,0.0,0.0,2
8708355000141,2010-01-15,5255527.68,1256.4792506,5302858.51,11100.0,0.0,2
8708355000141,2010-01-18,5309009.65,1269.1392740000001,5356289.01,0.0,0.0,2
8708355000141,2010-01-19,5354405.91,1279.8818114,5401626.93,0.0,0.0,2
8708355000141,2010-01-20,5235019.29,1251.5770425,5282169.18,0.0,0.0,2
8708355000141,2010-01-21,5079036.21,1214.6009612999999,5126114.93,0.0,0.0,2
8708355000141,2010-01-22,5091297.09,1217.477224,5138253.94,0.0,0.0,2
8708355000141,2010-01-25,5091303.34,1217.4618487,5138189.05,0.0,0.0,2
8708355000141,2010-01-26,5050248.12,1207.7172119000004,5097062.68,0.0,0.0,2
8708355000141,2010-01-27,5008831.69,1198.5983364,5058577.28,0.0,0.0,2
8708355000141,2010-01-28,5040174.83,1206.0468839000002,5090013.21,0.0,0.0,2
8708355000141,2010-01-29,5050382.48,1208.4486691,5100149.73,0.0,0.0,2
8708355000141,2010-02-01,5131310.92,1227.7137822,5181456.42,0.0,0.0,2
8708355000141,2010-02-02,5027064.56,1234.524162,5106199.0,0.0,104000.0,2
8708355000141,2010-02-03,5015968.14,1231.825543,5095037.06,0.0,0.0,2
8708355000141,2010-02-04,4854883.46,1184.9032896,4900958.75,0.0,0.0,2
8708355000141,2010-02-05,4720736.71,1152.4636961,4766783.15,0.0,0.0,2
8708355000141,2010-02-08,4765270.62,1163.2259192,4811297.51,0.0,0.0,2
8708355000141,2010-02-09,4877685.88,1190.4806312,4924027.57,0.0,0.0,2
8708355000141,2010-02-10,4922884.26,1201.3900268,4969150.66,0.0,0.0,2
8708355000141,2010-02-11,4995133.94,1218.8341694,5041302.56,0.0,0.0,2
8708355000141,2010-02-12,4979975.18,1215.1533927,5026078.25,0.0,0.0,2
8708355000141,2010-02-17,5079124.25,1239.1079894000004,5125158.48,0.0,0.0,2
8708355000141,2010-02-18,5095363.02,1243.0181863,5141331.71,0.0,0.0,2
8708355000141,2010-02-19,5102108.0,1245.4949983,5151576.22,0.0,0.0,2
8708355000141,2010-02-22,5077391.24,1239.943942,5128616.12,0.0,0.0,2
8708355000141,2010-02-23,4985555.87,1217.7250848,5036715.2,0.0,0.0,2
8708355000141,2010-02-24,4974029.09,1214.9171547,5044701.13,19600.0,0.0,2
8708355000141,2010-02-25,5001468.01,1221.5042542,5072052.75,0.0,0.0,2
8708355000141,2010-02-26,5019031.28,1225.7325825,5086610.03,0.0,3000.0,2
8708355000141,2010-03-01,5042830.56,1231.7734339,5111678.68,0.0,0.0,2
8708355000141,2010-03-02,5088494.51,1242.7630110999999,5149283.8,0.0,8000.0,2
8708355000141,2010-03-03,5096210.13,1244.7584935999996,5057551.91,0.0,100000.0,2
8708355000141,2010-03-04,4988292.06,1246.9090207,5066289.67,0.0,0.0,2
8708355000141,2010-03-05,5030965.64,1257.4154227,5108978.01,0.0,0.0,2
8708355000141,2010-03-08,5010376.1,1257.8082652,5110574.16,0.0,0.0,2
8708355000141,2010-03-09,5112525.07,1268.1674415,5152664.31,0.0,0.0,2
8708355000141,2010-03-10,5112649.64,1268.3290086,5153320.77,0.0,0.0,2
8708355000141,2010-03-11,5089489.6,1262.6133283,5130097.51,0.0,0.0,2
8708355000141,2010-03-12,5067971.32,1257.3082823,5108542.69,0.0,0.0,2
8708355000141,2010-03-15,5062775.49,1256.1922666,5104008.23,0.0,0.0,2
8708355000141,2010-03-16,5123223.12,1271.0297586,5164294.13,0.0,0.0,2
8708355000141,2010-03-17,5106063.27,1266.9489123,5147713.33,0.0,0.0,2
8708355000141,2010-03-18,5103632.77,1266.4564582,5145712.45,0.0,0.0,2
8708355000141,2010-03-19,5016264.68,1250.4674847,5080747.99,0.0,0.0,2
8708355000141,2010-03-22,4996530.2,1245.599526,5060969.09,0.0,0.0,2
8708355000141,2010-03-23,5006854.67,1249.8750891,5078341.04,0.0,0.0,2
8708355000141,2010-03-24,4956577.28,1243.2201974000004,5051301.69,0.0,0.0,2
8708355000141,2010-03-25,4934758.41,1237.834609,5029419.62,0.0,0.0,2
8708355000141,2010-03-26,4922819.68,1235.7504949000001,5020951.7,0.0,0.0,2
8708355000141,2010-03-29,4985941.92,1249.3541197,5076224.3,0.0,0.0,2
8708355000141,2010-03-30,5033949.62,1248.8482201,5074168.79,0.0,0.0,2
8708355000141,2010-03-31,5063299.09,1256.0561160999996,5103455.04,0.0,0.0,2
8708355000141,2010-04-01,5098114.75,1264.624382,5138268.58,0.0,0.0,2
8708355000141,2010-04-05,5097825.61,1264.5372264,5110914.45,0.0,27000.0,2
8708355000141,2010-04-06,5101408.92,1265.4077347,5114432.81,0.0,0.0,2
8708355000141,2010-04-07,5085051.68,1261.2879613,5097781.81,0.0,0.0,2
8708355000141,2010-04-08,5069663.24,1274.0472960999996,5149351.56,0.0,0.0,2
8708355000141,2010-04-09,5086920.08,1271.1734207999998,5137736.14,0.0,0.0,2
8708355000141,2010-04-12,5038150.72,1259.0847497000002,5088877.03,0.0,0.0,2
8708355000141,2010-04-13,5033148.77,1257.8249664999996,5083785.33,0.0,0.0,2
8708355000141,2010-04-14,5049242.94,1261.7847613,5099789.74,0.0,0.0,2
8708355000141,2010-04-15,5033019.61,1259.4907841,5090518.11,0.0,0.0,2
8708355000141,2010-04-16,5005668.37,1248.5370981,5046246.3,0.0,0.0,2
8708355000141,2010-04-19,4969407.11,1242.2362992,5020780.19,0.0,0.0,2
8708355000141,2010-04-20,4982416.4,1246.5803555,5038337.68,0.0,0.0,2
8708355000141,2010-04-22,4970338.81,1244.9748661,5031848.73,0.0,0.0,2
8708355000141,2010-04-23,4954220.11,1241.8504073,5019220.52,0.0,0.0,2
8708355000141,2010-04-26,4927134.28,1235.1310150999998,4992062.57,0.0,0.0,2
8708355000141,2010-04-27,4847382.64,1204.6601062,4868907.47,0.0,0.0,2
8708355000141,2010-04-28,4828918.48,1199.9843725,4850009.43,0.0,0.0,2
8708355000141,2010-04-29,4883899.33,1217.1488463,4919383.55,0.0,0.0,2
8708355000141,2010-04-30,4853660.13,1213.352932,4904041.5,0.0,0.0,2
8708355000141,2010-05-03,4776962.57,1201.4642472,4855990.68,0.0,0.0,2
8708355000141,2010-05-04,4679289.68,1177.2586127999998,4750158.1,0.0,8000.01,2
8708355000141,2010-05-05,4663235.68,1173.2776393,4734095.14,0.0,0.0,2
8708355000141,2010-05-06,4558503.97,1147.6904849999999,4630852.72,0.0,0.0,2
8708355000141,2010-05-07,4503218.84,1133.9938045999997,4575587.55,0.0,0.0,2
8708355000141,2010-05-10,4649611.15,1170.2592908,4721916.31,0.0,0.0,2
8708355000141,2010-05-11,4619259.14,1162.8513761,4692025.88,0.0,0.0,2
8708355000141,2010-05-12,4644213.03,1169.0387894,4716991.67,0.0,0.0,2
8708355000141,2010-05-13,4634682.82,1166.6895451999999,4707512.63,0.0,0.0,2
8708355000141,2010-05-14,4563058.3,1148.9226818,4635824.55,0.0,0.0,2
8708355000141,2010-05-17,4527336.65,1140.0529927,4600035.96,0.0,0.0,2
8708355000141,2010-05-18,4424077.1,1114.2772875,4516032.76,20000.0,0.0,2
8708355000141,2010-05-19,4311764.08,1086.5488693,4403652.79,0.0,0.0,2
8708355000141,2010-05-20,4240514.1,1059.0827428,4292335.86,0.0,0.0,2
8708355000141,2010-05-21,4364397.9,1089.6589659,4406257.63,0.0,10000.0,2
8708355000141,2010-05-24,3694342.23,1079.6237212,3685678.01,0.0,680000.0,2
8708355000141,2010-05-25,3641649.24,1064.4512115,3633881.27,0.0,0.0,2
8708355000141,2010-05-26,3660706.35,1069.9988401,3652820.07,0.0,0.0,2
8708355000141,2010-05-27,3731950.66,1111.3269736,3753908.28,0.0,40000.0,2
8708355000141,2010-05-28,3773546.39,1123.6213787000002,3795437.07,0.0,0.0,2
8708355000141,2010-05-31,3864953.39,1150.6709685,3863806.82,0.0,23000.0,2
08708355000141,2010-06-01,3797519.67,1133.7175106,3806879.26,0.0,0.0,2
08708355000141,2010-06-02,3883297.55,1159.2469048,3884603.71,0.0,8000.0,2
08708355000141,2010-06-04,3819754.34,1146.2360551,3841004.72,0.0,0.0,2
08708355000141,2010-06-07,3686144.59,1136.2052814,3807391.88,0.0,0.0,2
08708355000141,2010-06-08,3710178.21,1144.0366872,3833634.7,0.0,0.0,2
08708355000141,2010-06-09,3708831.75,1143.6182205,3832232.43,0.0,0.0,2
08708355000141,2010-06-10,3850589.34,1162.0313208,3890434.21,0.0,3500.0,2
08708355000141,2010-06-11,3856212.94,1163.6987057,3896016.54,0.0,0.0,2
08708355000141,2010-06-14,3858875.64,1164.4772888,3898623.21,0.0,0.0,2
08708355000141,2010-06-15,3897392.2,1175.9602054,3937067.55,0.0,0.0,2
08708355000141,2010-06-16,3906438.44,1178.6609806,3946109.64,0.0,0.0,2
08708355000141,2010-06-17,3877255.46,1173.6797948,3929432.83,0.0,0.0,2
08708355000141,2010-06-18,3885627.88,1176.1667751,3937759.14,0.0,0.0,2
08708355000141,2010-06-21,3926147.39,1188.2568006,3978236.06,0.0,0.0,2
08708355000141,2010-06-22,3924757.26,1187.8301079,3976807.51,0.0,0.0,2
08708355000141,2010-06-23,3940678.27,1192.5741194,3992690.27,0.0,0.0,2
08708355000141,2010-06-24,3901124.53,1180.5954064,3952586.02,0.0,0.0,2
08708355000141,2010-06-25,3942757.28,1193.0168905,3994172.65,0.0,0.0,2
08708355000141,2010-06-28,0.0,1188.1097946,0.0,0.0,3977743.89,0
