CNPJ_FUNDO,DT_COMPTC,VL_TOTAL,VL_QUOTA,VL_PATRIM_LIQ,CAPTC_DIA,RESG_DIA,NR_COTST
10619684000168,2009-04-01,3600000.0,1.0,3600000.0,3600000.0,0.0,1
10619684000168,2009-04-02,3601440.0,1.00035327,3601271.76,0.0,0.0,1
10619684000168,2009-04-03,5598878.15,1.00070597,5602541.49,2000000.0,0.0,2
10619684000168,2009-04-06,5601214.51,1.0010932,5604709.43,0.0,0.0,2
10619684000168,2009-04-07,5603509.94,1.00147312,5606836.44,0.0,0.0,2
10619684000168,2009-04-08,5605828.71,1.00185721,5608986.79,0.0,0.0,2
10619684000168,2009-04-09,5607323.61,1.00224887,5611179.53,0.0,0.0,2
10619684000168,2009-04-13,5609676.71,1.00263909,5613364.21,0.0,0.0,2
10619684000168,2009-04-14,9612018.15,1.00302722,9615537.23,4000000.0,0.0,2
10619684000168,2009-04-15,9616601.29,1.00341174,9619223.38,0.0,0.0,2
10619684000168,2009-04-16,9620597.42,1.0038014000000002,9622958.9,0.0,0.0,2
10619684000168,2009-04-17,9622791.56,1.00399444,9624809.47,0.0,0.0,2
10619684000168,2009-04-20,9621616.01,1.00423315,9627097.93,0.0,0.0,2
10619684000168,2009-04-22,9907826.85,1.00468519,9631431.36,0.0,0.0,2
10619684000168,2009-04-23,19967168.94,1.00519423,19636311.32,10000000.0,0.0,2
10619684000168,2009-04-24,19973795.48,1.00551148,19642508.64,0.0,0.0,2
10619684000168,2009-04-27,19699778.18,1.00589112,19649924.96,0.0,0.0,2
10619684000168,2009-04-28,19659490.39,1.00635929,19659070.63,0.0,0.0,2
10619684000168,2009-04-29,19668248.16,1.0067786,19667261.63,0.0,0.0,2
10619684000168,2009-04-30,19676646.07,1.00717947,19675092.58,0.0,0.0,2
10619684000168,2009-05-04,19683890.42,1.00752136,19681771.36,0.0,0.0,2
10619684000168,2009-05-05,19692032.22,1.00790918,19689347.43,0.0,0.0,2
10619684000168,2009-05-06,19699872.58,1.00828156,19696621.88,0.0,0.0,2
10619684000168,2009-05-07,19709109.09,1.00872541,19705292.31,0.0,0.0,2
10619684000168,2009-05-08,19710949.15,1.00904512,19711537.8,0.0,0.0,2
10619684000168,2009-05-11,23717913.2,1.00937262,23717935.41,4000000.0,0.0,2
10619684000168,2009-05-12,23728726.82,1.00980364,23728063.45,0.0,0.0,2
10619684000168,2009-05-13,25737472.13,1.01015802,25736390.49,2000000.0,0.0,2
10619684000168,2009-05-14,25746956.37,1.01053759,25746061.06,0.0,0.0,2
10619684000168,2009-05-15,25757313.38,1.01088957,25755028.61,0.0,0.0,2
10619684000168,2009-05-18,25768905.8,1.01131617,25765897.46,0.0,0.0,2
10619684000168,2009-05-19,25779238.69,1.01169372,25775516.4,0.0,0.0,2
10619684000168,2009-05-20,25834869.35,1.01207942,25785343.3,0.0,0.0,2
10619684000168,2009-05-21,26481980.65,1.01246641,25795202.76,0.0,0.0,2
10619684000168,2009-05-22,26494641.29,1.01293545,25807152.73,0.0,0.0,2
10619684000168,2009-05-25,26457748.7,1.01328813,25816138.33,0.0,0.0,2
10619684000168,2009-05-26,25832078.12,1.01368958,25826366.31,0.0,0.0,2
10619684000168,2009-05-27,25841044.66,1.01401657,25834697.25,0.0,0.0,2
10619684000168,2009-05-28,30451298.79,1.01439258,30444276.88,4600000.0,0.0,2
10619684000168,2009-05-29,31098883.9,1.014642,30416026.56,0.0,35736.03,2
10619684000168,2009-06-01,31113432.43,1.01513414,30430779.58,0.0,0.0,2
10619684000168,2009-06-02,31125231.51,1.01550113,30441780.79,0.0,0.0,2
10619684000168,2009-06-03,30467536.7,1.01601751,30457260.52,0.0,0.0,2
10619684000168,2009-06-04,30473719.85,1.01635736,30467448.13,0.0,0.0,2
10619684000168,2009-06-05,30481997.65,1.01680515,30480871.46,0.0,0.0,2
10619684000168,2009-06-08,30495571.62,1.01722988,30493603.78,0.0,0.0,2
10619684000168,2009-06-09,32503971.43,1.01748896,32501370.21,2000000.0,0.0,2
10619684000168,2009-06-10,32518037.13,1.0179013000000001,32514541.53,0.0,0.0,2
10619684000168,2009-06-12,32528864.3,1.01836622,32529392.36,0.0,0.0,2
10619684000168,2009-06-15,32545547.52,1.01873588,32541200.34,0.0,0.0,2
10619684000168,2009-06-16,32554502.51,1.01901898,32550243.21,0.0,0.0,2
10619684000168,2009-06-17,32568301.17,1.0194216,32563104.01,0.0,0.0,2
10619684000168,2009-06-18,32581454.1,1.01980495,32575349.15,0.0,0.0,2
10619684000168,2009-06-19,32591474.29,1.02009482,32584608.41,0.0,0.0,2
10619684000168,2009-06-22,32607961.47,1.0205776,32600029.83,0.0,0.0,2
10619684000168,2009-06-23,30930428.72,1.02084556,32608589.26,0.0,0.0,2
10619684000168,2009-06-24,30941508.83,1.02116446,32618775.85,0.0,0.0,2
10619684000168,2009-06-25,30952062.6,1.02147013,32628539.72,0.0,0.0,2
10619684000168,2009-06-26,32662456.15,1.02242905,32659170.11,0.0,0.0,2
10619684000168,2009-06-29,32681104.13,1.02271225,32668216.31,0.0,0.0,2
10619684000168,2009-06-30,32692743.0,1.02305143,32679050.75,0.0,0.0,2
10619684000168,2009-07-01,32702539.51,1.02338995,32689864.05,0.0,0.0,2
10619684000168,2009-07-02,32714506.72,1.0237378,32700975.18,0.0,0.0,2
10619684000168,2009-07-03,32726519.47,1.02408706,32712131.58,0.0,0.0,2
10619684000168,2009-07-06,32738818.4,1.02443484,32723240.51,0.0,0.0,2
10619684000168,2009-07-07,32733679.39,1.02477755,32734187.59,0.0,0.0,2
10619684000168,2009-07-08,32747554.75,1.02512092,32745155.7,0.0,0.0,2
10619684000168,2009-07-09,32759165.04,1.0254564,32755871.9,0.0,0.0,2
10619684000168,2009-07-10,32767581.96,1.02584843,32768394.45,0.0,0.0,2
10619684000168,2009-07-13,32779110.88,1.02618135,32779028.7,0.0,0.0,2
10619684000168,2009-07-14,32790799.32,1.026519,32789814.19,0.0,0.0,2
10619684000168,2009-07-15,32802072.81,1.0268439,32800192.46,0.0,0.0,2
10619684000168,2009-07-16,32816253.73,1.0271972,32811477.91,0.0,0.0,2
10619684000168,2009-07-17,32828202.48,1.02754232,32822501.94,0.0,0.0,2
10619684000168,2009-07-20,32839147.38,1.02785583,32832516.37,0.0,0.0,2
10619684000168,2009-07-21,32851373.78,1.02821032,32843839.53,0.0,0.0,2
10619684000168,2009-07-22,32858310.63,1.02855517,32854855.0,0.0,0.0,2
10619684000168,2009-07-23,32869931.53,1.02889068,32865572.12,0.0,0.0,2
10619684000168,2009-07-24,32881609.9,1.02922678,32876308.24,0.0,0.0,2
10619684000168,2009-07-27,32834040.75,1.02954649,32886520.61,0.0,0.0,2
10619684000168,2009-07-28,32905155.06,1.02986558,32896713.06,0.0,0.0,2
10619684000168,2009-07-29,32915852.97,1.03017166,32906490.37,0.0,0.0,2
10619684000168,2009-07-30,32924440.85,1.03041151,32914151.66,0.0,0.0,2
10619684000168,2009-07-31,32936110.6,1.03074783,32924894.65,0.0,0.0,2
10619684000168,2009-08-03,32947836.79,1.0310873,32935738.19,0.0,0.0,2
10619684000168,2009-08-04,32958487.67,1.03139169,32945461.43,0.0,0.0,2
10619684000168,2009-08-05,32969531.33,1.03170838,32955577.2,0.0,0.0,2
10619684000168,2009-08-06,32964535.48,1.0320236999999999,32965649.56,0.0,0.0,2
10619684000168,2009-08-07,32973512.1,1.03233825,32975696.85,0.0,0.0,2
10619684000168,2009-08-10,32984136.15,1.03264176,32985391.91,0.0,0.0,2
10619684000168,2009-08-11,32995330.5,1.03295533,32995408.21,0.0,0.0,2
10619684000168,2009-08-12,32990042.2,1.03276045,32989183.3,0.0,0.0,2
10619684000168,2009-08-13,33001687.41,1.03309532,32999880.01,0.0,0.0,2
10619684000168,2009-08-14,33030801.38,1.03397744,33028057.25,0.0,0.0,2
10619684000168,2009-08-17,33042211.84,1.03430531,33038530.27,0.0,0.0,2
10619684000168,2009-08-18,33052971.67,1.0346128,33048352.39,0.0,0.0,2
10619684000168,2009-08-19,33064656.91,1.03494926,33059099.66,0.0,0.0,2
10619684000168,2009-08-20,33070449.78,1.03525792,33068959.06,0.0,0.0,2
10619684000168,2009-08-21,33083848.42,1.03555423,33078424.17,0.0,0.0,2
10619684000168,2009-08-24,33094796.37,1.03586773,33088438.37,0.0,0.0,2
10619684000168,2009-08-25,33044988.57,1.03616494,33097931.76,0.0,0.0,2
10619684000168,2009-08-26,33116903.89,1.03650887,33108917.83,0.0,0.0,2
10619684000168,2009-08-27,33127822.86,1.03682127,33118897.03,0.0,0.0,2
10619684000168,2009-08-28,33138602.38,1.03744574,33138844.26,0.0,0.0,2
10619684000168,2009-08-31,33160527.76,1.03802804,33157444.27,0.0,0.0,2
10619684000168,2009-09-01,33172010.48,1.03835825,33167992.15,0.0,0.0,2
10619684000168,2009-09-02,33191062.42,1.03867489,33178106.41,0.0,0.0,2
10619684000168,2009-09-03,33184384.83,1.03899368,33188289.58,0.0,0.0,2
10619684000168,2009-09-04,33198565.81,1.03937702,33200534.36,0.0,0.0,2
10619684000168,2009-09-08,33204697.65,1.03969652,33210740.28,0.0,0.0,2
10619684000168,2009-09-09,33215155.4,1.03999469,33220264.57,0.0,0.0,2
10619684000168,2009-09-10,33227299.48,1.04034556,33231472.18,0.0,0.0,2
10619684000168,2009-09-11,33238937.27,1.04068056,33242173.21,0.0,0.0,2
10619684000168,2009-09-14,33250657.65,1.04101721,33252926.57,0.0,0.0,2
10619684000168,2009-09-15,33261256.06,1.04131966,32255771.44,0.0,1006816.23,2
10619684000168,2009-09-16,32276298.06,1.04163624,32265577.82,0.0,0.0,2
10619684000168,2009-09-17,32287616.85,1.04197219,32275984.17,0.0,0.0,2
10619684000168,2009-09-18,32299414.03,1.04232358,32286868.62,0.0,0.0,2
10619684000168,2009-09-21,32304578.73,1.0426223,32296121.91,0.0,0.0,2
10619684000168,2009-09-22,32316759.78,1.04298675,32307410.9,0.0,0.0,2
10619684000168,2009-09-23,32327873.3,1.04349531,32323164.21,0.0,0.0,2
10619684000168,2009-09-24,32339016.04,1.04382546,32333390.9,0.0,0.0,2
10619684000168,2009-09-25,32352680.1,1.04413696,32343039.64,0.0,0.0,2
10619684000168,2009-09-28,32363259.48,1.04444858,32352692.41,0.0,0.0,2
10619684000168,2009-09-29,32373937.44,1.04475946,32362322.28,0.0,0.0,2
10619684000168,2009-09-30,32385515.82,1.04538813,32381795.73,0.0,0.0,2
10619684000168,2009-10-01,32400962.44,1.04569582,32391326.75,0.0,0.0,2
10619684000168,2009-10-02,32415547.46,1.04604019,31697269.09,0.0,704724.92,2
10619684000168,2009-10-05,31727003.02,1.04638853,31707824.36,0.0,0.0,2
10619684000168,2009-10-06,31737961.43,1.04672044,31717882.19,0.0,0.0,2
10619684000168,2009-10-07,31731872.1,1.04704954,31727854.65,0.0,0.0,2
10619684000168,2009-10-08,31742486.11,1.04733587,31283399.76,0.0,453131.09,2
10619684000168,2009-10-09,31299951.34,1.04765507,30285882.28,0.0,1007051.97,2
10619684000168,2009-10-13,30310267.84,1.04798194,30295331.37,0.0,0.0,2
10619684000168,2009-10-14,30321399.41,1.04833699,28794826.37,0.0,1510768.95,2
10619684000168,2009-10-15,28816884.82,1.04868852,28804481.88,0.0,0.0,2
10619684000168,2009-10-16,28827484.05,1.04904418,28814251.0,0.0,0.0,2
10619684000168,2009-10-19,28836823.74,1.04937079,28823221.89,0.0,0.0,2
10619684000168,2009-10-20,28841134.66,1.0501098,28843520.45,0.0,0.0,2
10619684000168,2009-10-21,28867804.59,1.05043516,28852457.19,0.0,0.0,2
10619684000168,2009-10-22,28878484.05,1.05079222,28862264.6,0.0,0.0,2
10619684000168,2009-10-23,28877176.92,1.0511176000000002,28871201.75,0.0,0.0,2
10619684000168,2009-10-26,28887311.46,1.05146175,28376774.09,0.0,503880.53,2
10619684000168,2009-10-27,28397693.36,1.05178245,28385429.01,0.0,0.0,2
10619684000168,2009-10-28,28407484.15,1.05211655,28394445.67,0.0,0.0,2
10619684000168,2009-10-29,28416561.01,1.05242699,27898921.46,0.0,503902.42,2
10619684000168,2009-10-30,27925661.82,1.05277481,27908141.86,0.0,0.0,2
10619684000168,2009-11-03,27938649.53,1.05319706,26911398.98,0.0,1007936.36,2
10619684000168,2009-11-04,26948826.95,1.0535633,26920757.22,0.0,0.0,2
10619684000168,2009-11-05,26935149.15,1.05390009,26929362.91,0.0,0.0,2
10619684000168,2009-11-06,26944877.71,1.05424949,26938290.81,0.0,0.0,2
10619684000168,2009-11-09,26952742.89,1.05457055,26442399.29,0.0,504095.32,2
10619684000168,2009-11-10,26461294.56,1.05488649,26450321.3,0.0,0.0,2
10619684000168,2009-11-11,26470646.22,1.05523951,25652521.37,0.0,806651.44,2
10619684000168,2009-11-12,25679222.63,1.05556674,25660476.19,0.0,0.0,2
10619684000168,2009-11-13,25675232.91,1.05587545,23651087.08,0.0,2016893.88,2
10619684000168,2009-11-16,23684316.83,1.05624763,23659423.62,0.0,0.0,2
10619684000168,2009-11-17,23693231.28,1.05661321,23667612.44,0.0,0.0,2
10619684000168,2009-11-18,23701215.49,1.05694222,23674982.12,0.0,0.0,2
10619684000168,2009-11-19,23710634.95,1.05732761,23683614.6,0.0,0.0,2
10619684000168,2009-11-20,23719042.73,1.05767325,23691356.85,0.0,0.0,2
10619684000168,2009-11-23,23727143.47,1.05800777,23698849.8,0.0,0.0,2
10619684000168,2009-11-24,23736186.63,1.05837922,22193832.62,0.0,1513337.53,2
10619684000168,2009-11-25,22158107.24,1.05872371,22201056.56,0.0,0.0,2
10619684000168,2009-11-26,22228508.71,1.0590915,22208768.95,0.0,0.0,2
10619684000168,2009-11-27,22235714.94,1.05940914,22215429.67,0.0,0.0,2
10619684000168,2009-11-30,22244364.24,1.05978711,22080495.76,0.0,142859.81,2
10619684000168,2009-12-01,22252405.16,1.0601212,21586225.08,0.0,501231.48,2
10619684000168,2009-12-02,21765020.97,1.06068134,20795576.45,0.0,802054.25,2
10619684000168,2009-12-03,20810978.71,1.06078415,20797592.01,0.0,0.0,2
10619684000168,2009-12-04,20819000.95,1.06115911,20804943.44,0.0,0.0,2
10619684000168,2009-12-07,20813969.51,1.06153167,20812247.87,0.0,0.0,2
10619684000168,2009-12-08,20821108.32,1.06186694,20818821.16,0.0,0.0,2
10619684000168,2009-12-09,20829084.11,1.06224163,20826167.28,0.0,0.0,2
10619684000168,2009-12-10,20837002.7,1.06261204,20833429.48,0.0,0.0,2
10619684000168,2009-12-11,20846198.13,1.06303863,20841793.04,0.0,0.0,2
10619684000168,2009-12-14,20854765.63,1.06343831,19645930.17,0.0,1203699.09,2
10619684000168,2009-12-15,19657669.9,1.06373315,19651376.92,0.0,0.0,2
10619684000168,2009-12-16,19663737.45,1.06406439,19657496.2,0.0,0.0,2
10619684000168,2009-12-17,19667744.99,1.06450729,19665678.42,0.0,0.0,2
10619684000168,2009-12-18,19676026.46,1.06491562,19673221.78,0.0,0.0,2
10619684000168,2009-12-21,19684332.01,1.06532509,19680786.38,0.0,0.0,2
10619684000168,2009-12-22,19696575.01,1.06576651,17882659.1,0.0,1806282.03,2
10619684000168,2009-12-23,17899283.01,1.06612179,17888620.4,0.0,0.0,2
10619684000168,2009-12-24,17905846.49,1.06647903,17894614.65,0.0,0.0,2
10619684000168,2009-12-28,17850221.85,1.06683812,17398801.41,0.0,501838.51,2
10619684000168,2009-12-29,17417641.45,1.06714381,17403786.71,0.0,0.0,2
10619684000168,2009-12-30,17423786.38,1.06748863,17409410.4,0.0,0.0,2
10619684000168,2009-12-31,17430072.78,1.06784098,17415156.7,0.0,0.0,2
10619684000168,2010-01-04,17451910.91,1.06828155,17422341.96,0.0,0.0,2
10619684000168,2010-01-05,17449634.19,1.06891523,16830288.35,0.0,602388.07,2
10619684000168,2010-01-06,16848878.45,1.06933116,16836837.33,0.0,0.0,2
10619684000168,2010-01-07,16843236.24,1.06964262,16841741.25,0.0,0.0,2
10619684000168,2010-01-08,16843797.89,1.06996441,16846807.84,0.0,0.0,2
10619684000168,2010-01-11,16851788.33,1.07031211,16852282.59,0.0,0.0,2
10619684000168,2010-01-12,16852593.96,1.0706495,16857594.85,0.0,0.0,2
10619684000168,2010-01-13,16868869.79,1.07123127,16866754.81,0.0,0.0,2
10619684000168,2010-01-14,16874790.51,1.07162815,16873003.85,0.0,0.0,2
10619684000168,2010-01-15,16877495.3,1.0720717,16879987.55,0.0,0.0,2
10619684000168,2010-01-18,16883795.54,1.07243661,16885733.21,0.0,0.0,2
10619684000168,2010-01-19,16891185.84,1.07286254,16892439.6,0.0,0.0,2
10619684000168,2010-01-20,16905078.16,1.07365188,16904867.85,0.0,0.0,2
10619684000168,2010-01-21,17313157.01,1.07424001,15909287.41,0.0,1004840.65,2
10619684000168,2010-01-22,16410185.48,1.07508179,15921753.99,0.0,0.0,2
10619684000168,2010-01-25,16348799.81,1.07547987,15927649.55,0.0,0.0,2
10619684000168,2010-01-26,16530958.67,1.07522447,15923867.08,0.0,0.0,2
10619684000168,2010-01-27,16242574.06,1.07592706,15934272.36,0.0,0.0,2
10619684000168,2010-01-28,16149469.64,1.07682456,15947564.21,0.0,0.0,2
10619684000168,2010-01-29,15961616.24,1.07702394,15950516.87,0.0,0.0,2
10619684000168,2010-02-01,16081850.98,1.07708886,15951478.42,0.0,0.0,2
10619684000168,2010-02-02,16063078.12,1.0775413999999999,15958180.4,0.0,0.0,2
10619684000168,2010-02-03,16077448.13,1.07822826,15968352.62,0.0,0.0,2
10619684000168,2010-02-04,15952511.67,1.07636503,15940758.65,0.0,0.0,2
10619684000168,2010-02-05,15920965.68,1.07522364,15923854.88,0.0,0.0,2
10619684000168,2010-02-08,16055157.9,1.07615161,15937597.96,0.0,0.0,2
10619684000168,2010-02-09,16286462.75,1.0785681,15973385.58,0.0,0.0,2
10619684000168,2010-02-10,16430678.09,1.07944061,15986307.31,0.0,0.0,2
10619684000168,2010-02-11,16343456.14,1.08009328,15995973.23,0.0,0.0,2
10619684000168,2010-02-12,16123809.25,1.0803006000000002,15999043.66,0.0,0.0,2
10619684000168,2010-02-17,16025416.13,1.08095992,16008808.04,0.0,0.0,2
10619684000168,2010-02-18,16029293.55,1.08161195,16018464.47,0.0,0.0,2
10619684000168,2010-02-19,19182366.74,1.08201492,19024432.36,3000000.0,0.0,2
10619684000168,2010-02-22,19200654.76,1.08155749,19016389.69,0.0,0.0,2
10619684000168,2010-02-23,21656747.41,1.08059655,21499494.02,2500000.0,0.0,2
10619684000168,2010-02-24,21502813.73,1.08071649,21501880.42,0.0,0.0,2
10619684000168,2010-02-25,21432136.79,1.08086958,21504926.17,0.0,0.0,2
10619684000168,2010-02-26,21522043.84,1.08109557,21509422.5,0.0,0.0,2
10619684000168,2010-03-01,21495030.99,1.08108644,21509240.78,0.0,0.0,2
10619684000168,2010-03-02,21568938.83,1.08126724,21512837.95,0.0,0.0,2
10619684000168,2010-03-03,21578510.68,1.08185278,21524487.81,0.0,0.0,2
10619684000168,2010-03-04,21594410.02,1.08261841,21539720.83,0.0,0.0,2
10619684000168,2010-03-05,23609435.34,1.08289074,23545139.18,2000000.0,0.0,2
10619684000168,2010-03-08,23596479.56,1.08226315,23531493.43,0.0,0.0,2
10619684000168,2010-03-09,23613120.73,1.08301684,23547880.92,0.0,0.0,2
10619684000168,2010-03-10,23556295.52,1.08359104,23560365.66,0.0,0.0,2
10619684000168,2010-03-11,23117497.63,1.083638,23561386.6,0.0,0.0,2
10619684000168,2010-03-12,25127621.96,1.08361164,25560813.52,2000000.0,0.0,2
10619684000168,2010-03-15,25157988.87,1.0848673,25590432.75,0.0,0.0,2
10619684000168,2010-03-16,25590434.2,1.08480764,25589025.41,0.0,0.0,2
10619684000168,2010-03-17,25608470.04,1.08553697,25606229.27,0.0,0.0,2
10619684000168,2010-03-18,29128692.26,1.08634361,29125256.78,3500000.0,0.0,2
10619684000168,2010-03-19,29031659.51,1.08607463,29118045.18,0.0,0.0,2
10619684000168,2010-03-22,29029984.84,1.08616961,29120591.64,0.0,0.0,2
10619684000168,2010-03-23,31286765.78,1.0865614,31131095.62,2000000.0,0.0,2
10619684000168,2010-03-24,31378438.98,1.08659034,31131924.89,0.0,0.0,2
10619684000168,2010-03-25,31369295.13,1.08670797,31135295.08,0.0,0.0,2
10619684000168,2010-03-26,31191254.41,1.08664065,31133366.27,0.0,0.0,2
10619684000168,2010-03-29,31207509.7,1.08717621,31148710.53,0.0,0.0,2
10619684000168,2010-03-30,31132575.42,1.08748204,31157473.11,0.0,0.0,2
10619684000168,2010-03-31,31157606.76,1.08836159,31182673.04,0.0,0.0,2
10619684000168,2010-04-01,34556928.87,1.08830611,34581083.57,3400000.0,0.0,2
10619684000168,2010-04-05,34595657.04,1.088488,34586863.03,0.0,0.0,2
10619684000168,2010-04-06,34608643.49,1.08886706,34598907.61,0.0,0.0,2
10619684000168,2010-04-07,34643811.93,1.0895845,34621704.52,0.0,0.0,2
10619684000168,2010-04-08,34634105.18,1.090096,34637957.31,0.0,0.0,2
10619684000168,2010-04-09,34643912.91,1.09044283,34648977.92,0.0,0.0,2
10619684000168,2010-04-12,34620289.23,1.09030809,34644696.5,0.0,0.0,2
10619684000168,2010-04-13,34064472.98,1.09052454,34651574.4,0.0,0.0,2
10619684000168,2010-04-14,34086132.4,1.09129382,34676018.33,0.0,0.0,2
10619684000168,2010-04-15,34101851.59,1.09136974,34678430.76,0.0,0.0,2
10619684000168,2010-04-16,34689925.09,1.09138722,34678986.26,0.0,0.0,2
10619684000168,2010-04-19,34674124.79,1.0915367,34683735.8,0.0,0.0,2
10619684000168,2010-04-20,34690057.12,1.09229602,34707863.28,0.0,0.0,1
10619684000168,2010-04-22,34710291.47,1.09277174,34722979.44,0.0,0.0,2
10619684000168,2010-04-23,34486761.48,1.09305709,34732046.51,0.0,0.0,2
10619684000168,2010-04-26,34453669.12,1.09299659,34730124.21,0.0,0.0,2
10619684000168,2010-04-27,40457840.79,1.09283413,40724962.03,6000000.0,0.0,3
10619684000168,2010-04-28,41146102.11,1.09335111,40744227.29,0.0,0.0,3
10619684000168,2010-04-29,41234692.84,1.09394878,40766499.93,0.0,0.0,3
10619684000168,2010-04-30,41178435.91,1.09412109,40772920.93,0.0,0.0,3
10619684000168,2010-05-03,40688752.98,1.09361111,40753916.29,0.0,0.0,3
10619684000168,2010-05-04,41133591.42,1.0937999,40760951.89,0.0,0.0,3
10619684000168,2010-05-05,41198279.16,1.09567395,40830788.96,0.0,0.0,3
10619684000168,2010-05-06,41301906.23,1.098018,40918141.09,0.0,0.0,3
10619684000168,2010-05-07,40791416.98,1.0970898,40883551.31,0.0,0.0,3
10619684000168,2010-05-10,40038734.38,1.0977685,40908843.45,0.0,0.0,3
10619684000168,2010-05-11,40109048.53,1.09840944,40932728.51,0.0,0.0,3
10619684000168,2010-05-12,39075325.88,1.09901696,40955367.92,0.0,0.0,3
10619684000168,2010-05-13,40796627.96,1.09983441,40985830.45,0.0,0.0,3
10619684000168,2010-05-14,40700897.1,1.10031053,41003573.34,0.0,0.0,3
10619684000168,2010-05-17,40686750.38,1.10052387,41011523.65,0.0,0.0,3
10619684000168,2010-05-18,40892344.0,1.10077013,41020700.57,0.0,0.0,3
10619684000168,2010-05-19,41029110.41,1.10118916,41036315.94,0.0,0.0,3
10619684000168,2010-05-20,41044818.65,1.1015809,41050914.3,0.0,0.0,3
10619684000168,2010-05-21,41072011.26,1.1019501,41064672.77,0.0,0.0,3
10619684000168,2010-05-24,41078193.35,1.10224565,41075686.47,0.0,0.0,3
10619684000168,2010-05-25,41032628.85,1.10261045,41089281.13,0.0,0.0,3
10619684000168,2010-05-26,41118451.29,1.10300583,41104014.88,0.0,0.0,3
10619684000168,2010-05-27,41134273.68,1.10340125,41118750.39,0.0,0.0,3
10619684000168,2010-05-28,41149814.46,1.10378924,41133209.03,0.0,0.0,3
10619684000168,2010-05-31,41159906.17,1.10439733,40996775.78,0.0,159093.97,3
10619684000168,2010-06-01,41182358.05,1.10470711,41008275.46,0.0,0.0,3
10619684000168,2010-06-02,41202150.95,1.105115,41023416.69,0.0,0.0,3
10619684000168,2010-06-04,41059235.55,1.10554357,41039325.96,0.0,0.0,3
10619684000168,2010-06-07,41076040.38,1.10578646,41048342.33,0.0,0.0,3
10619684000168,2010-06-08,41081959.72,1.10647637,41073952.74,0.0,0.0,3
10619684000168,2010-06-09,41085688.27,1.10681822,41086642.83,0.0,0.0,3
10619684000168,2010-06-10,41102184.74,1.10723166,41101990.32,0.0,0.0,3
10619684000168,2010-06-11,41125563.35,1.10759736,41115565.55,0.0,0.0,3
10619684000168,2010-06-14,41133521.23,1.10792005,41127544.27,0.0,0.0,3
10619684000168,2010-06-15,41074204.62,1.10831616,41142248.4,0.0,0.0,3
10619684000168,2010-06-16,41168722.42,1.10880863,41160529.47,0.0,0.0,3
10619684000168,2010-06-17,41184161.48,1.10912165,41172149.32,0.0,0.0,3
10619684000168,2010-06-18,41194281.32,1.1094991,41186160.81,0.0,0.0,3
10619684000168,2010-06-21,41209089.79,1.10990285,41201148.55,0.0,0.0,3
10619684000168,2010-06-22,41225713.59,1.11032039,41216648.13,0.0,0.0,3
10619684000168,2010-06-23,41241360.55,1.11071271,41231211.73,0.0,0.0,3
10619684000168,2010-06-24,41257203.12,1.11111009,41245963.07,0.0,0.0,3
10619684000168,2010-06-25,41208260.03,1.1115356,41261758.38,0.0,0.0,3
10619684000168,2010-06-28,41289837.59,1.1120305,41280129.97,0.0,0.0,3
10619684000168,2010-06-29,41310889.37,1.11243332,41295083.06,0.0,0.0,3
10619684000168,2010-06-30,41327702.44,1.11285596,41310771.97,0.0,0.0,3
10619684000168,2010-07-01,41344763.26,1.11328494,41326696.57,0.0,0.0,3
10619684000168,2010-07-02,41361483.92,1.11370394,41342250.26,0.0,0.0,3
10619684000168,2010-07-05,41378268.69,1.11412357,41357827.49,0.0,0.0,3
10619684000168,2010-07-06,41375135.23,1.11454656,41373529.59,0.0,0.0,3
10619684000168,2010-07-07,41386911.86,1.11496595,41389097.89,0.0,0.0,3
10619684000168,2010-07-08,41403644.47,1.11538805,41404766.72,0.0,0.0,3
10619684000168,2010-07-09,41420115.83,1.11580035,41420072.11,0.0,0.0,3
10619684000168,2010-07-12,41436810.07,1.11621865,41435599.97,0.0,0.0,3
10619684000168,2010-07-13,41453741.2,1.11664332,41451364.33,0.0,0.0,3
10619684000168,2010-07-14,41470668.55,1.11706774,41467119.31,0.0,0.0,3
10619684000168,2010-07-15,41487604.35,1.11749242,41482884.02,0.0,0.0,3
10619684000168,2010-07-16,41504590.07,1.11791843,41498698.24,0.0,0.0,3
10619684000168,2010-07-19,41521333.6,1.11833785,41514267.49,0.0,0.0,3
10619684000168,2010-07-20,41540781.24,1.11868747,41527246.09,0.0,0.0,3
10619684000168,2010-07-21,41552874.85,1.11911191,41543001.7,0.0,0.0,3
10619684000168,2010-07-22,41580282.4,1.1197617,41567122.88,0.0,0.0,3
10619684000168,2010-07-23,41592465.02,1.12036774,41589619.91,0.0,0.0,3
10619684000168,2010-07-26,41613556.67,1.12068053,41601231.02,0.0,0.0,3
10619684000168,2010-07-27,41627883.25,1.12117995,41619770.08,0.0,0.0,3
10619684000168,2010-07-28,41650628.11,1.12162449,41636272.3,0.0,0.0,3
10619684000168,2010-07-29,41669263.28,1.1220945,41653719.47,0.0,0.0,3
10619684000168,2010-07-30,41683653.74,1.12266855,41675029.27,0.0,0.0,3
10619684000168,2010-08-02,41711280.9,1.12310973,41691406.54,0.0,0.0,3
10619684000168,2010-08-03,41729186.1,1.12356075,41708148.7,0.0,0.0,3
10619684000168,2010-08-04,41747089.26,1.12401168,41724888.16,0.0,0.0,3
10619684000168,2010-08-05,41917747.13,1.12444694,41741045.58,0.0,0.0,3
10619684000168,2010-08-06,41911350.35,1.12491552,41758439.8,0.0,0.0,3
10619684000168,2010-08-09,41929117.01,1.12535526,41774763.65,0.0,0.0,3
10619684000168,2010-08-10,41798284.0,1.12590848,41795299.8,0.0,0.0,3
10619684000168,2010-08-11,41817388.47,1.1263754,41812632.59,0.0,0.0,3
10619684000168,2010-08-12,41830190.18,1.12682406,41829287.68,0.0,0.0,3
10619684000168,2010-08-13,41847358.83,1.12725635,41845334.57,0.0,0.0,3
10619684000168,2010-08-16,41864005.85,1.1276826000000002,41861157.9,0.0,0.0,3
10619684000168,2010-08-17,41880776.2,1.12810456,41876821.48,0.0,0.0,3
10619684000168,2010-08-18,41898519.95,1.12855169,41893419.7,0.0,0.0,3
10619684000168,2010-08-19,41917312.99,1.12902589,41911022.71,0.0,0.0,3
10619684000168,2010-08-20,41934411.33,1.12945631,41927000.23,0.0,0.0,3
10619684000168,2010-08-23,41953559.53,1.12994035,41944968.72,0.0,0.0,3
10619684000168,2010-08-24,42190722.68,1.13050511,41965933.14,0.0,0.0,3
10619684000168,2010-08-25,42207921.71,1.13093804,41982004.21,0.0,0.0,3
10619684000168,2010-08-26,42010640.81,1.13138452,41998578.28,0.0,0.0,3
10619684000168,2010-08-27,42027762.87,1.13181559,40505205.1,0.0,1509375.15,3
10619684000168,2010-08-30,40549830.74,1.1323958,40525969.57,0.0,0.0,3
10619684000168,2010-08-31,40566611.39,1.13283408,40541654.62,0.0,0.0,3
10619684000168,2010-09-01,40583182.15,1.13326676,40557139.13,0.0,0.0,3
10619684000168,2010-09-02,40602666.96,1.13370504,40572824.2,0.0,0.0,3
10619684000168,2010-09-03,40609424.68,1.13414256,38575204.71,0.0,2013277.3,3
10619684000168,2010-09-06,38608239.4,1.13462933,38591761.12,0.0,0.0,3
10619684000168,2010-09-08,38619268.19,1.13506953,38606733.68,0.0,0.0,3
10619684000168,2010-09-09,38635698.43,1.1355212,38622095.99,0.0,0.0,3
10619684000168,2010-09-10,38651220.51,1.13594713,38636582.89,0.0,0.0,3
10619684000168,2010-09-13,38668289.72,1.13641676,38652556.51,0.0,0.0,3
10619684000168,2010-09-14,38685743.74,1.13689726,38668899.41,0.0,0.0,3
10619684000168,2010-09-15,38690705.3,1.13740693,36672419.45,0.0,2013815.14,3
10619684000168,2010-09-16,36707003.33,1.13787972,36687663.34,0.0,0.0,3
10619684000168,2010-09-17,36723064.03,1.13834651,36702713.74,0.0,0.0,3
10619684000168,2010-09-20,36741864.57,1.13882447,36718123.99,0.0,0.0,3
10619684000168,2010-09-21,36752440.74,1.13938876,36736317.94,0.0,0.0,3
10619684000168,2010-09-22,36773746.85,1.13986154,36751561.4,0.0,0.0,3
10619684000168,2010-09-23,36775081.36,1.14033402,35759167.74,0.0,1007627.61,3
10619684000168,2010-09-24,35790343.09,1.14078904,35773436.21,0.0,0.0,3
10619684000168,2010-09-27,35802636.83,1.14137677,35791866.65,0.0,0.0,3
10619684000168,2010-09-28,35828240.56,1.1418305,35806094.89,0.0,0.0,3
10619684000168,2010-09-29,35843337.81,1.14228104,35820223.12,0.0,0.0,3
10619684000168,2010-09-30,35858098.85,1.14272185,33818500.92,0.0,2015545.35,3
10619684000168,2010-10-01,33872969.14,1.14319061,33832373.89,0.0,0.0,3
10619684000168,2010-10-04,33886313.43,1.1436837,31830428.31,0.0,2016538.24,3
10619684000168,2010-10-05,31880884.15,1.14417062,31843980.02,0.0,0.0,3
10619684000168,2010-10-06,31895314.25,1.14465166,31857368.3,0.0,0.0,3
10619684000168,2010-10-07,31889948.08,1.14513919,31870936.94,0.0,0.0,3
10619684000168,2010-10-08,31897565.04,1.14556394,30370011.1,0.0,1512747.29,3
10619684000168,2010-10-11,30412067.47,1.14604855,30382858.41,0.0,0.0,3
10619684000168,2010-10-13,30424989.4,1.14650298,30394905.91,0.0,0.0,3
10619684000168,2010-10-14,30409523.71,1.14702711,28391533.32,0.0,2017267.74,3
10619684000168,2010-10-15,28427425.34,1.1475327,28404047.93,0.0,0.0,3
10619684000168,2010-10-18,28434953.45,1.14799339,27406453.28,0.0,1008997.68,3
10619684000168,2010-10-19,27336355.96,1.14853018,27419268.3,0.0,0.0,3
10619684000168,2010-10-20,27467301.46,1.1491433000000002,27433905.5,0.0,0.0,3
10619684000168,2010-10-21,27480480.42,1.14969108,25933262.59,0.0,1513720.26,3
10619684000168,2010-10-22,25990366.24,1.15023967,25945637.0,0.0,0.0,3
10619684000168,2010-10-25,25977070.81,1.15072147,24947466.76,0.0,1009037.98,3
10619684000168,2010-10-26,24988509.57,1.15121034,24958065.47,0.0,0.0,3
10619684000168,2010-10-27,25003063.97,1.15173577,24969456.67,0.0,0.0,3
10619684000168,2010-10-28,25017395.25,1.15234179,24982595.16,0.0,0.0,3
10619684000168,2010-10-29,25027735.97,1.15278584,24992222.17,0.0,0.0,3
10619684000168,2010-11-01,25036870.34,1.15327863,23993547.8,0.0,1009357.79,3
10619684000168,2010-11-03,24047348.8,1.1537458,24003267.15,0.0,0.0,3
10619684000168,2010-11-04,24036504.18,1.15415717,24011825.6,0.0,0.0,3
10619684000168,2010-11-05,24030901.97,1.15462782,22507398.19,0.0,1514219.09,3
10619684000168,2010-11-08,22530888.56,1.15516199,22517810.95,0.0,0.0,3
10619684000168,2010-11-09,22554268.6,1.15565539,21517795.95,0.0,1009632.97,3
10619684000168,2010-11-10,21564695.16,1.15617276,21527429.17,0.0,0.0,3
10619684000168,2010-11-11,21575181.06,1.1566929,21032156.62,0.0,504957.19,3
10619684000168,2010-11-12,21081900.93,1.15726856,19022628.69,0.0,2019995.28,3
10619684000168,2010-11-16,19061550.64,1.15780971,19031523.83,0.0,0.0,3
10619684000168,2010-11-17,19070642.46,1.15832018,18029806.89,0.0,1010107.78,3
10619684000168,2010-11-18,18053254.36,1.15872858,18036163.75,0.0,0.0,3
10619684000168,2010-11-19,18089458.32,1.15937514,17035943.7,0.0,1010284.2,3
10619684000168,2010-11-22,17097208.22,1.15997047,17044691.4,0.0,0.0,3
10619684000168,2010-11-23,17103910.0,1.16039492,17050928.32,0.0,0.0,3
10619684000168,2010-11-24,17065313.57,1.16086248,16097792.81,0.0,960005.87,3
10619684000168,2010-11-25,16123251.08,1.16138938,16105099.41,0.0,0.0,3
10619684000168,2010-11-26,16157196.59,1.16196489,15447584.23,0.0,665495.88,1
10619684000168,2010-11-29,15481271.71,1.1625784,15455740.37,0.0,0.0,1
10619684000168,2010-11-30,15489136.21,1.16312169,14844130.98,0.0,618832.09,1
10619684000168,2010-12-01,14994889.18,1.16357751,14849948.36,0.0,0.0,1
10619684000168,2010-12-02,15001974.31,1.16408825,14856466.53,0.0,0.0,1
10619684000168,2010-12-03,14874831.76,1.16470479,14362490.95,0.0,501844.07,1
10619684000168,2010-12-06,14381665.19,1.16521433,14368774.36,0.0,0.0,1
10619684000168,2010-12-07,14388541.95,1.16572696,13873176.1,0.0,501919.75,1
10619684000168,2010-12-08,13885395.38,1.16625572,13879468.81,0.0,0.0,1
10619684000168,2010-12-09,13892149.58,1.16677715,13383676.91,0.0,501997.38,1
10619684000168,2010-12-10,13401073.65,1.16732318,12687087.41,0.0,702852.8,1
10619684000168,2010-12-13,12704679.15,1.16791425,11689348.83,0.0,1004162.65,1
10619684000168,2010-12-14,11710804.09,1.16848039,10690768.98,0.0,1004246.13,1
10619684000168,2010-12-15,10712091.88,1.16906132,10696084.13,0.0,0.0,1
10619684000168,2010-12-16,10717650.64,1.16961457,10701145.99,0.0,0.0,1
10619684000168,2010-12-17,10721438.91,1.17014979,9701550.95,0.0,1004491.9,1
10619684000168,2010-12-20,9726713.93,1.1707338,9706392.89,0.0,0.0,1
10619684000168,2010-12-21,9732321.66,1.17114345,9709789.26,0.0,0.0,1
10619684000168,2010-12-22,9732138.19,1.17157817,6699288.25,0.0,3014105.18,1
10619684000168,2010-12-23,6724176.1,1.17225051,6703132.8,0.0,0.0,1
10619684000168,2010-12-24,6726614.26,1.17263829,6705350.18,0.0,0.0,1
10619684000168,2010-12-27,6730032.8,1.17320493,6708590.35,0.0,0.0,1
10619684000168,2010-12-28,6733466.45,1.17374223,6711662.73,0.0,0.0,1
10619684000168,2010-12-29,6737745.7,1.17442011,6715538.94,0.0,0.0,1
10619684000168,2010-12-30,6740146.99,1.17479229,6717667.16,0.0,0.0,1
10619684000168,2010-12-31,6743573.58,1.17533235,6720755.32,0.0,0.0,1
10619684000168,2011-01-03,6752214.66,1.17588828,6723934.19,0.0,0.0,1
10619684000168,2011-01-04,6750521.2,1.17640967,6726915.63,0.0,0.0,1
10619684000168,2011-01-05,6738774.67,1.17691871,6729826.4,0.0,0.0,1
10619684000168,2011-01-06,6742081.72,1.17741744,6732678.22,0.0,0.0,1
10619684000168,2011-01-07,6730237.88,1.17791153,6735503.51,0.0,0.0,1
10619684000168,2011-01-10,6734309.99,1.17855568,6739186.89,0.0,0.0,1
10619684000168,2011-01-11,6737723.69,1.17909852,6742290.93,0.0,0.0,1
10619684000168,2011-01-12,6741165.4,1.17964568,6745419.68,0.0,0.0,1
10619684000168,2011-01-13,6744613.41,1.18019382,6748554.05,0.0,0.0,1
10619684000168,2011-01-14,6748067.85,1.18074296,6751694.14,0.0,0.0,1
10619684000168,2011-01-17,6751492.13,1.18126788,6754695.73,0.0,0.0,1
10619684000168,2011-01-18,6754947.02,1.18181635,6757831.96,0.0,0.0,1
10619684000168,2011-01-19,6751578.33,1.18155218,6756321.37,0.0,0.0,1
10619684000168,2011-01-20,6754872.51,1.18207672,6759320.8,0.0,0.0,1
10619684000168,2011-01-21,6759001.94,1.18273806,4750449.28,0.0,2012653.15,1
10619684000168,2011-01-24,4756470.39,1.18342876,4753223.49,0.0,0.0,1
10619684000168,2011-01-25,4763678.85,1.18393359,4755251.11,0.0,0.0,1
10619684000168,2011-01-26,4765860.25,1.18443339,3750839.46,0.0,1006419.12,1
10619684000168,2011-01-27,3768063.48,1.18506281,3752832.67,0.0,0.0,1
10619684000168,2011-01-28,3769886.01,1.18558771,3754494.93,0.0,0.0,1
10619684000168,2011-01-31,3771705.44,1.18611177,3756154.5,0.0,0.0,1
10619684000168,2011-02-01,3773577.34,1.18663875,3757823.33,0.0,0.0,1
10619684000168,2011-02-02,3775424.23,1.1871588,3759470.23,0.0,0.0,1
10619684000168,2011-02-03,3757191.22,1.18765668,3761046.89,0.0,0.0,1
10619684000168,2011-02-04,3758952.72,1.18816712,3762663.35,0.0,0.0,1
10619684000168,2011-02-07,3755744.21,1.18866988,3764255.48,0.0,0.0,1
10619684000168,2011-02-08,3757657.42,1.18917887,3765867.33,0.0,0.0,1
10619684000168,2011-02-09,3759482.98,1.18969313,3767495.88,0.0,0.0,1
10619684000168,2011-02-10,3761786.68,1.19034,3769544.37,0.0,0.0,1
10619684000168,2011-02-11,3763588.41,1.19084669,3771148.97,0.0,0.0,1
10619684000168,2011-02-14,3765382.97,1.19135138,3772747.2,0.0,0.0,1
10619684000168,2011-02-15,3767101.04,1.19178381,3774116.61,0.0,0.0,1
10619684000168,2011-02-16,3768950.95,1.19225598,3775611.87,0.0,0.0,1
10619684000168,2011-02-17,3770756.42,1.19270967,3777048.61,0.0,0.0,1
10619684000168,2011-02-18,3772632.72,1.19318693,3778559.99,0.0,0.0,1
10619684000168,2011-02-21,3774435.39,1.19362277,3779940.2,0.0,0.0,1
10619684000168,2011-02-22,3776299.33,1.19414445,3781592.25,0.0,0.0,1
10619684000168,2011-02-23,8778144.54,1.1946603,8783225.81,5000000.0,0.0,1
10619684000168,2011-02-24,8781976.79,1.19514534,8786791.89,0.0,0.0,1
10619684000168,2011-02-25,8785828.4,1.19563322,8790378.78,0.0,0.0,1
10619684000168,2011-02-28,8789731.48,1.19612793,8794015.91,0.0,0.0,1
10619684000168,2011-03-01,8793641.34,1.19660911,8797553.61,0.0,0.0,1
10619684000168,2011-03-02,8798333.84,1.19701689,8800551.64,0.0,0.0,1
10619684000168,2011-03-03,13803571.57,1.1976712,13805362.18,5000000.0,0.0,1
10619684000168,2011-03-04,13804614.29,1.19816872,13811097.01,0.0,0.0,1
10619684000168,2011-03-09,13810915.08,1.19867616,13816946.16,0.0,0.0,1
10619684000168,2011-03-10,13819432.25,1.19918792,13822845.18,0.0,0.0,1
10619684000168,2011-03-11,13825832.12,1.19970285,13828780.68,0.0,0.0,1
10619684000168,2011-03-14,15832136.49,1.20020976,15834623.77,2000000.0,0.0,2
10619684000168,2011-03-15,18838989.47,1.20070623,18841173.73,3000000.0,0.0,2
10619684000168,2011-03-16,18849078.12,1.20130713,18850602.98,0.0,0.0,2
10619684000168,2011-03-17,18857717.41,1.20182094,18858665.44,0.0,0.0,2
10619684000168,2011-03-18,18865413.49,1.20227872,18865848.83,0.0,0.0,2
10619684000168,2011-03-21,18874068.11,1.20275831,18873374.45,0.0,0.0,2
10619684000168,2011-03-22,18882777.21,1.2032778,18881526.2,0.0,0.0,2
10619684000168,2011-03-23,18891521.19,1.20379967,18889715.29,0.0,0.0,2
10619684000168,2011-03-24,24899634.37,1.20428232,24897288.91,6000000.0,0.0,3
10619684000168,2011-03-25,24908026.67,1.20481731,24908349.22,0.0,0.0,3
10619684000168,2011-03-28,24920435.39,1.20532951,24918938.52,0.0,0.0,3
10619684000168,2011-03-29,24933238.67,1.20591199,24930980.65,0.0,0.0,3
10619684000168,2011-03-30,24944627.38,1.20642934,24941676.22,0.0,0.0,3
10619684000168,2011-03-31,24956023.4,1.20694691,24952376.56,0.0,0.0,3
10619684000168,2011-04-01,24967408.34,1.20746408,24963068.47,0.0,0.0,3
10619684000168,2011-04-04,24980266.99,1.20804918,24975164.8,0.0,0.0,3
10619684000168,2011-04-05,24991540.31,1.20856021,24985729.83,0.0,0.0,3
10619684000168,2011-04-06,31003044.59,1.20908047,30996485.62,6000000.0,0.0,3
10619684000168,2011-04-07,31006954.25,1.20958887,31009519.07,0.0,0.0,3
10619684000168,2011-04-08,31020945.06,1.2101011000000002,31022650.97,0.0,0.0,3
10619684000168,2011-04-11,31034953.3,1.21061483,31035821.03,0.0,0.0,3
10619684000168,2011-04-12,31046870.83,1.21112886,31048998.97,0.0,0.0,3
10619684000168,2011-04-13,31064366.42,1.21164348,31062191.95,0.0,0.0,3
10619684000168,2011-04-14,31079969.47,1.21221371,31076810.55,0.0,0.0,3
10619684000168,2011-04-15,31089685.49,1.21265249,31088059.47,0.0,0.0,3
10619684000168,2011-04-18,31103987.2,1.21317576,31101474.19,0.0,0.0,3
10619684000168,2011-04-19,31118043.96,1.21369037,31114667.0,0.0,0.0,3
10619684000168,2011-04-20,31132702.63,1.21422865,31128466.51,0.0,0.0,3
10619684000168,2011-04-25,31145934.94,1.21471363,31140899.61,0.0,0.0,3
10619684000168,2011-04-26,31160531.76,1.21525135,31154684.81,0.0,0.0,3
10619684000168,2011-04-27,31171662.29,1.21576841,31167940.49,0.0,0.0,3
10619684000168,2011-04-28,31185825.83,1.21628947,31181298.52,0.0,0.0,3
10619684000168,2011-04-29,31201932.54,1.21686144,31195961.73,0.0,0.0,3
10619684000168,2011-05-02,31218348.56,1.21746659,31211475.75,0.0,0.0,3
10619684000168,2011-05-03,31234523.44,1.21806246,31226751.75,0.0,0.0,3
10619684000168,2011-05-04,31248882.79,1.21858846,31240236.47,0.0,0.0,3
10619684000168,2011-05-05,31263105.53,1.2191093000000002,31253588.73,0.0,0.0,3
10619684000168,2011-05-06,31274130.11,1.21950722,31263790.0,0.0,0.0,3
10619684000168,2011-05-09,31273786.7,1.22004488,31277573.66,0.0,0.0,3
10619684000168,2011-05-10,31287934.34,1.22058897,31291522.24,0.0,0.0,3
10619684000168,2011-05-11,31304633.45,1.22120494,31307313.42,0.0,0.0,3
10619684000168,2011-05-12,30112036.88,1.22172547,31320658.07,0.0,0.0,3
10619684000168,2011-05-13,31337561.1,1.22229606,31335285.86,0.0,0.0,3
10619684000168,2011-05-16,31353384.38,1.22287832,31350213.05,0.0,0.0,3
10619684000168,2011-05-17,31368088.51,1.22341701,31364023.02,0.0,0.0,3
10619684000168,2011-05-18,31376888.05,1.22382086,31374376.26,0.0,0.0,3
10619684000168,2011-05-19,31389300.89,1.22450276,31391857.83,0.0,0.0,3
10619684000168,2011-05-20,31406668.27,1.22506538,31406281.41,0.0,0.0,3
10619684000168,2011-05-23,31424922.94,1.2257029,31422625.08,0.0,0.0,3
10619684000168,2011-05-24,31441957.31,1.22625427,31436760.16,0.0,0.0,3
10619684000168,2011-05-25,31457186.97,1.22681472,31451128.2,0.0,0.0,3
10619684000168,2011-05-26,31471804.58,1.22756416,31470341.2,0.0,0.0,3
10619684000168,2011-05-27,31493919.22,1.22812702,31484770.88,0.0,0.0,3
10619684000168,2011-05-30,31507955.41,1.22864315,31498002.57,0.0,0.0,3
10619684000168,2011-05-31,31523389.14,1.22920933,31388142.44,0.0,124375.05,3
10619684000168,2011-06-01,31537512.28,1.22973043,31401448.7,0.0,0.0,3
10619684000168,2011-06-02,31550335.6,1.23020453,31413555.08,0.0,0.0,3
10619684000168,2011-06-03,31438899.58,1.23070508,31426336.7,0.0,0.0,3
10619684000168,2011-06-06,30310983.36,1.23118175,31438508.51,0.0,0.0,3
10619684000168,2011-06-07,31449313.21,1.23168799,31451435.44,0.0,0.0,3
10619684000168,2011-06-08,31468012.57,1.23230317,31467144.21,0.0,0.0,3
10619684000168,2011-06-09,31481290.6,1.23290332,31482469.14,0.0,0.0,3
10619684000168,2011-06-10,31494836.53,1.23340143,31495188.68,0.0,0.0,3
10619684000168,2011-06-13,31509371.46,1.23393663,31508855.14,0.0,0.0,3
10619684000168,2011-06-14,31523546.66,1.23445793,31522166.62,0.0,0.0,3
10619684000168,2011-06-15,31539080.32,1.23503142,31536810.76,0.0,0.0,3
10619684000168,2011-06-16,31552803.67,1.2355351,31549672.22,0.0,0.0,3
10619684000168,2011-06-17,31567004.52,1.23605742,31563009.87,0.0,0.0,3
10619684000168,2011-06-20,31580569.82,1.23655498,31575715.16,0.0,0.0,3
10619684000168,2011-06-21,31595412.43,1.23747355,31599171.01,0.0,0.0,3
10619684000168,2011-06-22,31619626.05,1.23800054,31612627.86,0.0,0.0,3
10619684000168,2011-06-24,31633147.54,1.23849865,31625347.19,0.0,0.0,3
10619684000168,2011-06-27,31646754.77,1.23899888,31638120.77,0.0,0.0,3
10619684000168,2011-06-28,31659791.87,1.23947644,31650315.29,0.0,0.0,3
10619684000168,2011-06-29,31674126.76,1.24000405,31663788.08,0.0,0.0,3
10619684000168,2011-06-30,31686226.86,1.24044544,31675058.99,0.0,0.0,3
10619684000168,2011-07-01,31701152.23,1.24099545,31689103.7,0.0,0.0,3
10619684000168,2011-07-04,31716106.49,1.24154658,31703176.94,0.0,0.0,3
10619684000168,2011-07-05,31729034.37,1.24201921,31715245.47,0.0,0.0,3
10619684000168,2011-07-06,31743299.18,1.24254263,31728611.34,0.0,0.0,3
10619684000168,2011-07-07,31742474.27,1.24306254,31741887.15,0.0,0.0,3
10619684000168,2011-07-08,31751713.93,1.24358512,31755231.52,0.0,0.0,3
10619684000168,2011-07-11,31766641.64,1.24413464,31769263.61,0.0,0.0,3
10619684000168,2011-07-12,31780424.65,1.2446392,31782147.66,0.0,0.0,3
10619684000168,2011-07-13,31798531.08,1.24531318,31799357.78,0.0,0.0,3
10619684000168,2011-07-14,31813610.17,1.24586858,31813540.14,0.0,0.0,3
10619684000168,2011-07-15,31827936.79,1.2463945,31826969.65,0.0,0.0,3
10619684000168,2011-07-18,31844073.67,1.24699146,31842213.2,0.0,0.0,3
10619684000168,2011-07-19,31858756.27,1.2475313,31855997.98,0.0,0.0,3
10619684000168,2011-07-20,31870660.65,1.24803255,31868797.6,0.0,0.0,3
10619684000168,2011-07-21,31886851.14,1.24892102,31891484.86,0.0,0.0,3
10619684000168,2011-07-22,31911866.5,1.24947532,31905639.01,0.0,0.0,3
10619684000168,2011-07-25,31925511.96,1.24997561,31918414.08,0.0,0.0,3
10619684000168,2011-07-26,31943861.08,1.25066089,31935912.89,0.0,0.0,3
10619684000168,2011-07-27,31960441.66,1.25127669,31951637.52,0.0,0.0,3
10619684000168,2011-07-28,31976187.11,1.2518578000000002,31966476.34,0.0,0.0,3
10619684000168,2011-07-29,31992821.81,1.25245092,31981621.64,0.0,0.0,3
10619684000168,2011-08-01,32003787.87,1.25300159,31995683.15,0.0,0.0,3
10619684000168,2011-08-02,32018750.15,1.253552,32009737.92,0.0,0.0,3
10619684000168,2011-08-03,32033707.48,1.2541023999999998,32023792.47,0.0,0.0,3
10619684000168,2011-08-04,32048687.12,1.25465345,32037863.88,0.0,0.0,3
10619684000168,2011-08-05,32048705.71,1.25520602,32051973.88,0.0,0.0,3
10619684000168,2011-08-08,32063737.62,1.25575926,32066100.79,0.0,0.0,3
10619684000168,2011-08-09,32078764.68,1.25637015,32081700.01,0.0,0.0,3
10619684000168,2011-08-10,32093782.59,1.25692156,32095780.58,0.0,0.0,3
10619684000168,2011-08-11,32108813.2,1.25759035,32112858.09,0.0,0.0,3
10619684000168,2011-08-12,32128855.91,1.25814153,32126932.67,0.0,0.0,3
10619684000168,2011-08-15,32143901.5,1.25869502,32141066.23,0.0,0.0,3
10619684000168,2011-08-16,32158956.73,1.259249,32155212.22,0.0,0.0,3
10619684000168,2011-08-17,32174024.83,1.25980349,32169371.33,0.0,0.0,3
10619684000168,2011-08-18,32189120.36,1.26056087,32188711.07,0.0,0.0,3
10619684000168,2011-08-19,32209201.04,1.26111576,32202880.24,0.0,0.0,3
10619684000168,2011-08-22,32224286.49,1.26176679,32219504.57,0.0,0.0,3
10619684000168,2011-08-23,32239376.53,1.26250387,32238326.03,0.0,0.0,3
10619684000168,2011-08-24,32259478.6,1.26334092,32259700.41,0.0,0.0,3
10619684000168,2011-08-25,32279582.79,1.26390077,32273996.1,0.0,0.0,3
10619684000168,2011-08-26,32294699.72,1.264461,32288301.73,0.0,0.0,3
10619684000168,2011-08-29,32315673.32,1.26499865,32302030.9,0.0,0.0,3
10619684000168,2011-08-30,32326394.14,1.26584834,32323727.93,0.0,0.0,3
10619684000168,2011-08-31,32352452.78,1.26644048,32338848.4,0.0,0.0,3
10619684000168,2011-09-01,32360278.86,1.26684237,32349110.64,0.0,0.0,3
10619684000168,2011-09-02,32374835.44,1.2673706,32362599.11,0.0,0.0,3
10619684000168,2011-09-05,32389412.96,1.26790595,32376269.33,0.0,0.0,3
10619684000168,2011-09-06,32404006.02,1.26844109,32389934.44,0.0,0.0,3
10619684000168,2011-09-08,32403650.24,1.26926388,32410944.48,0.0,0.0,3
10619684000168,2011-09-09,32423267.96,1.26980262,32424701.27,0.0,0.0,3
10619684000168,2011-09-12,32437860.99,1.27034047,32438435.47,0.0,0.0,3
10619684000168,2011-09-13,32452477.48,1.27087871,32452179.46,0.0,0.0,3
10619684000168,2011-09-14,32467086.29,1.27141581,32465894.37,0.0,0.0,3
10619684000168,2011-09-15,32481704.64,1.27195325,32479618.19,0.0,0.0,3
10619684000168,2011-09-16,32496337.58,1.2724911,32493352.22,0.0,0.0,3
10619684000168,2011-09-19,32510972.22,1.27302866,32507078.92,0.0,0.0,3
10619684000168,2011-09-20,32520600.81,1.27356585,32520796.18,0.0,0.0,3
10619684000168,2011-09-21,32535242.18,1.2741051,32534566.01,0.0,0.0,3
10619684000168,2011-09-22,32549886.29,1.27464431,32548335.01,0.0,0.0,3
10619684000168,2011-09-23,34964543.66,1.27518349,34962103.04,2400000.0,0.0,4
10619684000168,2011-09-26,34980228.1,1.27571823,34976764.08,0.0,0.0,4
10619684000168,2011-09-27,36848601.6,1.27629442,36842561.69,1850000.0,0.0,4
10619684000168,2011-09-28,36864034.0,1.27691767,36860552.98,0.0,0.0,4
10619684000168,2011-09-29,36884999.53,1.27743548,36875500.69,0.0,0.0,4
10619684000168,2011-09-30,36898781.38,1.27794787,36890291.68,0.0,0.0,4
10619684000168,2011-10-03,36914957.34,1.27847325,36905457.73,0.0,0.0,4
10619684000168,2011-10-04,36931596.03,1.27924878,36927844.79,0.0,0.0,4
10619684000168,2011-10-05,36958220.69,1.27978622,36943358.82,0.0,0.0,4
10619684000168,2011-10-06,36974439.47,1.28031007,36958480.81,0.0,0.0,4
10619684000168,2011-10-07,36970742.6,1.28083592,36973660.54,0.0,0.0,4
10619684000168,2011-10-10,36987517.32,1.28137773,36989300.83,0.0,0.0,4
10619684000168,2011-10-11,37004154.81,1.28191475,37004802.79,0.0,0.0,4
10619684000168,2011-10-13,37020635.13,1.28244638,37020149.35,0.0,0.0,4
10619684000168,2011-10-14,37037436.34,1.28300491,37036272.36,0.0,0.0,4
10619684000168,2011-10-17,37046272.74,1.28344549,37048990.39,0.0,0.0,4
10619684000168,2011-10-18,37062671.92,1.28397391,37064244.26,0.0,0.0,4
10619684000168,2011-10-19,37079452.18,1.28451536,37079874.2,0.0,0.0,4
10619684000168,2011-10-20,37095378.64,1.28502713,37094647.4,0.0,0.0,4
10619684000168,2011-10-21,37107136.62,1.28556955,37110305.38,0.0,0.0,4
10619684000168,2011-10-24,37124695.35,1.28613614,37126660.99,0.0,0.0,4
10619684000168,2011-10-25,37140330.96,1.28666137,37141822.55,0.0,0.0,4
10619684000168,2011-10-26,37162862.44,1.28721237,37157728.17,0.0,0.0,4
10619684000168,2011-10-27,37172503.6,1.28786996,37176710.94,0.0,0.0,4
10619684000168,2011-10-28,37198678.22,1.28839028,37191730.67,0.0,0.0,4
10619684000168,2011-10-31,37212933.46,1.28884418,37204833.43,0.0,0.0,4
10619684000168,2011-11-01,37228902.65,1.28935124,37219470.57,0.0,0.0,4
10619684000168,2011-11-03,37244973.03,1.28986617,37234335.01,0.0,0.0,4
10619684000168,2011-11-04,37261629.8,1.29040128,37249781.98,0.0,0.0,4
10619684000168,2011-11-07,37258155.68,1.29093188,37265098.57,0.0,0.0,4
10619684000168,2011-11-08,37273349.18,1.29141639,37279084.99,0.0,0.0,4
10619684000168,2011-11-09,37287892.34,1.29187846,37292423.34,0.0,0.0,4
10619684000168,2011-11-10,37304175.41,1.29240078,37307501.29,0.0,0.0,4
10619684000168,2011-11-11,37321495.32,1.29295902,37323615.71,0.0,0.0,4
10619684000168,2011-11-14,37336875.09,1.29345005,37337790.17,0.0,0.0,4
10619684000168,2011-11-16,37353760.25,1.29399319,34825716.53,0.0,2527752.53,4
10619684000168,2011-11-17,34868936.7,1.29451462,34839749.93,0.0,0.0,4
10619684000168,2011-11-18,34883013.26,1.29499517,33335963.66,0.0,1516719.41,4
10619684000168,2011-11-21,33395298.64,1.29552904,33349706.62,0.0,0.0,4
10619684000168,2011-11-22,33409332.19,1.29603322,33362685.35,0.0,0.0,4
10619684000168,2011-11-23,33378025.64,1.29652449,32067201.03,0.0,1308130.63,3
10619684000168,2011-11-24,32102268.37,1.29705882,32080416.86,0.0,0.0,3
10619684000168,2011-11-25,32115924.74,1.29756961,32093050.23,0.0,0.0,3
10619684000168,2011-11-28,32130089.28,1.29810111,30588384.11,0.0,1517811.82,3
10619684000168,2011-11-29,30643554.4,1.2986309,30600868.13,0.0,0.0,3
10619684000168,2011-11-30,30654879.71,1.29916499,30389405.26,0.0,224048.04,3
10619684000168,2011-12-01,30668708.57,1.29971467,30402263.1,0.0,0.0,3
10619684000168,2011-12-02,30680790.95,1.30018967,30413374.12,0.0,0.0,3
10619684000168,2011-12-05,30418786.92,1.30070372,28919277.23,0.0,1506121.24,3
10619684000168,2011-12-06,28932735.49,1.30128911,28932292.52,0.0,0.0,3
10619684000168,2011-12-07,28943240.16,1.30171955,27335147.06,0.0,1606715.76,3
10619684000168,2011-12-08,27354343.47,1.30220572,27345356.19,0.0,0.0,3
10619684000168,2011-12-09,27364224.38,1.30273752,27356523.5,0.0,0.0,3
10619684000168,2011-12-12,27380413.52,1.30323104,27366887.21,0.0,0.0,3
10619684000168,2011-12-13,27392216.93,1.30375051,27377795.65,0.0,0.0,3
10619684000168,2011-12-14,27388518.51,1.30424607,27388201.97,0.0,0.0,3
10619684000168,2011-12-15,27399794.68,1.30472512,26393720.28,0.0,1004541.49,3
10619684000168,2011-12-16,26411056.87,1.3052393,25603562.99,0.0,800558.84,3
10619684000168,2011-12-19,25620968.29,1.30574217,25613427.19,0.0,0.0,3
10619684000168,2011-12-20,25631474.83,1.3062344,24115928.65,0.0,1507154.21,3
10619684000168,2011-12-21,24141982.0,1.30675973,24125627.28,0.0,0.0,3
10619684000168,2011-12-22,24151865.53,1.30725123,24134701.39,0.0,0.0,3
10619684000168,2011-12-23,24147469.74,1.3077815000000002,24144491.38,0.0,0.0,3
10619684000168,2011-12-26,24157405.44,1.30827411,24153586.05,0.0,0.0,3
10619684000168,2011-12-27,24167367.05,1.30876956,24162733.17,0.0,0.0,3
10619684000168,2011-12-28,24177308.64,1.30926392,24171860.03,0.0,0.0,3
10619684000168,2011-12-29,24187238.07,1.3097576000000002,24180974.52,0.0,0.0,3
10619684000168,2011-12-30,24197181.02,1.31025819,24190216.41,0.0,0.0,3
10619684000168,2012-01-02,24207130.34,1.31075853,24199453.83,0.0,0.0,3
10619684000168,2012-01-03,24217138.28,1.31126203,24208749.63,0.0,0.0,3
10619684000168,2012-01-04,24227095.58,1.31176278,24217994.58,0.0,0.0,3
10619684000168,2012-01-05,24227063.27,1.31225782,24227134.01,0.0,0.0,3
10619684000168,2012-01-06,24231979.55,1.31278083,21220091.76,0.0,3016698.17,3
10619684000168,2012-01-09,21246846.48,1.31336935,21229604.78,0.0,0.0,3
10619684000168,2012-01-10,21250541.79,1.31388683,19586657.36,0.0,1651312.03,2
10619684000168,2012-01-11,19619272.06,1.31442959,19594748.56,0.0,0.0,2
10619684000168,2012-01-12,19627407.26,1.31493253,17096010.65,0.0,2506235.45,2
10619684000168,2012-01-13,17110271.68,1.31551381,17103568.05,0.0,0.0,2
10619684000168,2012-01-16,17117133.68,1.31602232,17110179.46,0.0,0.0,2
10619684000168,2012-01-17,17124164.26,1.31651816,17116626.05,0.0,0.0,2
10619684000168,2012-01-18,17131750.57,1.31705709,17123632.87,0.0,0.0,2
10619684000168,2012-01-19,17138802.5,1.31755498,17130106.15,0.0,0.0,2
10619684000168,2012-01-20,17145489.14,1.31802391,17136202.93,0.0,0.0,2
10619684000168,2012-01-23,17152236.61,1.31849828,17142370.45,0.0,0.0,2
10619684000168,2012-01-24,17159001.6,1.31897235,17148534.07,0.0,0.0,2
10619684000168,2012-01-25,17155740.18,1.31944633,17154696.53,0.0,0.0,2
10619684000168,2012-01-26,17162779.37,1.31994219,17161143.33,0.0,0.0,2
10619684000168,2012-01-27,17169605.28,1.32042286,17167392.81,0.0,0.0,2
10619684000168,2012-01-30,17176342.0,1.32089667,17173552.93,0.0,0.0,2
10619684000168,2012-01-31,17183180.9,1.32137832,17179815.09,0.0,0.0,2
10619684000168,2012-02-01,17190533.09,1.32185174,17185970.21,0.0,0.0,2
10619684000168,2012-02-02,17197427.12,1.3223363000000001,17192270.24,0.0,0.0,2
10619684000168,2012-02-03,17194842.84,1.32280095,17198311.32,0.0,0.0,2
10619684000168,2012-02-06,17201680.17,1.32327977,17204536.7,0.0,0.0,2
10619684000168,2012-02-07,17208386.4,1.32374969,17210646.3,0.0,0.0,2
10619684000168,2012-02-08,17215036.17,1.32421542,17216701.47,0.0,0.0,2
10619684000168,2012-02-09,17221645.82,1.32467805,17222716.4,0.0,0.0,2
10619684000168,2012-02-10,17228329.72,1.32508546,17228013.3,0.0,0.0,2
10619684000168,2012-02-13,17235024.8,1.32551314,17233573.69,0.0,0.0,2
10619684000168,2012-02-14,17241635.09,1.3257813,17237060.22,0.0,0.0,2
10619684000168,2012-02-15,17243252.29,1.32624486,17243087.12,0.0,0.0,2
10619684000168,2012-02-16,17249902.59,1.32671057,17249142.07,0.0,0.0,2
10619684000168,2012-02-17,19756562.61,1.32717353,19755161.21,2500000.0,0.0,2
10619684000168,2012-02-22,19764156.72,1.32764003,19762105.14,0.0,0.0,2
10619684000168,2012-02-23,19772537.0,1.32815889,19769828.38,0.0,0.0,2
10619684000168,2012-02-24,19780762.32,1.32866777,19777403.17,0.0,0.0,2
10619684000168,2012-02-27,22788901.2,1.3291704,22784884.88,3000000.0,0.0,3
10619684000168,2012-02-28,22798385.17,1.32965998,22793277.29,0.0,0.0,3
10619684000168,2012-02-29,22807634.09,1.33015699,22801797.23,0.0,0.0,3
10619684000168,2012-03-01,22816447.09,1.33062892,22809887.14,0.0,0.0,3
10619684000168,2012-03-02,22824722.17,1.33106946,22817438.89,0.0,0.0,3
10619684000168,2012-03-05,22833900.06,1.33151075,22825003.55,0.0,0.0,3
10619684000168,2012-03-06,25833829.07,1.33200978,25833557.95,3000000.0,0.0,3
10619684000168,2012-03-07,25844608.32,1.33251363,25843330.0,0.0,0.0,3
10619684000168,2012-03-08,25855577.39,1.33304065,25853551.25,0.0,0.0,3
10619684000168,2012-03-09,26366768.76,1.33353019,25863045.59,0.0,0.0,3
10619684000168,2012-03-12,30876744.88,1.33400171,30372190.4,4500000.0,0.0,3
10619684000168,2012-03-13,30386597.64,1.33445466,30382503.1,0.0,0.0,3
10619684000168,2012-03-14,30398983.02,1.33494676,30393706.96,0.0,0.0,3
10619684000168,2012-03-15,32914207.57,1.33561662,32908958.15,2500000.0,0.0,3
10619684000168,2012-03-16,32928453.13,1.33613349,32921693.58,0.0,0.0,3
10619684000168,2012-03-19,32937076.73,1.33659906,32933164.98,0.0,0.0,3
10619684000168,2012-03-20,32954717.93,1.3372743,32949802.7,0.0,0.0,3
10619684000168,2012-03-21,32968864.22,1.33780649,32962915.51,0.0,0.0,3
10619684000168,2012-03-22,32985201.51,1.33839681,32977460.72,0.0,0.0,3
10619684000168,2012-03-23,38002357.99,1.33895328,37991172.01,5000000.0,0.0,3
10619684000168,2012-03-26,38015193.62,1.3393694,38002978.94,0.0,0.0,3
10619684000168,2012-03-27,38045352.84,1.34036725,38031291.45,0.0,0.0,3
10619684000168,2012-03-28,38070830.87,1.34121027,38055211.14,0.0,0.0,3
10619684000168,2012-03-29,38085013.05,1.34169307,38068910.18,0.0,0.0,3
10619684000168,2012-03-30,38100419.48,1.34220939,38083560.2,0.0,0.0,3
10619684000168,2012-04-02,38118664.65,1.34280161,38100363.56,0.0,0.0,3
10619684000168,2012-04-03,38133576.13,1.34329365,38114324.65,0.0,0.0,3
10619684000168,2012-04-04,38149707.92,1.34380488,38128830.14,0.0,0.0,3
10619684000168,2012-04-05,38147997.92,1.34422672,38140799.23,0.0,0.0,3
10619684000168,2012-04-09,38159050.11,1.34474845,38155602.74,0.0,0.0,3
10619684000168,2012-04-10,38176285.98,1.34532259,38171893.32,0.0,0.0,3
10619684000168,2012-04-11,38189292.69,1.34574508,38183880.84,0.0,0.0,3
10619684000168,2012-04-12,38204457.43,1.34621764,38197289.37,0.0,0.0,3
10619684000168,2012-04-13,38219210.73,1.34669936,38210957.54,0.0,0.0,3
10619684000168,2012-04-16,38232542.75,1.34711706,38222809.17,0.0,0.0,3
10619684000168,2012-04-17,38248798.25,1.34760944,38236779.9,0.0,0.0,3
10619684000168,2012-04-18,38263492.59,1.34809232,38250480.97,0.0,0.0,3
10619684000168,2012-04-19,38279689.65,1.34864386,38266130.41,0.0,0.0,3
10619684000168,2012-04-20,38292931.43,1.34906956,38278209.2,0.0,0.0,3
10619684000168,2012-04-23,38306775.97,1.34951792,38290930.77,0.0,0.0,3
10619684000168,2012-04-24,38324872.63,1.35010531,38307597.24,0.0,0.0,3
10619684000168,2012-04-25,38335286.51,1.3506042,38321752.59,0.0,0.0,3
10619684000168,2012-04-26,38347911.22,1.35101122,38333301.33,0.0,0.0,3
10619684000168,2012-04-27,38369301.04,1.35170707,38353045.32,0.0,0.0,3
10619684000168,2012-04-30,38383811.83,1.35217627,38366358.22,0.0,0.0,3
10619684000168,2012-05-02,38423894.49,1.35348812,38403580.21,0.0,0.0,3
10619684000168,2012-05-03,38436170.82,1.35388404,38414814.05,0.0,0.0,3
10619684000168,2012-05-04,38479812.48,1.3553046999999998,38455123.55,0.0,0.0,3
10619684000168,2012-05-07,38523686.42,1.35668338,38494242.06,0.0,0.0,3
10619684000168,2012-05-08,38493299.67,1.35637918,38485610.77,0.0,0.0,3
10619684000168,2012-05-09,38492863.14,1.35637397,38485462.95,0.0,0.0,3
10619684000168,2012-05-10,38540638.45,1.35788309,38528282.19,0.0,0.0,3
10619684000168,2012-05-11,38550802.26,1.35821601,38537728.36,0.0,0.0,3
10619684000168,2012-05-14,38566881.64,1.3587325,38552383.26,0.0,0.0,3
10619684000168,2012-05-15,38578459.26,1.35909515,38562673.1,0.0,0.0,3
10619684000168,2012-05-16,38596228.07,1.35951964,38574717.34,0.0,0.0,3
10619684000168,2012-05-17,38612417.91,1.35997027,38587503.51,0.0,0.0,3
10619684000168,2012-05-18,38672244.71,1.36182875,38640235.49,0.0,0.0,3
10619684000168,2012-05-21,38666897.48,1.36205932,38646777.57,0.0,0.0,3
10619684000168,2012-05-22,38638525.17,1.36161408,38634144.5,0.0,0.0,3
10619684000168,2012-05-23,38677417.44,1.36194074,38643413.04,0.0,0.0,3
10619684000168,2012-05-24,38653754.0,1.36195603,38643846.86,0.0,0.0,3
10619684000168,2012-05-25,38683773.33,1.36219982,38650764.35,0.0,0.0,3
10619684000168,2012-05-28,38686404.1,1.36244914,38657838.31,0.0,0.0,3
10619684000168,2012-05-29,38704789.13,1.36265387,38663647.4,0.0,0.0,3
10619684000168,2012-05-30,38710476.74,1.36335557,38683557.17,0.0,0.0,3
10619684000168,2012-05-31,38719332.58,1.3639142,38503148.18,0.0,196259.59,3
10619684000168,2012-06-01,40261565.21,1.36415442,38509929.45,0.0,0.0,3
10619684000168,2012-06-04,40235956.78,1.36411202,38508732.53,0.0,0.0,3
10619684000168,2012-06-05,40054887.61,1.36342626,38489373.62,0.0,0.0,3
10619684000168,2012-06-06,38569800.51,1.36488018,38530417.53,0.0,0.0,3
10619684000168,2012-06-08,38580328.35,1.36539852,38545050.2,0.0,0.0,3
10619684000168,2012-06-11,38541236.35,1.36534035,38543408.02,0.0,0.0,3
10619684000168,2012-06-12,38588783.14,1.36621716,38568160.44,0.0,0.0,3
10619684000168,2012-06-13,38606474.68,1.36687264,38586664.49,0.0,0.0,3
10619684000168,2012-06-14,38613313.47,1.36714495,38594351.82,0.0,0.0,3
10619684000168,2012-06-15,38638456.19,1.36865717,38637041.57,0.0,0.0,3
10619684000168,2012-06-18,38673004.33,1.36904694,38648044.79,0.0,0.0,3
10619684000168,2012-06-19,38721988.14,1.37044375,38687476.62,0.0,0.0,3
10619684000168,2012-06-20,38725261.05,1.37090283,38700436.41,0.0,0.0,3
10619684000168,2012-06-21,38689766.98,1.36948981,38660546.92,0.0,0.0,3
10619684000168,2012-06-22,38686239.83,1.36954968,38662236.99,0.0,0.0,3
10619684000168,2012-06-25,38653899.28,1.36820592,38624303.0,0.0,0.0,3
10619684000168,2012-06-26,38647103.25,1.36833442,38627930.28,0.0,0.0,3
10619684000168,2012-06-27,38631238.27,1.3678481000000002,38614201.56,0.0,0.0,3
10619684000168,2012-06-28,38633141.53,1.36785839,38614492.2,0.0,0.0,3
10619684000168,2012-06-29,38713349.28,1.37051383,38689454.79,0.0,0.0,3
10619684000168,2012-07-02,38740214.33,1.37162259,38720755.2,0.0,0.0,3
10619684000168,2012-07-03,38788150.69,1.37288871,38756497.57,0.0,0.0,3
10619684000168,2012-07-04,38779775.32,1.37316049,38764169.73,0.0,0.0,3
10619684000168,2012-07-05,38798967.23,1.37349371,38773576.5,0.0,0.0,3
10619684000168,2012-07-06,38781166.08,1.37311541,38762897.33,0.0,0.0,3
10619684000168,2012-07-09,38792100.2,1.37347044,38772919.77,0.0,0.0,3
10619684000168,2012-07-10,38741338.23,1.37193034,38729442.74,0.0,0.0,3
10619684000168,2012-07-11,38764844.14,1.37280146,38754034.55,0.0,0.0,3
10619684000168,2012-07-12,38758536.55,1.37292126,38757416.32,0.0,0.0,3
10619684000168,2012-07-13,38819604.96,1.37476338,38809419.12,0.0,0.0,3
10619684000168,2012-07-16,38805611.81,1.37498337,38815629.67,0.0,0.0,3
10619684000168,2012-07-17,38819187.25,1.37552634,38830957.43,0.0,0.0,3
10619684000168,2012-07-18,38855895.68,1.37653882,38859539.68,0.0,0.0,3
10619684000168,2012-07-19,38895913.52,1.37774694,38893644.68,0.0,0.0,3
10619684000168,2012-07-20,38881531.07,1.37734882,38882405.9,0.0,0.0,3
10619684000168,2012-07-23,38868051.01,1.37702458,38873252.78,0.0,0.0,3
10619684000168,2012-07-24,39054196.86,1.37653423,38859410.1,0.0,0.0,3
10619684000168,2012-07-25,39067090.8,1.37658146,38860743.43,0.0,0.0,3
10619684000168,2012-07-26,39117607.67,1.37847775,38914275.63,0.0,0.0,3
10619684000168,2012-07-27,38982584.38,1.38109837,38988255.26,0.0,0.0,3
10619684000168,2012-07-30,39030289.95,1.38245941,39026677.2,0.0,0.0,3
10619684000168,2012-07-31,39001794.38,1.38159872,39002380.11,0.0,0.0,3
10619684000168,2012-08-01,39031744.83,1.38268105,39032934.2,0.0,0.0,3
10619684000168,2012-08-02,39009898.16,1.38195788,39012519.27,0.0,0.0,3
10619684000168,2012-08-03,39080530.47,1.38420914,39076072.14,0.0,0.0,3
10619684000168,2012-08-06,39113464.75,1.38595088,39125241.25,0.0,0.0,3
10619684000168,2012-08-07,39110166.3,1.38578094,39120443.7,0.0,0.0,3
10619684000168,2012-08-08,39170623.1,1.38813227,39186821.42,0.0,0.0,3
10619684000168,2012-08-09,37266765.32,1.38853733,39198256.35,0.0,0.0,3
10619684000168,2012-08-10,36899795.18,1.38827813,39190939.12,0.0,0.0,3
10619684000168,2012-08-13,36912681.42,1.38873781,39203915.83,0.0,0.0,3
10619684000168,2012-08-14,38835490.82,1.38897086,39210494.95,0.0,0.0,3
10619684000168,2012-08-15,39229331.12,1.38927705,39219138.44,0.0,0.0,3
10619684000168,2012-08-16,39205687.53,1.38864781,39201375.17,0.0,0.0,3
10619684000168,2012-08-17,39225105.64,1.38925586,39218540.26,0.0,0.0,3
10619684000168,2012-08-20,39217628.29,1.3893721,39221821.67,0.0,0.0,3
10619684000168,2012-08-21,39252742.19,1.39020709,39245393.56,0.0,0.0,3
10619684000168,2012-08-22,39264394.25,1.39052609,39254398.91,0.0,0.0,3
10619684000168,2012-08-23,39268247.95,1.39068378,39258850.43,0.0,0.0,3
10619684000168,2012-08-24,39282238.91,1.39108234,39270101.6,0.0,0.0,3
10619684000168,2012-08-27,39301687.84,1.39184719,39291693.26,0.0,0.0,3
10619684000168,2012-08-28,39322390.91,1.39228163,39303957.43,0.0,0.0,3
10619684000168,2012-08-29,39323387.18,1.39246685,39309186.3,0.0,0.0,3
10619684000168,2012-08-30,39317442.6,1.39243622,39308321.62,0.0,0.0,3
10619684000168,2012-08-31,39328974.46,1.39278293,39318109.22,0.0,0.0,3
10619684000168,2012-09-03,39332475.58,1.39305314,39325737.08,0.0,0.0,3
10619684000168,2012-09-04,39354076.11,1.39369133,39343753.26,0.0,0.0,3
10619684000168,2012-09-05,39379764.82,1.39427818,39360319.88,0.0,0.0,3
10619684000168,2012-09-06,39363026.69,1.39453675,39367619.25,0.0,0.0,3
10619684000168,2012-09-10,39366899.93,1.39489176,39377641.14,0.0,0.0,3
10619684000168,2012-09-11,39399476.78,1.39558551,39397225.64,0.0,0.0,3
10619684000168,2012-09-12,39417120.39,1.39629219,39417175.22,0.0,0.0,3
10619684000168,2012-09-13,39431989.94,1.39693945,39435447.4,0.0,0.0,3
10619684000168,2012-09-14,39448210.41,1.39719051,39442534.54,0.0,0.0,3
10619684000168,2012-09-17,39472376.77,1.39773608,39457935.99,0.0,0.0,3
10619684000168,2012-09-18,39473835.63,1.39794231,39463757.92,0.0,0.0,3
10619684000168,2012-09-19,39480887.36,1.39820177,39471082.31,0.0,0.0,3
10619684000168,2012-09-20,39499167.76,1.39885563,39489540.74,0.0,0.0,3
10619684000168,2012-09-21,39520324.66,1.39968036,39512822.78,0.0,0.0,3
10619684000168,2012-09-24,39548443.91,1.4003166,39530783.97,0.0,0.0,3
10619684000168,2012-09-25,39569626.72,1.40084627,39545736.41,0.0,0.0,3
10619684000168,2012-09-26,39564179.55,1.40088764,39546904.13,0.0,0.0,3
10619684000168,2012-09-27,39576811.45,1.40114773,39554246.63,0.0,0.0,3
10619684000168,2012-09-28,39588549.41,1.40154669,39565509.13,0.0,0.0,3
10619684000168,2012-10-01,39599308.2,1.40196073,39577197.41,0.0,0.0,3
10619684000168,2012-10-02,39611117.82,1.40230962,39587046.62,0.0,0.0,3
10619684000168,2012-10-03,39619772.96,1.40285185,39602353.53,0.0,0.0,3
10619684000168,2012-10-04,39642704.13,1.4033636,39616800.3,0.0,0.0,3
10619684000168,2012-10-05,39684129.05,1.40505061,39664424.47,0.0,0.0,3
10619684000168,2012-10-08,39667770.13,1.4047934,39657163.51,0.0,0.0,3
10619684000168,2012-10-09,39690313.87,1.40557601,39679256.28,0.0,0.0,3
10619684000168,2012-10-10,39702708.47,1.4060966000000001,39693952.58,0.0,0.0,3
10619684000168,2012-10-11,39724434.88,1.40639595,39702403.28,0.0,0.0,3
10619684000168,2012-10-15,39725179.82,1.40670227,39711050.66,0.0,0.0,3
10619684000168,2012-10-16,39734252.28,1.40689058,39716366.68,0.0,0.0,3
10619684000168,2012-10-17,39724630.18,1.406919,39717168.94,0.0,0.0,3
10619684000168,2012-10-18,39751099.53,1.40743043,39731606.5,0.0,0.0,3
10619684000168,2012-10-19,39763187.58,1.40799338,37733095.39,0.0,2014403.21,3
10619684000168,2012-10-22,37779065.06,1.40837184,37743237.64,0.0,0.0,3
10619684000168,2012-10-23,37793354.27,1.40893762,37758400.09,0.0,0.0,3
10619684000168,2012-10-24,37788161.53,1.40922769,37766173.94,0.0,0.0,3
10619684000168,2012-10-25,37792225.04,1.40952736,37774204.85,0.0,0.0,3
10619684000168,2012-10-26,37802336.18,1.40990815,35769474.91,0.0,2014934.74,3
10619684000168,2012-10-29,35811007.21,1.41032562,35780066.06,0.0,0.0,3
10619684000168,2012-10-30,35825946.35,1.41082072,34281201.05,0.0,1511425.74,3
10619684000168,2012-10-31,34336618.27,1.41120419,34290518.86,0.0,0.0,3
10619684000168,2012-11-01,34348529.23,1.41170093,34302588.98,0.0,0.0,3
10619684000168,2012-11-05,34364107.67,1.41234657,34318277.33,0.0,0.0,3
10619684000168,2012-11-06,34347225.03,1.41261853,34324885.68,0.0,0.0,3
10619684000168,2012-11-07,34355226.62,1.41293436,32316546.22,0.0,2016013.75,3
10619684000168,2012-11-08,32340910.62,1.41309054,32320118.42,0.0,0.0,3
10619684000168,2012-11-09,32339960.61,1.4131643,32321805.28,0.0,0.0,3
10619684000168,2012-11-12,32345214.12,1.4132582,32323952.95,0.0,0.0,3
10619684000168,2012-11-13,32343655.05,1.41318194,32322208.83,0.0,0.0,3
10619684000168,2012-11-14,32312215.23,1.41249789,29282567.25,0.0,3023996.09,3
10619684000168,2012-11-16,29336779.16,1.41401214,29313959.21,0.0,0.0,3
10619684000168,2012-11-19,29359263.31,1.4150503,29335481.35,0.0,0.0,3
10619684000168,2012-11-20,29362668.73,1.41541584,29343059.37,0.0,0.0,3
10619684000168,2012-11-21,29375944.05,1.41528633,29340374.4,0.0,0.0,3
10619684000168,2012-11-22,29379198.52,1.41571844,26323915.98,0.0,3025416.59,3
10619684000168,2012-11-23,26372336.31,1.41684358,26344836.78,0.0,0.0,3
10619684000168,2012-11-26,26389739.57,1.41740569,26355288.83,0.0,0.0,3
10619684000168,2012-11-27,26402310.55,1.41839225,26373632.91,0.0,0.0,3
10619684000168,2012-11-28,26417422.56,1.41857959,24359287.66,0.0,2017828.59,3
10619684000168,2012-11-29,24420676.37,1.41884056,24363768.94,0.0,0.0,3
10619684000168,2012-11-30,24435168.23,1.42057385,24247591.81,0.0,0.0,3
10619684000168,2012-12-03,24467971.49,1.42153272,24263958.66,0.0,0.0,3
10619684000168,2012-12-04,24493625.5,1.4230152,24289262.92,0.0,0.0,3
10619684000168,2012-12-05,24316237.65,1.42349739,24297493.29,0.0,0.0,3
10619684000168,2012-12-06,24358331.38,1.42566468,24334486.48,0.0,0.0,3
10619684000168,2012-12-07,22347085.98,1.42495341,20941812.46,0.0,3380533.51,2
10619684000168,2012-12-10,20962117.4,1.42452001,20935442.97,0.0,0.0,2
10619684000168,2012-12-11,20962777.77,1.42484766,20940258.29,0.0,0.0,2
10619684000168,2012-12-12,20962777.77,1.42484766,20940258.29,0.0,0.0,2
10619684000168,2012-12-13,20996289.81,1.42756779,20980234.61,0.0,0.0,2
10619684000168,2012-12-14,21007066.05,1.42754887,20979956.6,0.0,0.0,2
10619684000168,2012-12-17,21003879.96,1.42768834,20982006.39,0.0,0.0,2
10619684000168,2012-12-18,19521864.97,1.42869623,17485786.14,0.0,3511032.65,2
10619684000168,2012-12-19,17522176.24,1.42878025,17486814.41,0.0,0.0,2
10619684000168,2012-12-20,17514725.2,1.42718249,17467259.53,0.0,0.0,2
10619684000168,2012-12-21,17500295.88,1.42736736,17469522.14,0.0,0.0,2
10619684000168,2012-12-24,17505988.91,1.42777979,17474569.83,0.0,0.0,2
10619684000168,2012-12-26,17507948.4,1.42937929,17494146.07,0.0,0.0,2
10619684000168,2012-12-27,17524100.05,1.43038126,17506409.14,0.0,0.0,2
10619684000168,2012-12-28,17535267.25,1.43110797,17515303.33,0.0,0.0,2
10619684000168,2012-12-31,17541178.83,1.43153701,17520554.32,0.0,0.0,2
10619684000168,2013-01-02,17562311.4,1.43233362,17530304.1,0.0,0.0,2
10619684000168,2013-01-03,17578763.18,1.43355437,17545244.83,0.0,0.0,2
10619684000168,2013-01-04,17551091.76,1.43299653,17538417.42,0.0,0.0,2
10619684000168,2013-01-07,17552523.21,1.43390022,17549477.7,0.0,0.0,2
10619684000168,2013-01-08,17549984.61,1.43317859,17540645.67,0.0,0.0,2
10619684000168,2013-01-09,17562028.39,1.43497554,17562638.53,0.0,0.0,2
10619684000168,2013-01-10,17573941.87,1.43612012,17576646.92,0.0,0.0,2
10619684000168,2013-01-11,17585303.69,1.43661143,17582660.16,0.0,0.0,2
10619684000168,2013-01-14,17585506.62,1.43706381,17588196.78,0.0,0.0,2
10619684000168,2013-01-15,17590623.97,1.4368995,17586185.82,0.0,0.0,2
10619684000168,2013-01-16,17585766.86,1.43653172,17581684.5,0.0,0.0,2
10619684000168,2013-01-17,17579059.4,1.43517768,17565112.52,0.0,0.0,2
10619684000168,2013-01-18,17567032.05,1.43522822,17565730.99,0.0,0.0,2
10619684000168,2013-01-21,17587452.24,1.43750488,17593594.99,0.0,0.0,2
10619684000168,2013-01-22,17595587.35,1.43706496,17588210.82,0.0,0.0,2
10619684000168,2013-01-23,17599756.57,1.43801265,17599809.56,0.0,0.0,2
10619684000168,2013-01-24,17574211.81,1.43490866,17561819.88,0.0,0.0,2
10619684000168,2013-01-25,17579846.2,1.43532225,17566881.88,0.0,0.0,2
10619684000168,2013-01-28,17592493.45,1.43740977,17592430.92,0.0,0.0,2
10619684000168,2013-01-29,17596190.29,1.43797684,17599371.35,0.0,0.0,2
10619684000168,2013-01-30,17600084.25,1.43748774,17593385.23,0.0,0.0,2
10619684000168,2013-01-31,17598586.55,1.43704328,17587945.49,0.0,0.0,2
10619684000168,2013-02-01,17595718.47,1.43697506,17587110.59,0.0,0.0,2
10619684000168,2013-02-04,17586758.48,1.43609397,17576326.9,0.0,0.0,2
10619684000168,2013-02-05,17570117.65,1.43502448,17563237.5,0.0,0.0,2
10619684000168,2013-02-06,17574774.84,1.43502205,17563207.68,0.0,0.0,2
10619684000168,2013-02-07,17554368.89,1.43372092,17547283.16,0.0,0.0,2
10619684000168,2013-02-08,17554888.47,1.43418569,17552971.47,0.0,0.0,2
10619684000168,2013-02-13,17569962.87,1.43547399,17568739.03,0.0,0.0,2
10619684000168,2013-02-14,17565377.58,1.43493555,17562149.09,0.0,0.0,2
10619684000168,2013-02-15,17562620.11,1.4347258999999999,16856583.1,0.0,703000.02,2
10619684000168,2013-02-18,26554869.68,1.43299812,26536283.4,9700000.0,0.0,4
10619684000168,2013-02-19,26545003.92,1.43306324,26537489.43,0.0,0.0,4
10619684000168,2013-02-20,26538978.03,1.43329449,26541771.67,0.0,0.0,4
10619684000168,2013-02-21,26566087.75,1.43420403,26558614.45,0.0,0.0,4
10619684000168,2013-02-22,26552496.76,1.43238469,26524924.02,0.0,0.0,4
10619684000168,2013-02-25,29046385.01,1.43340058,29043736.2,2500000.0,0.0,4
10619684000168,2013-02-26,29062929.53,1.43386653,29053177.43,0.0,0.0,4
10619684000168,2013-02-27,30564594.6,1.43430085,30561977.63,1500000.0,0.0,4
10619684000168,2013-02-28,30585645.72,1.43513315,30579712.25,0.0,0.0,4
10619684000168,2013-03-01,30604809.81,1.43587818,30595587.19,0.0,0.0,4
10619684000168,2013-03-04,30615054.93,1.43608358,30599963.92,0.0,0.0,4
10619684000168,2013-03-05,30627557.61,1.43620348,30502072.32,0.0,100446.28,4
10619684000168,2013-03-06,30522161.32,1.43658465,30510167.68,0.0,0.0,4
10619684000168,2013-03-07,30507851.46,1.43779511,30535875.46,0.0,0.0,4
10619684000168,2013-03-08,30535286.72,1.43951321,30572364.33,0.0,0.0,4
10619684000168,2013-03-11,30593383.75,1.43982493,30578984.69,0.0,0.0,4
10619684000168,2013-03-12,33893625.73,1.44092049,33902252.26,3300000.0,0.0,4
10619684000168,2013-03-13,33899715.16,1.44106649,33905687.28,0.0,0.0,4
10619684000168,2013-03-14,35443193.27,1.44198335,35427259.33,1500000.0,0.0,4
10619684000168,2013-03-15,35466803.7,1.44268737,35444555.96,0.0,0.0,4
10619684000168,2013-03-18,35463037.3,1.44297185,35451545.25,0.0,0.0,4
10619684000168,2013-03-19,38475066.88,1.44325935,38458608.7,3000000.0,0.0,4
10619684000168,2013-03-20,38474704.49,1.44344049,38463435.61,0.0,0.0,4
10619684000168,2013-03-21,38465821.8,1.44336226,38461350.92,0.0,0.0,4
10619684000168,2013-03-22,38495430.17,1.44386682,38474796.03,0.0,0.0,4
10619684000168,2013-03-25,41009165.56,1.44440168,40989048.42,2500000.0,0.0,4
10619684000168,2013-03-26,41019175.56,1.44486596,41002223.58,0.0,0.0,4
10619684000168,2013-03-27,41042213.74,1.44527521,41013837.26,0.0,0.0,4
10619684000168,2013-03-28,43026967.9,1.44577839,43028116.56,2000000.0,0.0,4
10619684000168,2013-04-01,43029961.97,1.44507068,43007054.26,0.0,0.0,4
10619684000168,2013-04-02,48048497.56,1.44529075,48013603.79,5000000.0,0.0,4
10619684000168,2013-04-03,48037007.26,1.44563645,48025088.14,0.0,0.0,4
10619684000168,2013-04-04,51050431.26,1.4452,51010588.88,3000000.0,0.0,4
10619684000168,2013-04-05,51066642.52,1.44520673,51010826.57,0.0,0.0,4
10619684000168,2013-04-08,51025717.1,1.44549211,51020899.5,0.0,0.0,4
10619684000168,2013-04-09,51055435.2,1.44638789,51052517.54,0.0,0.0,4
10619684000168,2013-04-10,51068555.7,1.44627524,51048541.13,0.0,0.0,4
10619684000168,2013-04-11,51060448.24,1.44674697,51065191.79,0.0,0.0,4
10619684000168,2013-04-12,51031225.92,1.44511426,51007562.64,0.0,0.0,4
10619684000168,2013-04-15,50978182.72,1.44399362,50968008.05,0.0,0.0,4
10619684000168,2013-04-16,51023286.39,1.44523145,51011699.01,0.0,0.0,4
10619684000168,2013-04-17,51012653.68,1.44489008,50999649.81,0.0,0.0,4
10619684000168,2013-04-18,51139116.79,1.44842646,51124471.87,0.0,0.0,4
10619684000168,2013-04-19,51162304.24,1.44904121,51146170.61,0.0,0.0,4
10619684000168,2013-04-22,51180083.95,1.4495042,51162512.45,0.0,0.0,4
10619684000168,2013-04-23,51215855.2,1.45039721,51194032.58,0.0,0.0,4
10619684000168,2013-04-24,51223629.39,1.4505801999999999,51200491.5,0.0,0.0,4
10619684000168,2013-04-25,51220244.89,1.4504312,51195232.28,0.0,0.0,4
10619684000168,2013-04-26,51219910.47,1.45048442,51197110.85,0.0,0.0,4
10619684000168,2013-04-29,51255390.29,1.45147593,51232107.89,0.0,0.0,4
10619684000168,2013-04-30,54803226.59,1.45268681,54774847.63,3500000.0,0.0,4
10619684000168,2013-05-02,54842962.24,1.45370569,54813265.25,0.0,0.0,4
10619684000168,2013-05-03,56357061.08,1.45406543,56326829.75,1500000.0,0.0,4
10619684000168,2013-05-06,56373940.07,1.45442164,56340628.51,0.0,0.0,4
10619684000168,2013-05-07,56386022.53,1.45533469,56375997.59,0.0,0.0,4
10619684000168,2013-05-08,56389654.07,1.45552714,56383452.72,0.0,0.0,4
10619684000168,2013-05-09,56403084.75,1.45630666,56413649.3,0.0,0.0,4
10619684000168,2013-05-10,56397745.87,1.4556617,56388665.02,0.0,0.0,4
10619684000168,2013-05-13,56414859.16,1.4561385,56407135.06,0.0,0.0,4
10619684000168,2013-05-14,58418890.07,1.4563325,58414650.38,2000000.0,0.0,4
10619684000168,2013-05-15,58447351.01,1.4567166,58430056.7,0.0,0.0,4
10619684000168,2013-05-16,59658064.97,1.45672889,59630549.74,1200000.0,0.0,4
10619684000168,2013-05-17,59676589.75,1.45736145,59656443.27,0.0,0.0,4
10619684000168,2013-05-20,59707166.41,1.45828132,59694097.9,0.0,0.0,4
10619684000168,2013-05-21,59765167.46,1.45945034,59741951.01,0.0,0.0,4
10619684000168,2013-05-22,59773320.33,1.45978019,59755453.5,0.0,0.0,4
10619684000168,2013-05-23,59795948.56,1.4602173,59773346.2,0.0,0.0,4
10619684000168,2013-05-24,59828834.52,1.46092261,59802217.92,0.0,0.0,4
10619684000168,2013-05-27,59832424.7,1.46095195,59803419.01,0.0,0.0,4
10619684000168,2013-05-28,59830101.41,1.4611125,59809990.89,0.0,0.0,4
10619684000168,2013-05-29,59859945.78,1.46167813,59833144.56,0.0,0.0,4
10619684000168,2013-05-31,59797325.05,1.45842711,59563925.88,0.0,0.0,4
10619684000168,2013-06-03,61244577.96,1.45864996,61073027.25,1500000.0,0.0,4
10619684000168,2013-06-04,61257567.34,1.4588676999999999,61082143.95,0.0,0.0,4
10619684000168,2013-06-05,61071020.64,1.45814541,61051902.2,0.0,0.0,4
10619684000168,2013-06-06,0.0,1.45769898,61033210.39,0.0,0.0,4
10619684000168,2013-06-07,60996007.8,1.45678038,60994748.78,0.0,0.0,4
10619684000168,2013-06-10,60965643.29,1.45747602,61023874.95,0.0,0.0,4
10619684000168,2013-06-11,60971729.77,1.45631572,60975293.84,0.0,0.0,4
10619684000168,2013-06-12,60984240.37,1.45761196,61029566.76,0.0,0.0,4
10619684000168,2013-06-13,61119138.52,1.45803821,61047413.84,0.0,0.0,4
10619684000168,2013-06-14,60994601.62,1.45663574,60988692.87,0.0,0.0,4
10619684000168,2013-06-17,60986648.59,1.45734874,61018545.97,0.0,0.0,4
10619684000168,2013-06-18,61009991.14,1.45803757,61047386.79,0.0,0.0,4
10619684000168,2013-06-19,61022077.14,1.46049757,61150386.11,0.0,0.0,4
10619684000168,2013-06-20,61192095.61,1.46094014,61168916.3,0.0,0.0,4
10619684000168,2013-06-21,61235455.88,1.46258168,61237646.56,0.0,0.0,4
10619684000168,2013-06-24,61256899.25,1.45992003,61126204.8,0.0,0.0,4
10619684000168,2013-06-25,61181933.95,1.45847225,61065586.74,0.0,0.0,4
10619684000168,2013-06-26,65569941.07,1.45920862,65536418.01,4440000.0,0.0,4
10619684000168,2013-06-27,65682486.09,1.46095936,65615048.1,0.0,0.0,4
10619684000168,2013-06-28,65632688.19,1.4622666000000002,65673759.16,0.0,0.0,4
10619684000168,2013-07-01,65755077.04,1.46317924,65714747.76,0.0,0.0,4
10619684000168,2013-07-02,65713320.54,1.4633492,65722381.08,0.0,0.0,4
10619684000168,2013-07-03,65733950.05,1.46313432,65712730.51,0.0,0.0,4
10619684000168,2013-07-04,65763344.71,1.46370076,65738170.38,0.0,0.0,4
10619684000168,2013-07-05,65712848.27,1.46327191,65718909.95,0.0,0.0,4
10619684000168,2013-07-08,65767083.59,1.46343458,65726215.77,0.0,0.0,4
10619684000168,2013-07-09,65784547.63,1.46378373,65741897.07,0.0,0.0,4
10619684000168,2013-07-10,65736319.34,1.46311533,65711877.72,0.0,0.0,4
10619684000168,2013-07-11,65796040.29,1.46405927,65754271.98,0.0,0.0,4
10619684000168,2013-07-12,65750483.4,1.4645503,65776325.39,0.0,0.0,4
10619684000168,2013-07-15,65862785.56,1.46454013,65775868.78,0.0,0.0,4
10619684000168,2013-07-16,65828014.5,1.46596572,65839895.02,0.0,0.0,4
10619684000168,2013-07-17,65941531.15,1.46748833,65908278.98,0.0,0.0,4
10619684000168,2013-07-18,65944903.9,1.46776799,65920839.04,0.0,0.0,4
10619684000168,2013-07-19,65940136.71,1.46778013,65921384.26,0.0,0.0,4
10619684000168,2013-07-22,66013029.0,1.46933932,65991411.27,0.0,0.0,4
10619684000168,2013-07-23,66071068.35,1.47081741,66057795.86,0.0,0.0,4
10619684000168,2013-07-24,66073958.13,1.4711593,66073150.87,0.0,0.0,4
10619684000168,2013-07-25,66115357.78,1.47181907,66102782.58,0.0,0.0,4
10619684000168,2013-07-26,66125075.36,1.47183464,66103482.04,0.0,0.0,4
10619684000168,2013-07-29,66090003.59,1.47101096,66066488.64,0.0,0.0,4
10619684000168,2013-07-30,66079695.25,1.47072706,66053737.83,0.0,0.0,4
10619684000168,2013-07-31,66137465.69,1.47189585,66106230.93,0.0,0.0,4
10619684000168,2013-08-01,66157081.92,1.47303984,66157610.07,0.0,0.0,4
10619684000168,2013-08-02,66224511.46,1.47302773,66157066.12,0.0,0.0,4
10619684000168,2013-08-05,66201246.62,1.4732386999999998,64423374.0,0.0,1743167.36,3
10619684000168,2013-08-06,64403820.21,1.47187111,64363570.53,0.0,0.0,3
10619684000168,2013-08-07,64384232.89,1.47240298,64386828.69,0.0,0.0,3
10619684000168,2013-08-08,64478117.75,1.47397474,64455560.19,0.0,0.0,3
10619684000168,2013-08-09,64525871.77,1.47514244,61498768.1,0.0,3007854.73,3
10619684000168,2013-08-12,61455447.19,1.47397746,61450199.84,0.0,0.0,3
10619684000168,2013-08-13,61508839.91,1.47551571,61514329.77,0.0,0.0,3
10619684000168,2013-08-14,61492919.15,1.47520486,56487384.13,0.0,5013986.41,3
10619684000168,2013-08-15,56545643.95,1.47627681,56528430.38,0.0,0.0,3
10619684000168,2013-08-16,56539096.48,1.47701342,56556635.79,0.0,0.0,3
10619684000168,2013-08-19,56062583.68,1.47684655,56550246.38,0.0,0.0,3
10619684000168,2013-08-20,56185274.27,1.47910906,56636880.71,0.0,0.0,3
10619684000168,2013-08-21,56097054.25,1.47884155,51608867.81,0.0,5017769.62,3
10619684000168,2013-08-22,51195342.22,1.47958944,51634967.48,0.0,0.0,3
10619684000168,2013-08-23,51271519.64,1.48067464,51672839.1,0.0,0.0,3
10619684000168,2013-08-26,51675554.55,1.48031597,51660322.37,0.0,0.0,3
10619684000168,2013-08-27,51688680.92,1.4802544,51658173.65,0.0,0.0,3
10619684000168,2013-08-28,51724207.62,1.48039104,51662941.91,0.0,0.0,3
10619684000168,2013-08-29,51670888.57,1.48139732,51698059.38,0.0,0.0,3
10619684000168,2013-08-30,0.0,1.48139732,51698059.38,0.0,4017371.79,3
10619684000168,2013-09-02,47884186.01,1.48560856,47824202.9,0.0,0.0,3
10619684000168,2013-09-03,47888045.06,1.48548838,47820334.09,0.0,0.0,3
10619684000168,2013-09-04,47890541.63,1.48649685,47852798.35,0.0,0.0,3
10619684000168,2013-09-05,47896469.55,1.48708397,47871698.76,0.0,0.0,3
10619684000168,2013-09-06,47895462.37,1.48649568,42828563.63,0.0,5024196.99,3
10619684000168,2013-09-09,42911270.16,1.48827415,42879804.66,0.0,0.0,3
10619684000168,2013-09-10,42935358.36,1.48969297,42920683.14,0.0,0.0,3
10619684000168,2013-09-11,42961124.4,1.49007744,42931760.53,0.0,0.0,3
10619684000168,2013-09-12,42942267.75,1.49038712,42940683.02,0.0,0.0,3
10619684000168,2013-09-13,42965007.98,1.49105791,42960009.55,0.0,0.0,3
10619684000168,2013-09-16,42972275.01,1.49141488,42970294.4,0.0,0.0,3
10619684000168,2013-09-17,42989115.72,1.49117807,42963471.75,0.0,0.0,3
10619684000168,2013-09-18,43064755.38,1.49152468,42973457.94,0.0,0.0,3
10619684000168,2013-09-19,42954731.75,1.49076353,36922123.15,0.0,6029404.73,3
10619684000168,2013-09-20,36926607.64,1.48950267,36890895.16,0.0,0.0,3
10619684000168,2013-09-23,36156355.85,1.49050103,36915621.92,0.0,0.0,3
10619684000168,2013-09-24,36168982.75,1.49080838,36923234.01,0.0,0.0,3
10619684000168,2013-09-25,36142810.72,1.49271695,36970504.1,0.0,0.0,3
10619684000168,2013-09-26,36184928.32,1.49382749,36998009.17,0.0,0.0,3
10619684000168,2013-09-27,37025977.24,1.49488083,37024097.5,0.0,0.0,3
10619684000168,2013-09-30,37001390.12,1.49229902,36960153.12,0.0,0.0,3
10619684000168,2013-10-01,36994422.57,1.49342119,36987946.25,0.0,0.0,3
10619684000168,2013-10-02,36997495.64,1.49229421,36960034.05,0.0,0.0,3
10619684000168,2013-10-03,36977406.79,1.49228542,36959816.24,0.0,0.0,3
10619684000168,2013-10-04,36017822.27,1.49299177,30946723.95,0.0,6030586.8,3
10619684000168,2013-10-07,30023677.22,1.49363008,30959954.72,0.0,0.0,3
10619684000168,2013-10-08,30031689.65,1.49412237,30970158.98,0.0,0.0,3
10619684000168,2013-10-09,30059597.21,1.49538053,30996238.13,0.0,0.0,3
10619684000168,2013-10-10,30298467.08,1.49346642,30956562.45,0.0,0.0,3
10619684000168,2013-10-11,30986706.0,1.49377078,30962871.2,0.0,0.0,3
10619684000168,2013-10-14,31005604.4,1.49454007,30978817.09,0.0,0.0,3
10619684000168,2013-10-15,30984103.28,1.49514837,30991425.78,0.0,0.0,3
10619684000168,2013-10-16,30998630.04,1.49482155,30984651.53,0.0,0.0,3
10619684000168,2013-10-17,29500804.19,1.49503212,25583547.29,0.0,5405468.92,2
10619684000168,2013-10-18,24919061.09,1.49575809,25595970.34,0.0,0.0,2
10619684000168,2013-10-21,24916801.15,1.49480814,25579714.55,0.0,0.0,2
10619684000168,2013-10-22,24948203.98,1.49682233,25614182.09,0.0,0.0,2
10619684000168,2013-10-23,25135751.22,1.49825533,25638704.0,0.0,0.0,2
10619684000168,2013-10-24,25653733.73,1.49936384,25657673.39,0.0,0.0,2
10619684000168,2013-10-25,25663926.05,1.49871927,25646643.19,0.0,0.0,2
10619684000168,2013-10-28,25660437.21,1.4988427,25648755.3,0.0,0.0,2
10619684000168,2013-10-29,25657390.34,1.49873937,25646987.15,0.0,0.0,2
10619684000168,2013-10-30,25671651.95,1.49964021,25662402.65,0.0,0.0,2
10619684000168,2013-10-31,25697520.41,1.50333102,25725561.25,0.0,0.0,2
10619684000168,2013-11-01,25742479.26,1.5046158,25747546.81,0.0,0.0,2
10619684000168,2013-11-04,25753076.27,1.50382301,25733980.3,0.0,0.0,2
10619684000168,2013-11-05,24133436.8,1.5045702,25746766.51,0.0,0.0,2
10619684000168,2013-11-06,25137572.14,1.50316315,19695783.28,0.0,6026905.25,2
10619684000168,2013-11-07,19097321.23,1.5007214,19663789.25,0.0,0.0,2
10619684000168,2013-11-08,19085450.79,1.50088619,19665948.56,0.0,0.0,2
10619684000168,2013-11-11,19396320.42,1.50228104,19684225.05,0.0,0.0,2
10619684000168,2013-11-12,19743635.78,1.50408724,19707891.52,0.0,0.0,2
10619684000168,2013-11-13,19745472.99,1.50660716,19740909.74,0.0,0.0,2
10619684000168,2013-11-14,19767878.12,1.50796834,19758745.18,0.0,0.0,2
10619684000168,2013-11-18,19766562.04,1.50561136,19727861.84,0.0,0.0,2
10619684000168,2013-11-19,19699457.38,1.50340344,13671885.74,0.0,6027046.06,2
10619684000168,2013-11-20,13700610.54,1.50402353,13677524.74,0.0,0.0,2
10619684000168,2013-11-21,13693223.73,1.50542835,13690300.15,0.0,0.0,2
10619684000168,2013-11-22,13723857.62,1.50499579,13686366.48,0.0,0.0,2
10619684000168,2013-11-25,13679009.26,1.50390253,13676424.39,0.0,0.0,2
10619684000168,2013-11-26,13684093.7,1.50503049,13686682.03,0.0,0.0,2
10619684000168,2013-11-27,13699138.53,1.50768737,13710843.6,0.0,0.0,2
10619684000168,2013-11-28,12543279.43,1.5120682,13750682.66,0.0,0.0,2
10619684000168,2013-11-29,12567061.27,1.51466439,13697936.13,0.0,0.0,2
10619684000168,2013-12-02,10880868.57,1.51742087,13722864.42,0.0,0.0,2
10619684000168,2013-12-03,12606531.6,1.51871188,8686410.84,0.0,5048128.91,1
10619684000168,2013-12-04,8009497.13,1.51924317,8689449.62,0.0,0.0,1
10619684000168,2013-12-05,8698590.39,1.51531699,8666993.45,0.0,0.0,1
10619684000168,2013-12-06,9174290.92,1.51312399,8654450.42,0.0,0.0,1
10619684000168,2013-12-09,8676284.07,1.51571591,8669275.13,0.0,0.0,1
10619684000168,2013-12-10,8677437.46,1.51478956,8663976.78,0.0,0.0,1
10619684000168,2013-12-11,8674813.38,1.51535238,8667195.88,0.0,0.0,1
10619684000168,2013-12-12,8680654.28,1.51562777,8668770.99,0.0,0.0,1
10619684000168,2013-12-13,8668185.65,1.51509096,8665700.65,0.0,0.0,1
10619684000168,2013-12-16,8672106.51,1.51547232,8667881.89,0.0,0.0,1
10619684000168,2013-12-17,8673038.21,1.51620014,8672044.7,0.0,0.0,1
10619684000168,2013-12-18,8686769.29,1.51968899,8691999.52,0.0,0.0,1
10619684000168,2013-12-19,8707254.15,1.52283327,8709983.54,0.0,0.0,1
10619684000168,2013-12-20,8709701.34,1.52335562,8712971.13,0.0,0.0,1
10619684000168,2013-12-23,8708115.69,1.52321288,8712154.71,0.0,0.0,1
10619684000168,2013-12-24,8710577.99,1.52356502,8714168.81,0.0,0.0,1
10619684000168,2013-12-26,8707545.28,1.52269418,8709187.98,0.0,0.0,1
10619684000168,2013-12-27,8622904.88,1.52347217,8713637.79,0.0,0.0,1
10619684000168,2013-12-30,8638825.7,1.52698309,8733718.81,0.0,0.0,1
10619684000168,2013-12-31,8641402.6,1.52735613,8735852.41,0.0,0.0,1
10619684000168,2014-01-02,8634012.27,1.5257115,8726445.79,0.0,0.0,1
10619684000168,2014-01-03,8745367.64,1.52838883,8741759.02,0.0,0.0,1
10619684000168,2014-01-06,8731390.97,1.52649635,8730934.82,0.0,0.0,1
10619684000168,2014-01-07,8730954.7,1.52663574,8731732.08,0.0,0.0,1
10619684000168,2014-01-08,8732676.24,1.52752291,8736806.34,0.0,0.0,1
10619684000168,2014-01-09,8720668.37,1.52530185,8724102.76,0.0,0.0,1
10619684000168,2014-01-10,8724457.55,1.52537109,8724498.8,0.0,0.0,1
10619684000168,2014-01-13,8707981.25,1.52260714,8708690.16,0.0,0.0,1
10619684000168,2014-01-14,8707168.12,1.52299656,8710917.47,0.0,0.0,1
10619684000168,2014-01-15,8713812.89,1.52406605,8717034.52,0.0,0.0,1
10619684000168,2014-01-16,8705739.5,1.52153104,8702535.29,0.0,0.0,1
10619684000168,2014-01-17,8695380.43,1.52032736,8695650.73,0.0,0.0,1
10619684000168,2014-01-20,8683278.59,1.51879524,8686887.64,0.0,0.0,1
10619684000168,2014-01-21,8682181.51,1.51880579,8686947.97,0.0,0.0,1
10619684000168,2014-01-22,8696491.22,1.52146397,8702151.67,0.0,0.0,1
10619684000168,2014-01-23,8692053.3,1.52010776,8694394.73,0.0,0.0,1
10619684000168,2014-01-24,8679047.65,1.51551648,8668134.49,0.0,0.0,1
10619684000168,2014-01-27,8671366.53,1.517288,8678266.86,0.0,0.0,1
10619684000168,2014-01-28,11678301.27,1.51876186,12686696.74,4000000.0,0.0,3
10619684000168,2014-01-29,12682651.32,1.51823459,12682292.28,0.0,0.0,3
10619684000168,2014-01-30,12663039.15,1.51561181,11660383.35,0.0,1000000.0,3
10619684000168,2014-01-31,11675016.22,1.51751351,11675014.1,0.0,0.0,3
10619684000168,2014-02-03,11650467.75,1.51607532,11513928.46,0.0,150020.94,3
10619684000168,2014-02-04,11532809.51,1.51572422,11511261.97,0.0,0.0,3
10619684000168,2014-02-05,11516843.1,1.51454427,11502300.8,0.0,0.0,3
10619684000168,2014-02-06,15522580.95,1.51573316,15511329.89,4000000.0,0.0,4
10619684000168,2014-02-07,15522428.94,1.51635482,15517691.7,0.0,0.0,4
10619684000168,2014-02-10,15516691.72,1.51683417,15522597.16,0.0,0.0,4
10619684000168,2014-02-11,18535912.85,1.51850477,18539693.27,3000000.0,0.0,4
10619684000168,2014-02-12,18549663.14,1.51987895,18556470.86,0.0,0.0,4
10619684000168,2014-02-13,18548512.86,1.51859913,18540845.39,0.0,0.0,4
10619684000168,2014-02-14,18557165.01,1.51941271,18550778.44,0.0,0.0,4
10619684000168,2014-02-17,18548775.41,1.51908833,23046818.13,4500000.0,0.0,4
10619684000168,2014-02-18,23045699.72,1.51855033,23038655.88,0.0,0.0,4
10619684000168,2014-02-19,27555050.48,1.51952912,27553505.51,4500000.0,0.0,4
10619684000168,2014-02-20,27567905.61,1.51883781,27540970.0,0.0,0.0,4
10619684000168,2014-02-21,27550129.47,1.51800095,27525795.31,0.0,0.0,4
10619684000168,2014-02-24,29838289.59,1.5179056,28823746.03,2300000.0,1000320.4,4
10619684000168,2014-02-25,30072864.96,1.51782102,30082139.86,1260000.0,0.0,4
10619684000168,2014-02-26,30107009.34,1.51945384,30114501.22,0.0,0.0,4
10619684000168,2014-02-27,30132341.97,1.51941894,30113809.44,0.0,0.0,4
10619684000168,2014-02-28,30137054.51,1.52183332,30161660.78,0.0,0.0,4
10619684000168,2014-03-05,30159862.98,1.52144542,30153972.98,0.0,0.0,4
10619684000168,2014-03-06,30187735.5,1.52239265,30172746.34,0.0,0.0,4
10619684000168,2014-03-07,35193516.77,1.5243847,35212227.25,5000000.0,0.0,4
10619684000168,2014-03-10,35217096.07,1.52487507,35223554.6,0.0,0.0,4
10619684000168,2014-03-11,35253749.95,1.5256546999999998,35241563.4,0.0,0.0,4
10619684000168,2014-03-12,38258680.88,1.52583558,38245741.75,3000000.0,0.0,4
10619684000168,2014-03-13,38259372.43,1.52660842,38265113.3,0.0,0.0,4
10619684000168,2014-03-14,38274283.09,1.52686681,38271589.78,0.0,0.0,4
10619684000168,2014-03-17,41297646.15,1.52736983,41284198.31,3000000.0,0.0,4
10619684000168,2014-03-18,41311828.25,1.52725757,41281163.87,0.0,0.0,4
10619684000168,2014-03-19,45313532.9,1.52807261,45303194.25,4000000.0,0.0,4
10619684000168,2014-03-20,45315789.79,1.5274758999999998,45285503.47,0.0,0.0,4
10619684000168,2014-03-21,45322588.02,1.5280128000000002,45301421.06,0.0,0.0,4
10619684000168,2014-03-24,48332656.92,1.52821497,48307414.71,3000000.0,0.0,4
10619684000168,2014-03-25,60377963.47,1.52708521,48271702.58,0.0,0.0,4
10619684000168,2014-03-26,52298121.87,1.52744166,52282970.15,4000000.0,0.0,4
10619684000168,2014-03-27,52303920.33,1.52581557,52227310.58,0.0,0.0,4
10619684000168,2014-03-28,52273456.77,1.52684061,52262396.79,0.0,0.0,4
10619684000168,2014-03-31,54819314.27,1.52786405,54797428.2,2500000.0,0.0,4
10619684000168,2014-04-01,54828875.77,1.52822917,54810523.39,0.0,0.0,4
10619684000168,2014-04-02,54893976.69,1.52930956,54849271.84,0.0,0.0,4
10619684000168,2014-04-03,54910700.63,1.53042147,54889151.06,0.0,0.0,4
10619684000168,2014-04-04,54900649.43,1.53006674,54876428.67,0.0,0.0,4
10619684000168,2014-04-07,54868524.18,1.53003606,54875328.09,0.0,0.0,4
10619684000168,2014-04-08,54893454.38,1.53061914,54896240.48,0.0,0.0,4
10619684000168,2014-04-09,54890683.97,1.53065297,54897453.74,0.0,0.0,4
10619684000168,2014-04-10,54890384.02,1.53065746,54897615.07,0.0,0.0,4
10619684000168,2014-04-11,54929377.16,1.53169206,54934721.26,0.0,0.0,4
10619684000168,2014-04-14,54958453.15,1.53249174,54963402.23,0.0,0.0,4
10619684000168,2014-04-15,54968424.22,1.53273549,54972144.35,0.0,0.0,4
10619684000168,2014-04-16,55008774.57,1.53383291,55011503.61,0.0,0.0,4
10619684000168,2014-04-17,55036893.25,1.53437674,55031008.38,0.0,0.0,4
10619684000168,2014-04-22,55032272.99,1.5343223,55029055.63,0.0,0.0,4
10619684000168,2014-04-23,60038673.26,1.5344026000000002,60031935.75,5000000.0,0.0,4
10619684000168,2014-04-24,60072405.52,1.5353341,60068379.63,0.0,0.0,4
10619684000168,2014-04-25,60098745.31,1.53596144,60092923.78,0.0,0.0,4
10619684000168,2014-04-28,60111231.34,1.53624315,60103945.26,0.0,0.0,4
10619684000168,2014-04-29,60142337.21,1.53700669,60133818.03,0.0,0.0,4
10619684000168,2014-04-30,60170341.15,1.53767471,60159953.7,0.0,0.0,4
10619684000168,2014-05-02,60220219.09,1.5385078,60192547.5,0.0,0.0,4
10619684000168,2014-05-05,60263021.32,1.53957253,60234204.2,0.0,0.0,4
10619684000168,2014-05-06,60268898.41,1.5396564,60237485.55,0.0,0.0,4
10619684000168,2014-05-07,65307460.45,1.54059942,65274379.93,5000000.0,0.0,4
10619684000168,2014-05-08,65285648.09,1.54077092,65281646.61,0.0,0.0,4
10619684000168,2014-05-09,63817295.3,1.54134143,65305818.54,0.0,0.0,4
10619684000168,2014-05-12,62352171.25,1.54224574,65344133.93,0.0,0.0,4
10619684000168,2014-05-13,62375618.79,1.54264853,65361199.63,0.0,0.0,4
10619684000168,2014-05-14,60649455.53,1.54308942,65379880.13,0.0,0.0,4
10619684000168,2014-05-15,61177273.43,1.54370386,65405913.74,0.0,0.0,4
10619684000168,2014-05-16,62699846.09,1.54419449,65426701.47,0.0,0.0,4
10619684000168,2014-05-19,64254079.17,1.54472469,65449165.74,0.0,0.0,4
10619684000168,2014-05-20,64277503.8,1.54535342,65475804.37,0.0,0.0,4
10619684000168,2014-05-21,69020326.52,1.54590653,68999239.63,3500000.0,0.0,4
10619684000168,2014-05-22,69053073.06,1.54659781,69030093.9,0.0,0.0,4
10619684000168,2014-05-23,69084116.17,1.54725115,69059254.4,0.0,0.0,4
10619684000168,2014-05-26,69114386.81,1.54788726,69087646.45,0.0,0.0,4
10619684000168,2014-05-27,69149590.64,1.5486139,69120078.73,0.0,0.0,4
10619684000168,2014-05-28,69154544.38,1.54916258,69144568.22,0.0,0.0,4
10619684000168,2014-05-29,69176221.47,1.54950775,69159974.43,0.0,0.0,4
10619684000168,2014-05-30,68242072.97,1.55038053,68431900.51,0.0,600000.0,4
10619684000168,2014-06-02,67679501.24,1.55121743,68468840.32,0.0,0.0,4
10619684000168,2014-06-03,67710551.3,1.55168485,68489471.33,0.0,0.0,4
10619684000168,2014-06-04,68555262.78,1.55262748,68531078.14,0.0,0.0,4
10619684000168,2014-06-05,68568972.19,1.55282409,68539756.09,0.0,0.0,4
10619684000168,2014-06-06,70541635.48,1.55295071,70545345.19,2000000.0,0.0,4
10619684000168,2014-06-09,70553203.26,1.55327342,70560004.83,0.0,0.0,4
10619684000168,2014-06-10,70576673.94,1.55376066,70582138.47,0.0,0.0,4
10619684000168,2014-06-11,70606965.9,1.55434848,70608841.03,0.0,0.0,4
10619684000168,2014-06-12,70634182.64,1.55491006,70634351.59,0.0,0.0,4
10619684000168,2014-06-13,70655988.69,1.55537412,70655432.59,0.0,0.0,4
10619684000168,2014-06-16,70684848.41,1.55595327,70681741.39,0.0,0.0,4
10619684000168,2014-06-17,70731579.94,1.55685424,70722669.13,0.0,0.0,4
10619684000168,2014-06-18,71738595.84,1.55708365,71733090.69,1000000.0,0.0,4
10619684000168,2014-06-20,71763540.82,1.55758224,71756060.23,0.0,0.0,4
10619684000168,2014-06-23,71785482.66,1.55801623,71776053.62,0.0,0.0,4
10619684000168,2014-06-24,71814346.73,1.55860047,71802968.71,0.0,0.0,4
10619684000168,2014-06-25,71835644.23,1.55902045,71822316.6,0.0,0.0,4
10619684000168,2014-06-26,71864366.01,1.55960157,70847847.63,0.0,1001240.62,4
10619684000168,2014-06-27,70891272.35,1.56015148,70872828.37,0.0,0.0,4
10619684000168,2014-06-30,69958324.48,1.56086057,70905040.21,0.0,0.0,4
10619684000168,2014-07-01,70004101.83,1.56143518,70931143.07,0.0,0.0,4
10619684000168,2014-07-02,70032430.04,1.56201802,70957619.58,0.0,0.0,4
10619684000168,2014-07-03,71025725.21,1.56260012,70984062.4,0.0,0.0,4
10619684000168,2014-07-04,71054828.21,1.56320018,71011321.37,0.0,0.0,4
10619684000168,2014-07-07,71048015.36,1.56377987,71037654.82,0.0,0.0,4
10619684000168,2014-07-08,71076626.9,1.5643675,71064349.06,0.0,0.0,4
10619684000168,2014-07-09,71105482.29,1.56496048,71091286.45,0.0,0.0,4
10619684000168,2014-07-10,71129517.57,1.56555741,71118403.09,0.0,0.0,4
10619684000168,2014-07-11,71158457.09,1.56615222,71145423.24,0.0,0.0,4
10619684000168,2014-07-14,71186750.1,1.56673278,71171796.23,0.0,0.0,4
10619684000168,2014-07-15,71215541.35,1.56732429,71198666.8,0.0,0.0,4
10619684000168,2014-07-16,71247985.86,1.56792383,71225902.03,0.0,0.0,4
10619684000168,2014-07-17,71266773.94,1.56851522,71252767.01,0.0,0.0,4
10619684000168,2014-07-18,71296131.89,1.56911564,71280042.32,0.0,0.0,4
10619684000168,2014-07-21,71324113.73,1.56968869,69301264.54,0.0,2004809.77,4
10619684000168,2014-07-22,69352912.42,1.57029743,69328140.18,0.0,0.0,4
10619684000168,2014-07-23,69381693.26,1.57090627,69355020.25,0.0,0.0,4
10619684000168,2014-07-24,69409444.4,1.57149177,67373875.0,0.0,2006994.97,4
10619684000168,2014-07-25,67437914.44,1.57211265,67400493.46,0.0,0.0,4
10619684000168,2014-07-28,67465175.94,1.57270532,67425902.72,0.0,0.0,4
10619684000168,2014-07-29,67491980.54,1.57328731,67450854.43,0.0,0.0,4
10619684000168,2014-07-30,67518957.42,1.57387331,67475977.78,0.0,0.0,4
10619684000168,2014-07-31,67546195.65,1.5744653999999998,67501361.85,0.0,0.0,4
10619684000168,2014-08-01,67573682.38,1.57506336,67526998.18,0.0,0.0,4
10619684000168,2014-08-04,67601145.28,1.57566076,67552610.06,0.0,0.0,4
10619684000168,2014-08-05,67618652.74,1.5762589,64565543.2,0.0,3012710.64,4
10619684000168,2014-08-06,64644897.21,1.57685602,64590002.04,0.0,0.0,4
10619684000168,2014-08-07,64665911.39,1.5774475000000001,64614229.96,0.0,0.0,4
10619684000168,2014-08-08,64653011.53,1.57806548,64639543.23,0.0,0.0,4
10619684000168,2014-08-11,62664592.81,1.57864397,64663238.71,0.0,0.0,4
10619684000168,2014-08-12,64704933.93,1.57921898,64686791.74,0.0,0.0,4
10619684000168,2014-08-13,64721162.12,1.57981563,64711231.24,0.0,0.0,4
10619684000168,2014-08-14,64747260.55,1.58040909,59711125.19,0.0,5024415.16,4
10619684000168,2014-08-15,59773447.32,1.58105816,59735648.45,0.0,0.0,4
10619684000168,2014-08-18,59797648.45,1.58165465,59758185.09,0.0,0.0,4
10619684000168,2014-08-19,59821921.86,1.58225305,59780793.8,0.0,0.0,4
10619684000168,2014-08-20,59841176.48,1.58285094,59803383.15,0.0,0.0,4
10619684000168,2014-08-21,59865367.23,1.58344697,56809443.18,0.0,3016459.43,4
10619684000168,2014-08-22,56889632.4,1.58407898,56832117.83,0.0,0.0,4
10619684000168,2014-08-25,56892852.01,1.58468183,56853746.36,0.0,0.0,4
10619684000168,2014-08-26,56916035.18,1.58528365,56875337.9,0.0,0.0,4
10619684000168,2014-08-27,56939263.46,1.58588672,53880187.29,0.0,3016786.83,4
10619684000168,2014-08-28,53957582.06,1.58651399,53901498.74,0.0,0.0,4
10619684000168,2014-08-29,53979584.92,1.58711695,53921984.26,0.0,0.0,4
10619684000168,2014-09-01,54001630.13,1.5877212,53942513.63,0.0,0.0,4
10619684000168,2014-09-02,54023658.53,1.58828762,53961757.6,0.0,0.0,4
10619684000168,2014-09-03,54015293.58,1.58887977,53981875.81,0.0,0.0,4
10619684000168,2014-09-04,54034646.41,1.58901526,53986478.81,0.0,0.0,4
10619684000168,2014-09-05,54020961.08,1.58959874,54006302.49,0.0,0.0,4
10619684000168,2014-09-08,25219426.32,1.590142,54024771.66,0.0,0.0,4
10619684000168,2014-09-09,54033097.02,1.59044,54034885.02,0.0,0.0,4
10619684000168,2014-09-10,54055485.11,1.5910959999999998,54057188.16,0.0,0.0,4
10619684000168,2014-09-11,54077812.44,1.591751,49049164.38,0.0,5030266.16,4
10619684000168,2014-09-12,49100075.18,1.59247,49071343.36,0.0,0.0,4
10619684000168,2014-09-15,49120413.56,1.593127,49091572.92,0.0,0.0,4
10619684000168,2014-09-16,49110344.34,1.593782,49111757.28,0.0,0.0,4
10619684000168,2014-09-17,49131081.22,1.594448,49132289.08,0.0,0.0,4
10619684000168,2014-09-18,49150831.7,1.595086,49151930.72,0.0,0.0,4
10619684000168,2014-09-19,49182443.58,1.596108,45157287.64,0.0,4026146.12,4
10619684000168,2014-09-22,45196465.63,1.5966,45171201.8,0.0,0.0,4
10619684000168,2014-09-23,45217846.36,1.597352,45192474.63,0.0,0.0,4
10619684000168,2014-09-24,45216626.89,1.598229,45217293.38,0.0,0.0,4
10619684000168,2014-09-25,45236842.15,1.59894,45237400.73,0.0,0.0,4
10619684000168,2014-09-26,45258706.8,1.599709,45259157.47,0.0,0.0,4
10619684000168,2014-09-29,45275613.71,1.600302,45275956.46,0.0,0.0,4
10619684000168,2014-09-30,45294944.94,1.600982,45295179.83,0.0,0.0,4
10619684000168,2014-10-01,45312018.53,1.6015840000000001,45312217.58,0.0,0.0,4
10619684000168,2014-10-02,45328970.51,1.602182,45329133.71,0.0,0.0,4
10619684000168,2014-10-03,45353538.14,1.603049,45353665.49,0.0,0.0,4
10619684000168,2014-10-06,45350412.97,1.602927,45350216.45,0.0,0.0,4
10619684000168,2014-10-07,45360518.46,1.6032899999999999,41331012.44,0.0,4029457.75,4
10619684000168,2014-10-08,41405911.97,1.605049,41376371.05,0.0,0.0,4
10619684000168,2014-10-09,41404825.38,1.605006,41375249.55,0.0,0.0,4
10619684000168,2014-10-10,41373846.15,1.604956,41373981.17,0.0,0.0,4
10619684000168,2014-10-13,41389307.62,1.6055549999999998,41389407.73,0.0,0.0,4
10619684000168,2014-10-14,41402976.35,1.606084,37372282.8,0.0,4030758.75,4
10619684000168,2014-10-15,37398928.61,1.605908,37368201.1,0.0,0.0,4
10619684000168,2014-10-16,37413888.1,1.60655,37383126.63,0.0,0.0,4
10619684000168,2014-10-17,37416207.85,1.607967,37416113.0,0.0,0.0,4
10619684000168,2014-10-20,37433084.97,1.608689,37432897.98,0.0,0.0,4
10619684000168,2014-10-21,37441736.14,1.609057,33409208.98,0.0,4032248.03,4
10619684000168,2014-10-22,33453616.74,1.609637,33421253.23,0.0,0.0,4
10619684000168,2014-10-23,33474103.44,1.610619,33441648.74,0.0,0.0,4
10619684000168,2014-10-24,33468482.94,1.611897,33468185.08,0.0,0.0,4
10619684000168,2014-10-27,33483756.93,1.6126280000000002,33483367.87,0.0,0.0,4
10619684000168,2014-10-28,33515665.57,1.614161,33515185.31,0.0,0.0,4
10619684000168,2014-10-29,33477603.95,1.612323,29443190.14,0.0,4033842.34,4
10619684000168,2014-10-30,29478356.25,1.6123610000000002,29443877.65,0.0,0.0,4
10619684000168,2014-10-31,29589951.69,1.618534,29556604.42,0.0,0.0,4
10619684000168,2014-11-03,29573051.64,1.619457,29573456.44,0.0,0.0,4
10619684000168,2014-11-04,29560553.96,1.618767,29560868.49,0.0,0.0,4
10619684000168,2014-11-05,29613376.47,1.6216549999999998,29613600.73,0.0,0.0,4
10619684000168,2014-11-06,29616872.46,1.621841,25772048.74,0.0,3844939.97,2
10619684000168,2014-11-07,25819057.36,1.622499,25782508.31,0.0,0.0,2
10619684000168,2014-11-10,25836142.41,1.623568,25799503.99,0.0,0.0,2
10619684000168,2014-11-11,25822753.01,1.625036,25822828.41,0.0,0.0,2
10619684000168,2014-11-12,25824743.34,1.625156,20772904.4,0.0,5051824.96,2
10619684000168,2014-11-13,20831979.26,1.625711,20780002.17,0.0,0.0,2
10619684000168,2014-11-14,20855816.74,1.627565,20803701.5,0.0,0.0,2
10619684000168,2014-11-17,20812088.39,1.628192,20811718.13,0.0,0.0,2
10619684000168,2014-11-18,20828339.77,1.629711,20831129.52,0.0,0.0,2
10619684000168,2014-11-19,20844332.64,1.630694,20843689.68,0.0,0.0,2
10619684000168,2014-11-20,20851017.17,1.631201,20850181.5,0.0,0.0,2
10619684000168,2014-11-21,20874667.43,1.633037,20873639.05,0.0,0.0,2
10619684000168,2014-11-24,20916353.67,1.636283,15857129.8,0.0,5058002.77,2
10619684000168,2014-11-25,15944011.23,1.639117,15884595.83,0.0,0.0,2
10619684000168,2014-11-26,15952926.55,1.6400169999999998,15893319.62,0.0,0.0,2
10619684000168,2014-11-27,15904530.4,1.640989,15902734.71,0.0,0.0,2
10619684000168,2014-11-28,15935848.4,1.6443169999999998,15798431.78,0.0,136550.68,2
10619684000168,2014-12-01,15877892.91,1.6382649999999999,10724678.89,0.0,5015605.89,2
10619684000168,2014-12-02,10748952.44,1.639414,10732206.33,0.0,0.0,2
10619684000168,2014-12-03,10747327.79,1.6391369999999998,10730391.37,0.0,0.0,2
10619684000168,2014-12-04,10779264.08,1.6463709999999998,10777743.25,0.0,0.0,2
10619684000168,2014-12-05,10799000.31,1.649356,10797289.16,0.0,0.0,2
10619684000168,2014-12-08,10788362.71,1.647702,10786461.24,0.0,0.0,2
10619684000168,2014-12-09,10771472.97,1.6450930000000001,10769381.18,0.0,0.0,2
10619684000168,2014-12-10,10732685.2,1.639139,10730403.1,0.0,0.0,2
10619684000168,2014-12-11,10740863.45,1.640357,10738375.04,0.0,0.0,2
10619684000168,2014-12-12,10700469.24,1.634152,7383793.9,0.0,3313963.13,1
10619684000168,2014-12-15,7378391.39,1.630475,7367176.69,0.0,0.0,1
10619684000168,2014-12-16,7398724.49,1.634923,7387275.65,0.0,0.0,1
10619684000168,2014-12-17,7416194.39,1.6406669999999999,7413230.54,0.0,0.0,1
10619684000168,2014-12-18,7438838.8,1.645627,7435639.63,0.0,0.0,1
10619684000168,2014-12-19,7448528.59,1.647719,7445095.1,0.0,0.0,1
10619684000168,2014-12-22,7474745.45,1.65347,7471077.64,0.0,0.0,1
10619684000168,2014-12-23,7520415.39,1.663525,7516513.25,0.0,0.0,1
10619684000168,2014-12-24,7524923.62,1.6644709999999998,7520787.14,0.0,0.0,1
10619684000168,2014-12-26,7507215.26,1.6605,7502844.44,0.0,0.0,1
10619684000168,2014-12-29,7522111.51,1.663745,7517506.35,0.0,0.0,1
10619684000168,2014-12-30,7498671.13,1.659223,7497071.51,0.0,0.0,1
10619684000168,2014-12-31,7503306.33,1.660221,7501584.16,0.0,0.0,1
10619684000168,2015-01-02,7515814.37,1.663218,7515124.5,0.0,0.0,1
10619684000168,2015-01-05,7533847.0,1.667189,7533068.05,0.0,0.0,1
10619684000168,2015-01-06,7507229.01,1.6612779999999998,7506360.98,0.0,0.0,1
10619684000168,2015-01-07,7532130.09,1.66677,7531172.98,0.0,0.0,1
10619684000168,2015-01-08,7552332.79,1.6712169999999995,7551265.55,0.0,0.0,1
10619684000168,2015-01-09,7521854.65,1.664723,7521925.35,0.0,0.0,1
10619684000168,2015-01-12,7512056.59,1.6625439999999998,7512078.23,0.0,0.0,1
10619684000168,2015-01-13,7501163.76,1.660122,7501136.34,0.0,0.0,1
10619684000168,2015-01-14,7495641.83,1.6588889999999998,7495565.3,0.0,0.0,1
10619684000168,2015-01-15,7501283.99,1.660127,7501159.57,0.0,0.0,1
10619684000168,2015-01-16,7552017.48,1.671345,7551845.16,0.0,0.0,1
10619684000168,2015-01-19,7560708.88,1.673246,7560433.69,0.0,0.0,1
10619684000168,2015-01-20,7602129.3,1.68239,7601751.24,0.0,0.0,1
10619684000168,2015-01-21,7625451.48,1.687528,7624969.34,0.0,0.0,1
10619684000168,2015-01-22,7600240.64,1.6819259999999998,7599654.41,0.0,0.0,1
10619684000168,2015-01-23,7646846.46,1.692217,7595942.95,0.0,50213.2,1
10619684000168,2015-01-26,7619172.86,1.697168,7618165.27,0.0,0.0,1
10619684000168,2015-01-27,7568061.22,1.685758,7566949.55,0.0,0.0,1
10619684000168,2015-01-28,7527857.98,1.676779,7526642.24,0.0,0.0,1
10619684000168,2015-01-29,7625046.1,1.698407,7623726.3,0.0,0.0,1
10619684000168,2015-01-30,7653242.15,1.704963,7653153.53,0.0,0.0,1
10619684000168,2015-02-02,7724275.19,1.720764,7724082.48,0.0,0.0,1
10619684000168,2015-02-03,7757610.98,1.728168,7757314.16,0.0,0.0,1
10619684000168,2015-02-04,7782701.72,1.733734,7782300.78,0.0,0.0,1
10619684000168,2015-02-05,7799915.84,1.7375459999999998,7799410.78,0.0,0.0,1
10619684000168,2015-02-06,7837848.0,1.745973,7837238.81,0.0,0.0,1
10619684000168,2015-02-09,7810119.0,1.73977,7809395.57,0.0,0.0,1
10619684000168,2015-02-10,7847514.44,1.7480759999999995,7846676.78,0.0,0.0,1
10619684000168,2015-02-11,9863178.49,1.7515479999999999,9862264.35,2000000.0,0.0,2
10619684000168,2015-02-12,9883046.47,1.7550560000000002,9882017.61,0.0,0.0,2
10619684000168,2015-02-13,9914223.36,1.760573,9913079.69,0.0,0.0,2
10619684000168,2015-02-18,9914929.4,1.760688,9913725.98,0.0,0.0,2
10619684000168,2015-02-19,9949094.08,1.766745,9947832.09,0.0,0.0,2
10619684000168,2015-02-20,11966657.49,1.7698650000000002,11965396.98,2000000.0,0.0,2
10619684000168,2015-02-23,11977419.55,1.771437,11976028.74,0.0,0.0,2
10619684000168,2015-02-24,13978632.64,1.771597,13977109.84,2000000.0,0.0,2
10619684000168,2015-02-25,14008173.2,1.7753240000000001,14006517.93,0.0,0.0,2
10619684000168,2015-02-26,14041716.89,1.7795590000000001,14039929.15,0.0,0.0,2
10619684000168,2015-02-27,14094928.1,1.7864349999999998,14094171.42,0.0,0.0,2
10619684000168,2015-03-02,14133505.84,1.791309,14132626.76,0.0,0.0,2
10619684000168,2015-03-03,14140820.52,1.79222,14139819.04,0.0,0.0,2
10619684000168,2015-03-04,14200183.22,1.799729,14199059.33,0.0,0.0,2
10619684000168,2015-03-05,14217225.08,1.801874,14215978.77,0.0,0.0,2
10619684000168,2015-03-06,20254446.32,1.806581,20253119.9,6000000.0,0.0,2
10619684000168,2015-03-09,20279716.79,1.808824,20278266.51,0.0,0.0,2
10619684000168,2015-03-10,20251928.08,1.806334,20250353.93,0.0,0.0,2
10619684000168,2015-03-11,25304859.55,1.811045,25303161.54,5000000.0,0.0,2
10619684000168,2015-03-12,25349042.78,1.814198,25347219.71,0.0,0.0,2
10619684000168,2015-03-13,25446997.98,1.8212,25445049.79,0.0,0.0,2
10619684000168,2015-03-16,25489319.03,1.824226,25487318.67,0.0,0.0,2
10619684000168,2015-03-17,25533826.58,1.827407,25531774.04,0.0,0.0,2
10619684000168,2015-03-18,25556260.64,1.829009,25554155.91,0.0,0.0,2
10619684000168,2015-03-19,25539331.42,1.827794,25537174.5,0.0,0.0,2
10619684000168,2015-03-20,31548017.03,1.8284080000000005,31545749.75,6000000.0,0.0,4
10619684000168,2015-03-23,31518643.26,1.826699,31516264.19,0.0,0.0,4
10619684000168,2015-03-24,35998673.9,1.825535,35996183.05,4500000.0,0.0,4
10619684000168,2015-03-25,36013658.22,1.826289,36011054.52,0.0,0.0,4
10619684000168,2015-03-26,36007157.9,1.825954,36004441.35,0.0,0.0,4
10619684000168,2015-03-27,36036742.08,1.827448,36033912.68,0.0,0.0,4
10619684000168,2015-03-30,36093184.4,1.830305,36090242.14,0.0,0.0,4
10619684000168,2015-03-31,40092331.11,1.830326,40090654.19,4000000.0,0.0,4
10619684000168,2015-04-01,40132486.81,1.832153,40130683.81,0.0,0.0,4
10619684000168,2015-04-02,40111707.58,1.8311990000000002,40109778.5,0.0,0.0,4
10619684000168,2015-04-06,43132068.07,1.8321290000000001,43130144.55,3000000.0,0.0,4
10619684000168,2015-04-07,45154166.51,1.833062,45152116.19,2000000.0,0.0,4
10619684000168,2015-04-08,47678047.03,1.834026,47675853.64,2500000.0,0.0,4
10619684000168,2015-04-09,47695553.76,1.8346939999999998,47693216.7,0.0,0.0,4
10619684000168,2015-04-10,47766505.58,1.8374169999999999,47764024.84,0.0,0.0,4
10619684000168,2015-04-13,50786786.21,1.838227,50785061.78,3000000.0,0.0,4
10619684000168,2015-04-14,50812444.71,1.83915,50810575.87,0.0,0.0,4
10619684000168,2015-04-15,50858997.84,1.84083,50856984.56,0.0,0.0,4
10619684000168,2015-04-16,50859408.1,1.8408400000000005,50857271.87,0.0,0.0,4
10619684000168,2015-04-17,54351761.04,1.840566,54349681.03,3500000.0,0.0,4
10619684000168,2015-04-20,54313954.44,1.8392810000000002,54311750.64,0.0,0.0,4
10619684000168,2015-04-22,54335305.72,1.84,54332978.14,0.0,0.0,4
10619684000168,2015-04-23,58345453.66,1.84034,58343002.29,4000000.0,0.0,4
10619684000168,2015-04-24,58366031.24,1.8409849999999999,58363455.13,0.0,0.0,4
10619684000168,2015-04-27,58414228.53,1.842501,58411527.67,0.0,0.0,4
10619684000168,2015-04-28,58444578.66,1.8434540000000001,58441753.04,0.0,0.0,4
10619684000168,2015-04-29,58466823.48,1.844152,58463873.1,0.0,0.0,4
10619684000168,2015-04-30,58431128.54,1.843059,58429216.04,0.0,0.0,4
10619684000168,2015-05-04,58510216.43,1.84555,58508190.99,0.0,0.0,4
10619684000168,2015-05-05,60487365.77,1.844833,60485467.87,2000000.0,0.0,4
10619684000168,2015-05-06,60490838.28,1.844936,60488826.95,0.0,0.0,4
10619684000168,2015-05-07,60509593.86,1.845504,60507469.1,0.0,0.0,4
10619684000168,2015-05-08,60605942.15,1.84844,60603703.95,0.0,0.0,4
10619684000168,2015-05-11,60638388.01,1.849426,60636036.35,0.0,0.0,4
10619684000168,2015-05-12,63221325.07,1.848902,63218859.94,2600000.0,0.0,4
10619684000168,2015-05-13,63250830.56,1.849761,63248251.35,0.0,0.0,4
10619684000168,2015-05-14,63373971.63,1.853359,63371278.33,0.0,0.0,4
10619684000168,2015-05-15,63427142.67,1.854911,63424335.25,0.0,0.0,4
10619684000168,2015-05-18,65740848.69,1.855309,65737927.0,2300000.0,0.0,4
10619684000168,2015-05-19,65781522.13,1.856455,65778543.94,0.0,0.0,4
10619684000168,2015-05-20,65834956.97,1.857961,65831922.27,0.0,0.0,4
10619684000168,2015-05-21,65883310.79,1.859323,65880164.22,0.0,0.0,4
10619684000168,2015-05-22,65951480.38,1.861244,65948221.92,0.0,0.0,4
10619684000168,2015-05-25,65965020.94,1.861623,65961650.58,0.0,0.0,4
10619684000168,2015-05-26,65998220.64,1.862557,65994738.37,0.0,0.0,4
10619684000168,2015-05-27,66055264.68,1.864163,66051670.5,0.0,0.0,4
10619684000168,2015-05-28,66112430.59,1.8657740000000005,66108724.48,0.0,0.0,4
10619684000168,2015-05-29,68101689.45,1.8655,67754692.83,2000000.0,344340.91,4
10619684000168,2015-06-01,68133775.5,1.86638,67786666.55,0.0,0.0,4
10619684000168,2015-06-02,67763938.42,1.8656840000000001,67761359.52,0.0,0.0,4
10619684000168,2015-06-03,67802384.07,1.866739,67799692.84,0.0,0.0,4
10619684000168,2015-06-05,67785168.04,1.8662619999999999,67782364.47,0.0,0.0,4
10619684000168,2015-06-08,67809437.37,1.866927,67806521.45,0.0,0.0,4
10619684000168,2015-06-09,67835552.17,1.867643,67832523.91,0.0,0.0,4
10619684000168,2015-06-10,67910652.83,1.8697080000000001,67907512.24,0.0,0.0,4
10619684000168,2015-06-11,67937429.61,1.8704419999999997,67934176.65,0.0,0.0,4
10619684000168,2015-06-12,67961968.49,1.871114,67958603.16,0.0,0.0,4
10619684000168,2015-06-15,67949554.99,1.870769,67946066.47,0.0,0.0,4
10619684000168,2015-06-16,68004111.87,1.872268,68000500.16,0.0,0.0,4
10619684000168,2015-06-17,68037801.72,1.8731919999999997,68034066.81,0.0,0.0,4
10619684000168,2015-06-18,68115407.98,1.8753259999999998,68111549.86,0.0,0.0,4
10619684000168,2015-06-19,68150777.89,1.876296,68146796.55,0.0,0.0,4
10619684000168,2015-06-22,68252953.13,1.8791069999999999,68248903.9,0.0,0.0,4
10619684000168,2015-06-23,68302749.02,1.880475,68298576.54,0.0,0.0,4
10619684000168,2015-06-24,68308723.47,1.880636,68304427.73,0.0,0.0,4
10619684000168,2015-06-25,68307832.39,1.8806080000000005,68303413.39,0.0,0.0,4
10619684000168,2015-06-26,68350477.18,1.881779,68345934.92,0.0,0.0,4
10619684000168,2015-06-29,68282351.47,1.8799,68277685.94,0.0,0.0,4
10619684000168,2015-06-30,68271795.56,1.8797849999999998,68273534.28,0.0,0.0,4
10619684000168,2015-07-01,68328897.36,1.881355,67330553.67,0.0,1003390.72,4
10619684000168,2015-07-02,67383861.26,1.882898,67382384.74,0.0,0.0,4
10619684000168,2015-07-03,67450780.53,1.884765,67449191.34,0.0,0.0,4
10619684000168,2015-07-06,67450465.69,1.884848,67452154.53,0.0,0.0,4
10619684000168,2015-07-07,67511027.23,1.886537,67512603.38,0.0,0.0,4
10619684000168,2015-07-08,67537248.94,1.887267,67538712.39,0.0,0.0,4
10619684000168,2015-07-09,67573058.11,1.888264,67574408.85,0.0,0.0,4
10619684000168,2015-07-10,67668973.43,1.890995,66667601.98,0.0,1004529.47,4
10619684000168,2015-07-13,66707629.95,1.892088,66706146.0,0.0,0.0,4
10619684000168,2015-07-14,66751085.51,1.893318,66749489.05,0.0,0.0,4
10619684000168,2015-07-15,66789545.29,1.894532,66792311.46,0.0,0.0,4
10619684000168,2015-07-16,66863811.69,1.896634,66866411.01,0.0,0.0,4
10619684000168,2015-07-17,66918280.26,1.898174,66920690.45,0.0,0.0,4
10619684000168,2015-07-20,66994820.83,1.900339,66997041.88,0.0,0.0,4
10619684000168,2015-07-21,67021804.83,1.901099,67023836.81,0.0,0.0,4
10619684000168,2015-07-22,67042133.45,1.901672,66038223.92,0.0,1005806.64,4
10619684000168,2015-07-23,65995167.03,1.900316,65991122.87,0.0,0.0,4
10619684000168,2015-07-24,66002421.01,1.900521,65998242.23,0.0,0.0,4
10619684000168,2015-07-27,66010663.88,1.900922,64000540.93,0.0,2011616.19,4
10619684000168,2015-07-28,64077837.62,1.902913,64067580.52,0.0,0.0,4
10619684000168,2015-07-29,64078219.9,1.90292,64067828.64,0.0,0.0,4
10619684000168,2015-07-30,64192259.14,1.906648,64193349.91,0.0,0.0,4
10619684000168,2015-07-31,64277479.91,1.90921,64279598.84,0.0,0.0,4
10619684000168,2015-08-03,64291114.79,1.909611,64293110.32,0.0,0.0,4
10619684000168,2015-08-04,64317335.88,1.9103869999999998,64319208.0,0.0,0.0,4
10619684000168,2015-08-05,64356383.23,1.911543,62847651.48,0.0,1510480.46,4
10619684000168,2015-08-06,62817363.36,1.910363,62808872.7,0.0,0.0,4
10619684000168,2015-08-07,62773486.13,1.909025,62764872.42,0.0,0.0,4
10619684000168,2015-08-10,62824526.11,1.9108919999999998,62826269.82,0.0,0.0,4
10619684000168,2015-08-11,62854465.16,1.9117990000000002,60842326.35,0.0,2013759.46,4
10619684000168,2015-08-12,60874302.28,1.912418,60862030.17,0.0,0.0,4
10619684000168,2015-08-13,60912958.67,1.913631,60900607.48,0.0,0.0,4
10619684000168,2015-08-14,60920942.44,1.914311,57900907.38,0.0,3021364.24,4
10619684000168,2015-08-17,57957510.59,1.91553,57937775.65,0.0,0.0,4
10619684000168,2015-08-18,57996514.13,1.9168169999999998,57976700.81,0.0,0.0,4
10619684000168,2015-08-19,57990073.78,1.9173080000000002,57991546.27,0.0,0.0,4
10619684000168,2015-08-20,57907781.77,1.9145849999999998,57909176.9,0.0,0.0,4
10619684000168,2015-08-21,57838321.1,1.912284,57839582.03,0.0,0.0,4
10619684000168,2015-08-24,57769391.32,1.91,55254018.33,0.0,2516499.74,4
10619684000168,2015-08-25,55326940.41,1.9119849999999998,55311433.85,0.0,0.0,4
10619684000168,2015-08-26,55470544.51,1.9169450000000001,55454904.37,0.0,0.0,4
10619684000168,2015-08-27,55444901.21,1.916624,55445627.2,0.0,0.0,4
10619684000168,2015-08-28,55492735.96,1.918273,52471197.49,0.0,3022130.85,4
10619684000168,2015-08-31,52466487.22,1.917346,52445839.31,0.0,0.0,4
10619684000168,2015-09-01,52472087.37,1.917545,52451298.24,0.0,0.0,4
10619684000168,2015-09-02,52460378.78,1.917932,52461876.46,0.0,0.0,4
10619684000168,2015-09-03,52505715.72,1.919584,52507072.17,0.0,0.0,4
10619684000168,2015-09-04,52494376.72,1.919165,52495591.92,0.0,0.0,4
10619684000168,2015-09-08,52597763.46,1.922939,52598837.42,0.0,0.0,4
10619684000168,2015-09-09,52629489.6,1.924094,52630422.28,0.0,0.0,4
10619684000168,2015-09-10,52639346.42,1.924449,52640137.8,0.0,0.0,4
10619684000168,2015-09-11,52731828.67,1.927825,52732478.75,0.0,0.0,4
10619684000168,2015-09-14,52781454.72,1.929634,52781963.46,0.0,0.0,4
10619684000168,2015-09-15,52858632.44,1.93245,48823126.2,0.0,4035873.62,4
10619684000168,2015-09-16,48883017.26,1.93341,48847371.26,0.0,0.0,4
10619684000168,2015-09-17,48893869.43,1.933836,48858140.5,0.0,0.0,4
10619684000168,2015-09-18,48788633.47,1.931088,42735737.96,0.0,6052957.26,4
10619684000168,2015-09-21,42796749.65,1.931451,42743773.63,0.0,0.0,4
10619684000168,2015-09-22,42811883.56,1.932128,42758760.27,0.0,0.0,4
10619684000168,2015-09-23,42761579.44,1.932243,42761297.31,0.0,0.0,4
10619684000168,2015-09-24,42985401.91,1.94235,39955090.05,0.0,3029877.0,4
10619684000168,2015-09-25,39910971.3,1.938726,39880549.9,0.0,0.0,4
10619684000168,2015-09-28,39759324.81,1.931347,34741112.35,0.0,4987640.61,3
10619684000168,2015-09-29,34870951.3,1.936213,34828654.85,0.0,0.0,3
10619684000168,2015-09-30,34951833.5,1.940759,34910432.03,0.0,0.0,3
10619684000168,2015-10-01,34940927.88,1.9424549999999998,34940932.12,0.0,0.0,3
10619684000168,2015-10-02,35070579.29,1.9496580000000001,35070496.23,0.0,0.0,3
10619684000168,2015-10-05,35046859.87,1.948334,35046689.46,0.0,0.0,3
10619684000168,2015-10-06,35032280.34,1.9475169999999997,35031986.04,0.0,0.0,3
10619684000168,2015-10-07,35000533.99,1.945745,32475117.11,0.0,2524998.7,3
10619684000168,2015-10-08,32523760.64,1.947153,32498614.83,0.0,0.0,3
10619684000168,2015-10-09,32446900.55,1.9426700000000001,32423788.02,0.0,0.0,3
10619684000168,2015-10-13,32445467.36,1.944074,30931966.57,0.0,1515264.11,3
10619684000168,2015-10-14,30963148.29,1.9451779999999999,30949525.25,0.0,0.0,3
10619684000168,2015-10-15,31007474.95,1.947956,30993717.82,0.0,0.0,3
10619684000168,2015-10-16,31001649.85,1.948564,31003401.22,0.0,0.0,3
10619684000168,2015-10-19,31032323.46,1.950484,29517560.3,0.0,1516380.42,3
10619684000168,2015-10-20,29553252.23,1.9518529999999998,29538282.43,0.0,0.0,3
10619684000168,2015-10-21,29583012.33,1.953809,29567887.08,0.0,0.0,3
10619684000168,2015-10-22,29642132.84,1.9587880000000002,29643232.55,0.0,0.0,3
10619684000168,2015-10-23,29612605.19,1.9568259999999997,29613549.41,0.0,0.0,3
10619684000168,2015-10-26,29643163.88,1.9588349999999999,29643952.62,0.0,0.0,3
10619684000168,2015-10-27,29693512.63,1.9621520000000001,25643235.42,0.0,4050910.46,3
10619684000168,2015-10-28,25664025.41,1.959884,25613594.29,0.0,0.0,3
10619684000168,2015-10-29,25650145.37,1.95881,24587456.89,0.0,1012103.47,3
10619684000168,2015-10-30,24602237.84,1.9591189999999998,24591329.59,0.0,0.0,3
10619684000168,2015-11-03,24588514.64,1.958013,23059440.42,0.0,1518012.48,3
10619684000168,2015-11-04,23138684.85,1.96331,23121819.01,0.0,0.0,3
10619684000168,2015-11-05,23113800.26,1.961184,23096781.51,0.0,0.0,3
10619684000168,2015-11-06,23111638.54,1.962517,21957883.25,0.0,1154596.12,2
10619684000168,2015-11-09,21989295.47,1.96423,20965326.44,0.0,1011724.69,2
10619684000168,2015-11-10,21014868.04,1.966619,20990820.05,0.0,0.0,2
10619684000168,2015-11-11,21045542.84,1.970697,21034348.61,0.0,0.0,2
10619684000168,2015-11-12,21047996.53,1.972018,21048448.0,0.0,0.0,2
10619684000168,2015-11-13,21074420.93,1.974486,20062095.67,0.0,1012697.74,2
10619684000168,2015-11-16,20092297.6,1.976238,20079893.74,0.0,0.0,2
10619684000168,2015-11-17,20102100.73,1.977195,20089618.26,0.0,0.0,2
10619684000168,2015-11-18,20114198.36,1.979627,20063898.87,0.0,50436.15,2
10619684000168,2015-11-19,20102233.83,1.983367,20101796.81,0.0,0.0,2
10619684000168,2015-11-20,20117501.09,1.98486,16062112.25,0.0,4054814.27,2
10619684000168,2015-11-23,16130011.6,1.986443,16074922.97,0.0,0.0,2
10619684000168,2015-11-24,16086828.27,1.981089,16031603.69,0.0,0.0,2
10619684000168,2015-11-25,16003413.27,1.977536,16002846.04,0.0,0.0,2
10619684000168,2015-11-26,15959358.42,1.972075,15958655.27,0.0,0.0,2
10619684000168,2015-11-27,15939991.56,1.969665,13914874.76,0.0,2024277.75,2
10619684000168,2015-11-30,13999700.06,1.978242,13855999.71,0.0,119471.35,2
10619684000168,2015-12-01,14020149.5,1.9811439999999998,13876325.91,0.0,0.0,2
10619684000168,2015-12-02,13895845.78,1.983925,13895804.51,0.0,0.0,2
10619684000168,2015-12-03,13839756.81,1.9759,13839592.29,0.0,0.0,2
10619684000168,2015-12-04,13860981.27,1.9789130000000001,13860693.52,0.0,0.0,2
10619684000168,2015-12-07,13876784.27,1.9811509999999999,13876373.28,0.0,0.0,2
10619684000168,2015-12-08,13905371.56,1.9852150000000002,12849830.35,0.0,1055006.97,2
10619684000168,2015-12-09,12845144.65,1.983616,12839480.6,0.0,0.0,2
10619684000168,2015-12-10,12855320.29,1.985169,12849532.98,0.0,0.0,2
10619684000168,2015-12-11,12897085.27,1.992376,10864782.89,0.0,2031399.59,2
10619684000168,2015-12-14,10878893.39,1.992696,10866527.89,0.0,0.0,2
10619684000168,2015-12-15,10883102.13,1.9934560000000001,9864929.89,0.0,1005738.08,2
10619684000168,2015-12-16,9883175.15,1.995796,9876511.44,0.0,0.0,2
10619684000168,2015-12-17,9902138.55,1.999614,9895406.57,0.0,0.0,2
10619684000168,2015-12-18,9915761.99,2.003487,8636471.73,0.0,1278098.04,1
10619684000168,2015-12-21,8682378.83,2.01195,8672953.47,0.0,0.0,1
10619684000168,2015-12-22,8681036.2,2.011593,8671416.09,0.0,0.0,1
10619684000168,2015-12-23,8678926.13,2.0129240000000004,8677156.21,0.0,0.0,1
10619684000168,2015-12-24,8685217.51,2.014339,8683252.84,0.0,0.0,1
10619684000168,2015-12-28,8648078.03,2.0059150000000003,8646941.2,0.0,0.0,1
10619684000168,2015-12-29,8676018.89,2.012352,8674687.32,0.0,0.0,1
10619684000168,2015-12-30,8706567.96,2.019393,8705041.93,0.0,0.0,1
10619684000168,2015-12-31,8712865.13,2.0208470000000003,8711306.12,0.0,0.0,1
10619684000168,2016-01-04,8767418.23,2.033494,8765826.23,0.0,0.0,1
10619684000168,2016-01-05,8794290.62,2.03972,8792665.61,0.0,0.0,1
10619684000168,2016-01-06,8822035.76,2.046149,8820377.73,0.0,0.0,1
10619684000168,2016-01-07,8831344.02,2.048294,8829625.08,0.0,0.0,1
10619684000168,2016-01-08,8813462.31,2.0445290000000003,8813395.8,0.0,0.0,1
10619684000168,2016-01-11,8822205.53,2.046544,8781878.59,0.0,40201.25,1
10619684000168,2016-01-12,8787302.51,2.047718,8786916.41,0.0,0.0,1
10619684000168,2016-01-13,8768349.21,2.043287,8767903.94,0.0,0.0,1
10619684000168,2016-01-14,8771210.06,2.04394,8770705.63,0.0,0.0,1
10619684000168,2016-01-15,8785623.62,2.047285,8785060.03,0.0,0.0,1
10619684000168,2016-01-18,8793694.71,2.049139,8793016.29,0.0,0.0,1
10619684000168,2016-01-19,8802651.98,2.0512,8801857.33,0.0,0.0,1
10619684000168,2016-01-20,8816150.46,2.054318,8815239.58,0.0,0.0,1
10619684000168,2016-01-21,8875257.11,2.068066,8874229.99,0.0,0.0,1
10619684000168,2016-01-22,8879706.18,2.069075,8878562.8,0.0,0.0,1
10619684000168,2016-01-25,8890281.48,2.071513,8889021.84,0.0,0.0,1
10619684000168,2016-01-26,8884994.47,2.0702540000000003,8833282.99,0.0,50335.57,1
10619684000168,2016-01-27,8787950.27,2.059248,8786323.79,0.0,0.0,1
10619684000168,2016-01-28,8823849.38,2.067875,8823132.38,0.0,0.0,1
10619684000168,2016-01-29,8819596.4,2.066851,8818763.24,0.0,0.0,1
10619684000168,2016-02-01,8860775.51,2.076476,8859831.65,0.0,0.0,1
10619684000168,2016-02-02,8804092.96,2.063165,8803038.38,0.0,0.0,1
10619684000168,2016-02-03,8796104.06,2.061266,8794935.24,0.0,0.0,1
10619684000168,2016-02-04,8717141.86,2.042733,8715858.8,0.0,0.0,1
10619684000168,2016-02-05,8762213.44,2.053269,8760816.17,0.0,0.0,1
10619684000168,2016-02-10,8791301.88,2.06006,8719370.86,0.0,70419.52,1
10619684000168,2016-02-11,8726516.79,2.061361,8724877.03,0.0,0.0,1
10619684000168,2016-02-12,8787168.85,2.0756639999999997,8785414.85,0.0,0.0,1
10619684000168,2016-02-15,8816368.78,2.082549,8814557.6,0.0,0.0,1
10619684000168,2016-02-16,8864418.27,2.09387,8862474.9,0.0,0.0,1
10619684000168,2016-02-17,15858972.14,2.092684,15857454.38,7000000.0,0.0,2
10619684000168,2016-02-18,15855672.14,2.09223,15854017.94,0.0,0.0,2
10619684000168,2016-02-19,15874593.43,2.094709,15872802.79,0.0,0.0,2
10619684000168,2016-02-22,15860457.87,2.0928259999999996,15858530.78,0.0,0.0,2
10619684000168,2016-02-23,19365619.19,2.093489,19363555.66,3500000.0,0.0,2
10619684000168,2016-02-24,19405065.67,2.097739,19402864.31,0.0,0.0,2
10619684000168,2016-02-25,19399416.0,2.0971130000000002,19397076.79,0.0,0.0,2
10619684000168,2016-02-26,19427948.45,2.100331,19426844.73,0.0,0.0,2
10619684000168,2016-02-29,19451868.72,2.102903,19450627.14,0.0,0.0,2
10619684000168,2016-03-01,19490030.09,2.107014,19488650.64,0.0,0.0,2
10619684000168,2016-03-02,19496375.64,2.107685,19494858.31,0.0,0.0,2
10619684000168,2016-03-03,19506004.75,2.108711,19504349.53,0.0,0.0,2
10619684000168,2016-03-04,19535752.79,2.111912,19533959.68,0.0,0.0,2
10619684000168,2016-03-07,19503686.99,2.10843,19501755.98,0.0,0.0,2
10619684000168,2016-03-08,24545729.08,2.112971,24483175.11,5000000.0,60579.4,2
10619684000168,2016-03-09,24498698.86,2.114078,24496005.02,0.0,0.0,2
10619684000168,2016-03-10,26518164.25,2.11574,26515259.51,2000000.0,0.0,2
10619684000168,2016-03-11,26582737.97,2.120882,26579697.97,0.0,0.0,2
10619684000168,2016-03-14,26567587.24,2.119662,26564411.95,0.0,0.0,2
10619684000168,2016-03-15,26582703.09,2.120857,26579392.52,0.0,0.0,2
10619684000168,2016-03-16,28845232.86,2.121095,28842366.4,2260000.0,0.0,2
10619684000168,2016-03-17,28906693.91,2.125604,28903689.9,0.0,0.0,2
10619684000168,2016-03-18,28935436.32,2.127708,28932294.74,0.0,0.0,2
10619684000168,2016-03-21,28977444.76,2.130787,28974165.6,0.0,0.0,2
10619684000168,2016-03-22,29038741.19,2.135285,29035324.43,0.0,0.0,2
10619684000168,2016-03-23,29016307.41,2.133625,29012753.03,0.0,0.0,2
10619684000168,2016-03-24,28975408.48,2.130607,28971716.49,0.0,0.0,2
10619684000168,2016-03-28,29028460.14,2.134498,29024630.55,0.0,0.0,2
10619684000168,2016-03-29,35075984.92,2.137983,35072017.71,6000000.0,0.0,3
10619684000168,2016-03-30,37031202.7,2.135328,37028468.59,2000000.0,0.0,3
10619684000168,2016-03-31,36956171.92,2.130994,36953297.09,0.0,0.0,3
10619684000168,2016-04-01,37005336.8,2.1338220000000003,37002352.64,0.0,0.0,3
10619684000168,2016-04-04,36978589.18,2.1322740000000002,36975495.67,0.0,0.0,3
10619684000168,2016-04-05,37014766.19,2.134354,37011563.34,0.0,0.0,3
10619684000168,2016-04-06,37009589.17,2.134048,37006256.7,0.0,0.0,3
10619684000168,2016-04-07,37026555.46,2.135022,36972600.88,0.0,50556.87,3
10619684000168,2016-04-08,39524358.65,2.1378619999999997,39521780.27,2500000.0,0.0,3
10619684000168,2016-04-11,39519378.16,2.1375889999999997,39516733.55,0.0,0.0,3
10619684000168,2016-04-12,41073914.0,2.140566,41071761.39,1500000.0,0.0,3
10619684000168,2016-04-13,41163738.36,2.1452430000000002,41161504.84,0.0,0.0,3
10619684000168,2016-04-14,41172243.16,2.145682,41169928.7,0.0,0.0,3
10619684000168,2016-04-15,41228457.28,2.148607,41226061.88,0.0,0.0,3
10619684000168,2016-04-18,41313015.82,2.1530110000000002,41310554.87,0.0,0.0,3
10619684000168,2016-04-19,41307141.2,2.152701,41304605.98,0.0,0.0,3
10619684000168,2016-04-20,41317074.78,2.1532150000000003,41314465.29,0.0,0.0,3
10619684000168,2016-04-22,41327728.75,2.153766,41325044.99,0.0,0.0,3
10619684000168,2016-04-25,41349942.02,2.15492,41347183.98,0.0,0.0,3
10619684000168,2016-04-26,41356065.3,2.155236,41353241.66,0.0,0.0,3
10619684000168,2016-04-27,43418159.82,2.158486,43415600.34,2000000.0,0.0,3
10619684000168,2016-04-28,43399436.42,2.157552,43396810.52,0.0,0.0,3
10619684000168,2016-04-29,43466806.17,2.160898,43464113.86,0.0,0.0,3
10619684000168,2016-05-02,43488322.06,2.161956,43485407.56,0.0,0.0,3
10619684000168,2016-05-03,43511683.13,2.1631150000000003,43508702.18,0.0,0.0,3
10619684000168,2016-05-04,43515599.37,2.163306,43512551.96,0.0,0.0,3
10619684000168,2016-05-05,45556429.6,2.165356,45553789.07,2000000.0,0.0,3
10619684000168,2016-05-06,45596256.37,2.167246,45593548.57,0.0,0.0,3
10619684000168,2016-05-09,45605980.53,2.167705,45603205.45,0.0,0.0,3
10619684000168,2016-05-10,45684705.82,2.171444,45681863.45,0.0,0.0,3
10619684000168,2016-05-11,45733071.03,2.17374,45730161.34,0.0,0.0,3
10619684000168,2016-05-12,45785829.34,2.176244,45762575.59,0.0,20276.72,3
10619684000168,2016-05-13,45795034.81,2.17763,45791713.71,0.0,0.0,3
10619684000168,2016-05-16,45823109.24,2.178962,45819720.78,0.0,0.0,3
10619684000168,2016-05-17,45810148.2,2.178342,45806692.37,0.0,0.0,3
10619684000168,2016-05-18,45802189.72,2.1779610000000003,45798666.52,0.0,0.0,3
10619684000168,2016-05-19,48338955.13,2.179719,48335641.29,2500000.0,0.0,3
10619684000168,2016-05-20,48380039.8,2.181569,48376657.59,0.0,0.0,3
10619684000168,2016-05-23,48331655.09,2.179384,48328204.49,0.0,0.0,3
10619684000168,2016-05-24,48377216.25,2.181435,48373697.28,0.0,0.0,3
10619684000168,2016-05-25,48396999.62,2.1823240000000004,48393412.26,0.0,0.0,3
10619684000168,2016-05-27,48401898.84,2.182542,48398243.09,0.0,0.0,3
10619684000168,2016-05-30,48455193.46,2.184942,48451469.31,0.0,0.0,3
10619684000168,2016-05-31,48451684.55,2.184781,48158243.23,0.0,289648.64,3
10619684000168,2016-06-01,48480866.45,2.186102,48187363.55,0.0,0.0,3
10619684000168,2016-06-02,48250253.78,2.1887950000000003,48246722.79,0.0,0.0,3
10619684000168,2016-06-03,48287018.17,2.19046,48283425.56,0.0,0.0,3
10619684000168,2016-06-06,48315988.68,2.1917720000000003,48312334.44,0.0,0.0,3
10619684000168,2016-06-07,48308430.08,2.191426,48304714.2,0.0,0.0,3
10619684000168,2016-06-08,49841073.03,2.192904,49837285.02,1500000.0,0.0,3
10619684000168,2016-06-09,49864082.61,2.1939130000000002,49860221.86,0.0,0.0,3
10619684000168,2016-06-10,49847574.96,2.1931830000000003,49843641.46,0.0,0.0,3
10619684000168,2016-06-13,49880065.47,2.19461,49876059.23,0.0,0.0,3
10619684000168,2016-06-14,49910113.3,2.195929,49906034.31,0.0,0.0,3
10619684000168,2016-06-15,49913445.89,2.19607,49909241.69,0.0,0.0,3
10619684000168,2016-06-16,49935232.52,2.197025,49930955.55,0.0,0.0,3
10619684000168,2016-06-17,49936041.9,2.197058,49931692.16,0.0,0.0,3
10619684000168,2016-06-20,49945897.81,2.197488,49941475.3,0.0,0.0,3
10619684000168,2016-06-21,49980080.61,2.198989,49975585.32,0.0,0.0,3
10619684000168,2016-06-22,49998466.8,2.199795,49993898.72,0.0,0.0,3
10619684000168,2016-06-23,50048095.46,2.201975,50043454.58,0.0,0.0,3
10619684000168,2016-06-24,50040431.69,2.201634,50035702.52,0.0,0.0,3
10619684000168,2016-06-27,50128258.53,2.205495,50123441.07,0.0,0.0,3
10619684000168,2016-06-28,50155274.68,2.20668,50150384.37,0.0,0.0,3
10619684000168,2016-06-29,50122589.38,2.2052389999999997,50117626.21,0.0,0.0,3
10619684000168,2016-06-30,50162245.84,2.207237,50163033.87,0.0,0.0,3
10619684000168,2016-07-01,50189517.66,2.208436,50190275.29,0.0,0.0,3
10619684000168,2016-07-04,50196926.34,2.20876,50197653.56,0.0,0.0,3
10619684000168,2016-07-05,50205901.24,2.2091540000000003,50206598.05,0.0,0.0,3
10619684000168,2016-07-06,50217798.94,2.209674,50218409.96,0.0,0.0,3
10619684000168,2016-07-07,50252646.95,2.211203,50253172.17,0.0,0.0,3
10619684000168,2016-07-08,50317036.27,2.214146,48260773.58,0.0,2059290.4,3
10619684000168,2016-07-11,48312187.96,2.216214,48305840.25,0.0,0.0,3
10619684000168,2016-07-12,48316285.11,2.216398,48309852.36,0.0,0.0,3
10619684000168,2016-07-13,48353883.98,2.218545,48356656.59,0.0,0.0,3
10619684000168,2016-07-14,48399393.18,2.220629,48402080.73,0.0,0.0,3
10619684000168,2016-07-15,48442835.95,2.222619,46937272.23,0.0,1508166.19,3
10619684000168,2016-07-18,46974163.25,2.224098,46968515.03,0.0,0.0,3
10619684000168,2016-07-19,46991812.61,2.22493,46986079.88,0.0,0.0,3
10619684000168,2016-07-20,47025057.41,2.226887,47027406.35,0.0,0.0,3
10619684000168,2016-07-21,47024153.58,2.22684,47026417.99,0.0,0.0,3
10619684000168,2016-07-22,47041920.56,2.227677,47044100.44,0.0,0.0,3
10619684000168,2016-07-25,47061878.46,2.228618,47063973.8,0.0,0.0,3
10619684000168,2016-07-26,47091670.22,2.230025,45584408.19,0.0,1509272.82,3
10619684000168,2016-07-27,45624080.36,2.231607,45616734.37,0.0,0.0,3
10619684000168,2016-07-28,45644394.46,2.232596,45636964.5,0.0,0.0,3
10619684000168,2016-07-29,45647873.89,2.233216,45649632.89,0.0,0.0,3
10619684000168,2016-08-01,45689673.29,2.235257,42671091.7,0.0,3020267.1,3
10619684000168,2016-08-02,42668994.42,2.234191,42650740.84,0.0,0.0,3
10619684000168,2016-08-03,42699017.07,2.23576,42680691.19,0.0,0.0,3
10619684000168,2016-08-04,42714482.33,2.237628,42716341.51,0.0,0.0,3
10619684000168,2016-08-05,42790951.04,2.241629,40778037.06,0.0,2014691.11,3
10619684000168,2016-08-08,40781963.08,2.24113,40768967.82,0.0,0.0,3
10619684000168,2016-08-09,40834096.14,2.243992,40821019.6,0.0,0.0,3
10619684000168,2016-08-10,40840843.32,2.2451659999999998,40762052.54,0.0,80324.05,3
10619684000168,2016-08-11,40781746.43,2.2463130000000002,40782874.37,0.0,0.0,3
10619684000168,2016-08-12,40796997.71,2.247148,37774968.55,0.0,3023075.82,3
10619684000168,2016-08-15,37816441.41,2.248343,37795054.71,0.0,0.0,3
10619684000168,2016-08-16,37819681.6,2.2485310000000003,37798214.8,0.0,0.0,3
10619684000168,2016-08-17,37810692.21,2.249364,37812221.13,0.0,0.0,3
10619684000168,2016-08-18,37798292.89,2.248622,37799741.71,0.0,0.0,3
10619684000168,2016-08-19,37861054.27,2.252351,34839460.32,0.0,3022962.67,3
10619684000168,2016-08-22,34872341.48,2.253075,34850668.6,0.0,0.0,3
10619684000168,2016-08-23,34880148.66,2.253575,34858396.85,0.0,0.0,3
10619684000168,2016-08-24,34863819.34,2.2539990000000003,34864951.27,0.0,0.0,3
10619684000168,2016-08-25,34872396.66,2.2545479999999998,34873449.65,0.0,0.0,3
10619684000168,2016-08-26,34839847.35,2.252439,34840821.4,0.0,0.0,3
10619684000168,2016-08-29,34892132.67,2.255814,34893027.79,0.0,0.0,3
10619684000168,2016-08-30,34896986.85,2.256123,32882475.17,0.0,2015327.85,3
10619684000168,2016-08-31,32947708.25,2.2595970000000003,32933118.42,0.0,0.0,3
10619684000168,2016-09-01,32974839.35,2.261454,32960171.35,0.0,0.0,3
10619684000168,2016-09-02,32997932.46,2.264108,32998865.79,0.0,0.0,3
10619684000168,2016-09-05,24453944.54,2.263317,32987326.22,0.0,0.0,3
10619684000168,2016-09-06,33014274.97,2.265205,33014849.14,0.0,0.0,3
10619684000168,2016-09-08,33027891.86,2.266134,33028387.83,0.0,0.0,3
10619684000168,2016-09-09,32958391.58,2.26136,30190154.16,0.0,2768655.18,2
10619684000168,2016-09-12,30277618.63,2.266439,30257954.99,0.0,0.0,2
10619684000168,2016-09-13,30212000.55,2.261518,30192259.8,0.0,0.0,2
10619684000168,2016-09-14,30207967.59,2.2627080000000004,30208154.08,0.0,0.0,2
10619684000168,2016-09-15,30256185.6,2.266314,30256295.0,0.0,0.0,2
10619684000168,2016-09-16,35296557.02,2.269333,35296589.31,5000000.0,0.0,3
10619684000168,2016-09-19,35305660.58,2.2699130000000003,33286344.98,0.0,2019268.78,3
10619684000168,2016-09-20,33323077.11,2.271095,33303683.2,0.0,0.0,3
10619684000168,2016-09-21,33416991.56,2.277494,33397519.33,0.0,0.0,3
10619684000168,2016-09-22,33459243.53,2.281684,33458961.73,0.0,0.0,3
10619684000168,2016-09-23,33472359.98,2.282565,33471880.58,0.0,0.0,3
10619684000168,2016-09-26,33460987.87,2.281776,31439021.34,0.0,2021289.53,3
10619684000168,2016-09-27,31532078.42,2.28693,31510034.31,0.0,0.0,3
10619684000168,2016-09-28,31565129.64,2.289315,31542888.55,0.0,0.0,3
10619684000168,2016-09-29,31520764.39,2.287626,31519615.58,0.0,0.0,3
10619684000168,2016-09-30,31551457.53,2.289839,31550111.85,0.0,0.0,3
10619684000168,2016-10-03,31627749.13,2.295368,31626287.02,0.0,0.0,3
10619684000168,2016-10-04,31616969.23,2.294654,31616458.36,0.0,0.0,3
10619684000168,2016-10-05,31689214.91,2.299889,31688587.04,0.0,0.0,3
10619684000168,2016-10-06,31713954.15,2.301673,31713171.99,0.0,0.0,3
10619684000168,2016-10-07,31748358.6,2.304159,28709837.45,0.0,3037584.54,3
10619684000168,2016-10-10,28773373.02,2.306337,28736975.88,0.0,0.0,3
10619684000168,2016-10-11,28771595.35,2.306182,28735044.9,0.0,0.0,3
10619684000168,2016-10-13,28743098.11,2.306899,28663338.72,0.0,80640.31,3
10619684000168,2016-10-14,28665679.27,2.307095,25627493.04,0.0,3038274.22,3
10619684000168,2016-10-17,25687950.0,2.309119,25649973.57,0.0,0.0,3
10619684000168,2016-10-18,25717212.45,2.3117389999999998,25679076.01,0.0,0.0,3
10619684000168,2016-10-19,25720336.7,2.315509,25720954.52,0.0,0.0,3
10619684000168,2016-10-20,25758797.01,2.318957,25759253.68,0.0,0.0,3
10619684000168,2016-10-21,25733702.68,2.3166830000000003,25733997.83,0.0,0.0,3
10619684000168,2016-10-24,25799660.01,2.322606,25799794.05,0.0,0.0,3
10619684000168,2016-10-25,25769419.23,2.3198689999999997,23742061.55,0.0,2027329.89,3
10619684000168,2016-10-26,23742584.54,2.317243,23715188.66,0.0,0.0,3
10619684000168,2016-10-27,23735583.88,2.316544,23708028.21,0.0,0.0,3
10619684000168,2016-10-28,23704830.81,2.316194,23704445.41,0.0,0.0,3
10619684000168,2016-10-31,23725912.91,2.318238,22205502.92,0.0,1519864.84,3
10619684000168,2016-11-01,22132483.86,2.3084,22111272.02,0.0,0.0,3
10619684000168,2016-11-03,22103817.91,2.305625,22084690.94,0.0,0.0,3
10619684000168,2016-11-04,22146577.94,2.312143,22147121.9,0.0,0.0,3
10619684000168,2016-11-07,22218122.91,2.319592,22218472.02,0.0,0.0,3
10619684000168,2016-11-08,22264255.47,2.324388,22264408.93,0.0,0.0,3
10619684000168,2016-11-09,22190311.29,2.316648,22099493.56,0.0,90775.05,3
10619684000168,2016-11-10,21853187.17,2.290722,21852175.4,0.0,0.0,3
10619684000168,2016-11-11,21804818.95,2.285644,19782705.65,0.0,2021027.69,3
10619684000168,2016-11-14,19631582.24,2.265709,19610170.97,0.0,0.0,3
10619684000168,2016-11-16,19780655.77,2.282925,19759171.55,0.0,0.0,3
10619684000168,2016-11-17,19759087.63,2.282854,19758558.09,0.0,0.0,3
10619684000168,2016-11-18,19810733.05,2.288812,19810130.5,0.0,0.0,3
10619684000168,2016-11-21,20310037.84,2.304897,20309362.26,360014.39,0.0,3
10619684000168,2016-11-22,20307110.75,2.304543,20306242.77,0.0,0.0,3
10619684000168,2016-11-23,20368013.72,2.311433,20366953.45,0.0,0.0,3
10619684000168,2016-11-24,20353962.03,2.309816,20352708.79,0.0,0.0,3
10619684000168,2016-11-25,20280354.23,2.301441,20278908.25,0.0,0.0,3
10619684000168,2016-11-28,20304753.75,2.304202,20303234.55,0.0,0.0,3
10619684000168,2016-11-29,20309835.23,2.30477,20308242.8,0.0,0.0,3
10619684000168,2016-11-30,20371343.19,2.311742,20232742.3,0.0,136935.1,3
10619684000168,2016-12-01,20222616.97,2.294742,20083950.9,0.0,0.0,3
10619684000168,2016-12-02,20012038.04,2.286476,20011610.35,0.0,0.0,3
10619684000168,2016-12-05,20162320.08,2.3036369999999997,20161806.57,0.0,0.0,3
10619684000168,2016-12-06,20133501.55,2.300335,20132901.54,0.0,0.0,3
10619684000168,2016-12-07,20164509.48,2.303868,20163823.6,0.0,0.0,3
10619684000168,2016-12-08,20304970.96,2.319907,20304199.2,0.0,0.0,3
10619684000168,2016-12-09,20328805.16,2.322606,20327819.49,0.0,0.0,3
10619684000168,2016-12-12,20361975.58,2.326387,20360911.8,0.0,0.0,3
10619684000168,2016-12-13,20320243.28,2.321595,20318973.08,0.0,0.0,3
10619684000168,2016-12-14,20345755.18,2.3244860000000003,20324262.68,0.0,20016.46,3
10619684000168,2016-12-15,20345106.55,2.326704,20343657.57,0.0,0.0,3
10619684000168,2016-12-16,20403000.63,2.333302,20401345.39,0.0,0.0,3
10619684000168,2016-12-19,20443260.88,2.337883,20441398.73,0.0,0.0,3
10619684000168,2016-12-20,20475725.82,2.341572,20473656.34,0.0,0.0,3
10619684000168,2016-12-21,20560827.26,2.351284,20558570.84,0.0,0.0,3
10619684000168,2016-12-22,20620280.37,2.358062,20617836.02,0.0,0.0,3
10619684000168,2016-12-23,20621978.25,2.3582349999999996,20619345.31,0.0,0.0,3
10619684000168,2016-12-26,20634048.03,2.359594,20631226.54,0.0,0.0,3
10619684000168,2016-12-27,20652093.76,2.361636,20649083.63,0.0,0.0,3
10619684000168,2016-12-28,20643318.17,2.360611,20640119.25,0.0,0.0,3
10619684000168,2016-12-29,20643139.33,2.360569,20639751.79,0.0,0.0,3
10619684000168,2016-12-30,20652690.67,2.36164,20649114.87,0.0,0.0,3
10619684000168,2017-01-02,20734733.89,2.371005,20731006.04,0.0,0.0,3
10619684000168,2017-01-03,20695277.04,2.366706,20693417.59,0.0,0.0,3
10619684000168,2017-01-04,20622905.46,2.358426,20621017.2,0.0,0.0,3
10619684000168,2017-01-05,20609114.7,2.356845,20607197.66,0.0,0.0,3
10619684000168,2017-01-06,20658093.5,2.362441,20656120.27,0.0,0.0,3
10619684000168,2017-01-09,20680978.67,2.365052,20678949.23,0.0,0.0,3
10619684000168,2017-01-10,20714585.93,2.3690740000000003,20714117.39,0.0,0.0,3
10619684000168,2017-01-11,20703761.48,2.367829,20703236.71,0.0,0.0,3
10619684000168,2017-01-12,20821311.41,2.381267,20820730.41,0.0,0.0,3
10619684000168,2017-01-13,20828350.12,2.382059,20827652.98,0.0,0.0,3
10619684000168,2017-01-16,20854533.68,2.385047,20853780.27,0.0,0.0,3
10619684000168,2017-01-17,20809285.97,2.379866,20808476.27,0.0,0.0,3
10619684000168,2017-01-18,20820974.41,2.381196,20820108.44,0.0,0.0,3
10619684000168,2017-01-19,20899565.09,2.390178,20898642.85,0.0,0.0,3
10619684000168,2017-01-20,20940063.14,2.394803,20939084.6,0.0,0.0,3
10619684000168,2017-01-23,20930065.21,2.393653,20929030.35,0.0,0.0,3
10619684000168,2017-01-24,20951488.51,2.396097,20950397.33,0.0,0.0,3
10619684000168,2017-01-25,20960847.3,2.397161,20959699.8,0.0,0.0,3
10619684000168,2017-01-26,20958031.86,2.396833,20956828.03,0.0,0.0,3
10619684000168,2017-01-27,21001206.83,2.401764,20999946.67,0.0,0.0,3
10619684000168,2017-01-30,20985770.28,2.399992,20984453.78,0.0,0.0,3
10619684000168,2017-01-31,20984260.66,2.399813,20982887.82,0.0,0.0,3
10619684000168,2017-02-01,21007841.58,2.402504,21006412.4,0.0,0.0,3
10619684000168,2017-02-02,21014815.94,2.403295,21013330.41,0.0,0.0,3
10619684000168,2017-02-03,21072232.97,2.409855,21070691.1,0.0,0.0,3
10619684000168,2017-02-06,21084189.42,2.411216,21082591.18,0.0,0.0,3
10619684000168,2017-02-07,21116131.3,2.414863,21114476.68,0.0,0.0,3
10619684000168,2017-02-08,21125880.19,2.415971,21124169.18,0.0,0.0,3
10619684000168,2017-02-09,21140496.58,2.417637,21138729.18,0.0,0.0,3
10619684000168,2017-02-10,21181807.45,2.422352,21179959.65,0.0,0.0,3
10619684000168,2017-02-13,21194661.92,2.423813,21192733.71,0.0,0.0,3
10619684000168,2017-02-14,21203945.9,2.424866,21201936.75,0.0,0.0,3
10619684000168,2017-02-15,21224643.59,2.4272240000000003,21222554.02,0.0,0.0,3
10619684000168,2017-02-16,21176801.4,2.421743,21174631.4,0.0,0.0,3
10619684000168,2017-02-17,21637358.6,2.4253150000000003,21635861.68,430000.0,0.0,3
10619684000168,2017-02-20,21649231.63,2.426637,21647654.11,0.0,0.0,3
10619684000168,2017-02-21,21683237.04,2.430439,21681578.92,0.0,0.0,3
10619684000168,2017-02-22,21692229.85,2.431438,21690491.12,0.0,0.0,3
10619684000168,2017-02-23,21799066.55,2.43668,21797247.2,60000.0,0.0,3
10619684000168,2017-02-24,21752058.67,2.431416,21750158.66,0.0,0.0,3
10619684000168,2017-03-01,21825489.88,2.439618,21823533.23,0.0,0.0,3
10619684000168,2017-03-02,21798760.26,2.436624,21796746.94,0.0,0.0,3
10619684000168,2017-03-03,21870866.39,2.444678,21868796.41,0.0,0.0,3
10619684000168,2017-03-06,21893736.93,2.447228,21891610.26,0.0,0.0,3
10619684000168,2017-03-07,21889252.34,2.446721,21887068.97,0.0,0.0,3
10619684000168,2017-03-08,21883655.19,2.446089,21881415.12,0.0,0.0,3
10619684000168,2017-03-09,21879382.89,2.445605,21877086.13,0.0,0.0,3
10619684000168,2017-03-10,21977734.04,2.456593,21975380.59,0.0,0.0,3
10619684000168,2017-03-13,22003985.78,2.459521,22001575.6,0.0,0.0,3
10619684000168,2017-03-14,21956666.0,2.454225,21954199.08,0.0,0.0,3
10619684000168,2017-03-15,21968804.41,2.455576,21966280.77,0.0,0.0,3
10619684000168,2017-03-16,21976633.61,2.456445,21974053.24,0.0,0.0,3
10619684000168,2017-03-17,21993994.43,2.458379,21991357.33,0.0,0.0,3
10619684000168,2017-03-20,21988349.07,2.457742,21985655.23,0.0,0.0,3
10619684000168,2017-03-21,23306732.66,2.459807,23304134.06,1300000.0,0.0,4
10619684000168,2017-03-22,23269207.67,2.45584,23266551.81,0.0,0.0,4
10619684000168,2017-03-23,24267354.71,2.455639,24264641.61,1000000.0,0.0,4
10619684000168,2017-03-24,25319777.73,2.460938,25317006.99,1000000.0,0.0,4
10619684000168,2017-03-27,25326388.59,2.461575,25323559.79,0.0,0.0,4
10619684000168,2017-03-28,25318934.15,2.460845,25316047.29,0.0,0.0,4
10619684000168,2017-03-29,27324383.11,2.461369,27321438.19,2000000.0,0.0,4
10619684000168,2017-03-30,27334992.37,2.462319,27331988.6,0.0,0.0,4
10619684000168,2017-03-31,27344027.23,2.463128,27340964.67,0.0,0.0,4
10619684000168,2017-04-03,28855570.21,2.464165,28852476.2,1500000.0,0.0,4
10619684000168,2017-04-04,28864196.17,2.464899,28861070.11,0.0,0.0,4
10619684000168,2017-04-05,28862511.32,2.464752,28859353.21,0.0,0.0,4
10619684000168,2017-04-06,28807619.09,2.460059,28804401.05,0.0,0.0,4
10619684000168,2017-04-07,30344667.13,2.463236,30341599.54,1500000.0,0.0,4
10619684000168,2017-04-10,30412622.27,2.4688790000000003,30411111.28,0.0,0.0,4
10619684000168,2017-04-11,30402949.4,2.468089,30401377.86,0.0,0.0,4
10619684000168,2017-04-12,32183424.93,2.466498,32181784.85,1800000.0,0.0,4
10619684000168,2017-04-13,32145425.97,2.463581,32143716.64,0.0,0.0,4
10619684000168,2017-04-17,32193970.98,2.4672959999999997,32192192.41,0.0,0.0,4
10619684000168,2017-04-18,32201559.17,2.4678720000000003,32199711.35,0.0,0.0,4
10619684000168,2017-04-19,34195158.56,2.467397,34193505.48,2000000.0,0.0,4
10619684000168,2017-04-20,34214820.74,2.46881,34213097.61,0.0,0.0,4
10619684000168,2017-04-24,34236081.26,2.47034,34234288.07,0.0,0.0,4
10619684000168,2017-04-25,34221324.21,2.46927,34219460.95,0.0,0.0,4
10619684000168,2017-04-26,34224387.84,2.469486,34222454.52,0.0,0.0,4
10619684000168,2017-04-27,34226972.54,2.469667,34224969.16,0.0,0.0,4
10619684000168,2017-04-28,34259165.36,2.4719849999999997,34257091.92,0.0,0.0,4
10619684000168,2017-05-02,34301832.92,2.475059,34299689.41,0.0,0.0,4
10619684000168,2017-05-03,36802949.03,2.475151,36709677.07,2500000.0,91283.72,4
10619684000168,2017-05-04,36757665.72,2.478161,36754322.71,0.0,0.0,4
10619684000168,2017-05-05,36781130.62,2.479738,36777716.54,0.0,0.0,4
10619684000168,2017-05-08,37794408.92,2.480715,37792207.49,1000000.0,0.0,4
10619684000168,2017-05-09,37833785.97,2.483295,37831513.06,0.0,0.0,4
10619684000168,2017-05-10,37845473.98,2.484058,37843129.58,0.0,0.0,4
10619684000168,2017-05-11,37875389.21,2.486017,37872973.31,0.0,0.0,4
10619684000168,2017-05-12,37893638.59,2.48721,37891151.18,0.0,0.0,4
10619684000168,2017-05-15,37936181.37,2.489998,37933622.44,0.0,0.0,4
10619684000168,2017-05-16,39591111.7,2.493599,38425526.85,1600000.0,1162954.39,4
10619684000168,2017-05-17,39381043.58,2.489372,39360387.0,1000000.0,0.0,4
10619684000168,2017-05-18,38727061.8,2.4480060000000003,38706333.12,0.0,0.0,4
10619684000168,2017-05-19,39823288.49,2.455222,39820442.36,1000000.0,0.0,4
10619684000168,2017-05-22,39787499.52,2.453011,39784581.11,0.0,0.0,4
10619684000168,2017-05-23,39852456.79,2.457012,39849466.11,0.0,0.0,4
10619684000168,2017-05-24,39924963.03,2.461478,39921900.06,0.0,0.0,4
10619684000168,2017-05-25,39950947.56,2.463076,39947812.27,0.0,0.0,4
10619684000168,2017-05-26,40011735.2,2.466819,40008527.58,0.0,0.0,4
10619684000168,2017-05-29,41052344.54,2.469319,41049064.56,1000000.0,0.0,4
10619684000168,2017-05-30,41052379.14,2.469316,41049026.39,0.0,0.0,4
10619684000168,2017-05-31,41105045.1,2.47248,40894038.86,0.0,207580.72,4
10619684000168,2017-06-01,41059500.38,2.469723,40848429.43,0.0,0.0,4
10619684000168,2017-06-02,40874763.59,2.47112,40871543.55,0.0,0.0,4
10619684000168,2017-06-05,40879426.6,2.4713979999999998,40876141.86,0.0,0.0,4
10619684000168,2017-06-06,40938674.72,2.474976,40935325.28,0.0,0.0,4
10619684000168,2017-06-07,40946958.0,2.475473,40943543.84,0.0,0.0,4
10619684000168,2017-06-08,40951305.93,2.475732,40947819.9,0.0,0.0,4
10619684000168,2017-06-09,42181514.68,2.477554,42177956.78,1200000.0,0.0,4
10619684000168,2017-06-12,42201143.75,2.478703,42197513.49,0.0,0.0,4
10619684000168,2017-06-13,43202955.15,2.478805,43199252.52,1000000.0,0.0,4
10619684000168,2017-06-14,43230447.06,2.480378,43226671.67,0.0,0.0,4
10619684000168,2017-06-16,43273139.7,2.4828240000000004,43269291.54,0.0,0.0,4
10619684000168,2017-06-19,43333613.4,2.4862900000000003,43329692.45,0.0,0.0,4
10619684000168,2017-06-20,43294630.08,2.484048,43290636.32,0.0,0.0,4
10619684000168,2017-06-21,43347999.45,2.487107,43343932.89,0.0,0.0,4
10619684000168,2017-06-22,43365698.5,2.488118,43361559.12,0.0,0.0,4
10619684000168,2017-06-23,43394834.55,2.489786,43390622.34,0.0,0.0,4
10619684000168,2017-06-26,43402113.31,2.490199,43397828.26,0.0,0.0,4
10619684000168,2017-06-27,43937246.05,2.492226,43933152.16,500000.0,0.0,4
10619684000168,2017-06-28,43992366.53,2.495349,43988199.59,0.0,0.0,4
10619684000168,2017-06-29,43981239.73,2.494713,43976999.71,0.0,0.0,4
10619684000168,2017-06-30,44017293.0,2.497044,44018088.63,0.0,0.0,4
10619684000168,2017-07-03,44037396.56,2.498183,44038167.58,0.0,0.0,4
10619684000168,2017-07-04,44057889.39,2.499345,44058635.79,0.0,0.0,4
10619684000168,2017-07-05,44095187.65,2.501459,44095909.43,0.0,0.0,4
10619684000168,2017-07-06,44143762.29,2.504211,44144424.08,0.0,0.0,4
10619684000168,2017-07-07,44132711.32,2.503581,44133313.1,0.0,0.0,4
10619684000168,2017-07-10,44159367.13,2.505232,44162419.2,0.0,0.0,4
10619684000168,2017-07-11,44199893.92,2.507527,44202885.98,0.0,0.0,4
10619684000168,2017-07-12,44231634.59,2.509325,44234566.62,0.0,0.0,4
10619684000168,2017-07-13,44224692.18,2.508927,44227564.17,0.0,0.0,4
10619684000168,2017-07-14,44282418.35,2.5121990000000003,44285230.3,0.0,0.0,4
10619684000168,2017-07-17,44334095.75,2.515127,44336847.64,0.0,0.0,4
10619684000168,2017-07-18,44392892.5,2.518459,44395584.31,0.0,0.0,4
10619684000168,2017-07-19,44429484.41,2.520531,44432116.11,0.0,0.0,4
10619684000168,2017-07-20,44515865.4,2.525427,42928287.42,0.0,1590129.84,4
10619684000168,2017-07-21,42977849.64,2.527716,42967192.41,0.0,0.0,4
10619684000168,2017-07-24,42972841.3,2.527416,42962104.81,0.0,0.0,4
10619684000168,2017-07-25,42925263.0,2.525385,42927577.09,0.0,0.0,4
10619684000168,2017-07-26,43140549.14,2.526339,43142783.99,199000.0,0.0,4
10619684000168,2017-07-27,43218638.04,2.530907,43220793.56,0.0,0.0,4
10619684000168,2017-07-28,43266460.99,2.533702,43268537.15,0.0,0.0,4
10619684000168,2017-07-31,43284699.22,2.534766,43286696.18,0.0,0.0,4
10619684000168,2017-08-01,43322414.99,2.53697,43022500.16,0.0,301839.54,4
10619684000168,2017-08-02,43061985.87,2.5393209999999997,43062364.04,0.0,0.0,4
10619684000168,2017-08-03,43089251.02,2.540924,43089557.03,0.0,0.0,4
10619684000168,2017-08-04,43068143.23,2.539784,41057340.97,0.0,2012875.64,4
10619684000168,2017-08-07,41094941.47,2.5414369999999997,41084067.85,0.0,0.0,4
10619684000168,2017-08-08,41097790.52,2.5416090000000002,41086845.53,0.0,0.0,4
10619684000168,2017-08-09,41076302.69,2.541072,41078161.97,0.0,0.0,4
10619684000168,2017-08-10,41067815.49,2.540542,40063184.44,0.0,1006418.96,4
10619684000168,2017-08-11,40116508.91,2.5436259999999997,40111806.89,0.0,0.0,4
10619684000168,2017-08-14,40152914.73,2.54593,40148141.72,0.0,0.0,4
10619684000168,2017-08-15,40146411.55,2.545919,40147973.65,0.0,0.0,4
10619684000168,2017-08-16,40179396.22,2.548005,40180874.47,0.0,0.0,4
10619684000168,2017-08-17,40142806.34,2.54568,40144200.73,0.0,0.0,4
10619684000168,2017-08-18,40173137.52,2.547598,40174448.06,0.0,0.0,4
10619684000168,2017-08-21,40602828.06,2.549502,40604478.74,400000.0,0.0,4
10619684000168,2017-08-22,40650815.16,2.55251,40652381.64,0.0,0.0,4
10619684000168,2017-08-23,40698796.47,2.555517,40700278.73,0.0,0.0,4
10619684000168,2017-08-24,40739777.54,2.5580849999999997,40741175.56,0.0,0.0,4
10619684000168,2017-08-25,40769650.34,2.559956,40770964.09,0.0,0.0,4
10619684000168,2017-08-28,40819084.95,2.563054,40820314.6,0.0,0.0,4
10619684000168,2017-08-29,40857467.58,2.565459,40858613.11,0.0,0.0,4
10619684000168,2017-08-30,40840047.32,2.5643599999999998,40841108.72,0.0,0.0,4
10619684000168,2017-08-31,40859654.29,2.565586,40860631.56,0.0,0.0,4
10619684000168,2017-09-01,40887963.6,2.567358,40888856.74,0.0,0.0,4
10619684000168,2017-09-04,40911505.57,2.568778,40911464.5,0.0,0.0,4
10619684000168,2017-09-05,41000269.06,2.5675790000000003,41001369.07,109000.0,0.0,4
10619684000168,2017-09-06,41055281.02,2.571018,41056296.84,0.0,0.0,4
10619684000168,2017-09-08,41094807.68,2.573488,41095739.29,0.0,0.0,4
10619684000168,2017-09-11,41127207.71,2.575512,41128055.09,0.0,0.0,4
10619684000168,2017-09-12,41141905.37,2.576427,41142668.51,0.0,0.0,4
10619684000168,2017-09-13,41130047.03,2.575679,41130725.92,0.0,0.0,4
10619684000168,2017-09-14,41138250.23,2.576187,41138843.5,0.0,0.0,4
10619684000168,2017-09-15,41189969.35,2.579421,41190474.41,0.0,0.0,4
10619684000168,2017-09-18,41210350.2,2.580691,41210767.02,0.0,0.0,4
10619684000168,2017-09-19,41239226.59,2.582494,41239555.17,0.0,0.0,4
10619684000168,2017-09-20,41221874.2,2.581402,41222114.53,0.0,0.0,4
10619684000168,2017-09-21,41735048.01,2.582791,41735200.09,490898.2,0.0,4
10619684000168,2017-09-22,41727837.63,2.5823400000000003,41727901.26,0.0,0.0,4
10619684000168,2017-09-25,41678991.06,2.579311,41678966.23,0.0,0.0,4
10619684000168,2017-09-26,41696509.03,2.58039,41696399.74,0.0,0.0,4
10619684000168,2017-09-27,41709024.99,2.58116,41708831.23,0.0,0.0,4
10619684000168,2017-09-28,41713018.72,2.581401,41712740.49,0.0,0.0,4
10619684000168,2017-09-29,41775181.47,2.585243,41774819.01,0.0,0.0,4
10619684000168,2017-10-02,41782791.79,2.585712,41782393.03,0.0,0.0,4
10619684000168,2017-10-03,41878979.71,2.591662,41878544.65,0.0,0.0,4
10619684000168,2017-10-04,41892133.51,2.592474,41891662.11,0.0,0.0,4
10619684000168,2017-10-05,41928298.05,2.59471,41927790.31,0.0,0.0,4
10619684000168,2017-10-06,41937427.13,2.595271,41936853.59,0.0,0.0,4
10619684000168,2017-10-09,41956479.8,2.596446,41955840.46,0.0,0.0,4
10619684000168,2017-10-10,42025490.28,2.600838,42026819.95,0.0,0.0,4
10619684000168,2017-10-11,42035904.86,2.6014779999999997,42037155.83,0.0,0.0,4
10619684000168,2017-10-13,42065275.23,2.603291,42066447.5,0.0,0.0,4
10619684000168,2017-10-16,42082028.52,2.604323,42083122.08,0.0,0.0,4
10619684000168,2017-10-17,42042748.78,2.601887,42043763.62,0.0,0.0,4
10619684000168,2017-10-18,42069767.76,2.603554,42070703.9,0.0,0.0,4
10619684000168,2017-10-19,42051641.65,2.6024279999999997,42052499.08,0.0,0.0,4
10619684000168,2017-10-20,42096995.3,2.605229,42097774.02,0.0,0.0,4
10619684000168,2017-10-23,42059350.92,2.602895,42060050.91,0.0,0.0,4
10619684000168,2017-10-24,42124839.32,2.6069430000000002,42125460.6,0.0,0.0,4
10619684000168,2017-10-25,42135351.11,2.6075880000000002,42135893.66,0.0,0.0,4
10619684000168,2017-10-26,42140246.0,2.607886,42140709.82,0.0,0.0,4
10619684000168,2017-10-27,42146816.52,2.608288,42147201.61,0.0,0.0,4
10619684000168,2017-10-30,42124857.99,2.6069240000000002,42125164.34,0.0,0.0,4
10619684000168,2017-10-31,42131500.44,2.607329,42131702.08,0.0,0.0,4
10619684000168,2017-11-01,42139648.61,2.607828,42139771.52,0.0,0.0,4
10619684000168,2017-11-03,42157679.28,2.608939,42157723.46,0.0,0.0,4
10619684000168,2017-11-06,42151686.24,2.608564,42151651.68,0.0,0.0,4
10619684000168,2017-11-07,42077077.55,2.603942,42076964.25,0.0,0.0,4
10619684000168,2017-11-08,42160841.99,2.60912,40644429.97,0.0,1516204.53,4
10619684000168,2017-11-09,40580088.48,2.6039830000000004,40564414.02,0.0,0.0,4
10619684000168,2017-11-10,40571545.67,2.60343,34999016.21,0.0,5556776.89,4
10619684000168,2017-11-13,35095282.9,2.606395,35038881.95,0.0,0.0,4
10619684000168,2017-11-14,35054511.39,2.603357,34998034.41,0.0,0.0,4
10619684000168,2017-11-16,35297341.75,2.608677,35297565.64,228000.0,0.0,4
10619684000168,2017-11-17,35316640.64,2.610098,35316788.39,0.0,0.0,4
10619684000168,2017-11-20,35326639.95,2.6108290000000003,35326673.32,0.0,0.0,4
10619684000168,2017-11-21,35386114.97,2.615216,35386033.98,0.0,0.0,4
10619684000168,2017-11-22,35360479.53,2.613313,35360284.25,0.0,0.0,4
10619684000168,2017-11-23,35368039.34,2.6138630000000003,34862208.5,0.0,505521.28,4
10619684000168,2017-11-24,34900313.28,2.616274,33883155.26,0.0,1011213.79,4
10619684000168,2017-11-27,33878989.57,2.614619,33861717.85,0.0,0.0,4
10619684000168,2017-11-28,33886624.07,2.615647,33875027.62,0.0,0.0,4
10619684000168,2017-11-29,33800870.79,2.609885,32789735.76,0.0,1010676.97,4
10619684000168,2017-11-30,32815180.79,2.611019,32555356.63,0.0,248626.96,4
10619684000168,2017-12-01,32791030.13,2.609078,32531143.89,0.0,0.0,4
10619684000168,2017-12-04,32546623.22,2.610291,32546273.63,0.0,0.0,4
10619684000168,2017-12-05,32528190.33,2.6088080000000002,32527778.66,0.0,0.0,4
10619684000168,2017-12-06,32563482.14,2.6116330000000003,32563008.4,0.0,0.0,4
10619684000168,2017-12-07,32715485.78,2.6109869999999997,32714949.96,160000.0,0.0,4
10619684000168,2017-12-08,32728632.2,2.612031,32728034.24,0.0,0.0,4
10619684000168,2017-12-11,32754304.07,2.614075,31750782.77,0.0,1002861.19,4
10619684000168,2017-12-12,31815147.55,2.619079,31811564.49,0.0,0.0,4
10619684000168,2017-12-13,31760533.86,2.614578,31756889.02,0.0,0.0,4
10619684000168,2017-12-14,31756212.95,2.614452,31655003.91,0.0,100355.63,4
10619684000168,2017-12-15,31687540.74,2.617033,31686261.98,0.0,0.0,4
10619684000168,2017-12-18,31777410.3,2.62445,31776061.81,0.0,0.0,4
10619684000168,2017-12-19,31799594.67,2.626277,31798176.41,0.0,0.0,4
10619684000168,2017-12-20,31805748.91,2.626779,31804260.87,0.0,0.0,4
10619684000168,2017-12-21,32007340.87,2.634368,32006138.68,110000.0,0.0,4
10619684000168,2017-12-22,32019925.93,2.635398,32018653.88,0.0,0.0,4
10619684000168,2017-12-26,32057882.01,2.638516,32056540.09,0.0,0.0,4
10619684000168,2017-12-27,32059819.88,2.6386700000000003,32058408.08,0.0,0.0,4
10619684000168,2017-12-28,32082222.01,2.640508,32080740.33,0.0,0.0,4
10619684000168,2017-12-29,32089976.8,2.641141,32088425.23,0.0,0.0,4
10619684000168,2018-01-02,32136376.94,2.644956,32134784.92,0.0,0.0,4
10619684000168,2018-01-03,32171741.5,2.647864,32170109.01,0.0,0.0,4
10619684000168,2018-01-04,32239376.35,2.653427,32237703.37,0.0,0.0,4
10619684000168,2018-01-05,32272496.54,2.65615,32270783.05,0.0,0.0,4
10619684000168,2018-01-08,32274570.83,2.656317,30763788.84,0.0,1509027.97,4
10619684000168,2018-01-09,30780375.46,2.656858,30770046.84,0.0,0.0,4
10619684000168,2018-01-10,30783439.46,2.657238,30774454.99,0.0,0.0,4
10619684000168,2018-01-11,31143803.02,2.661929,31143780.96,315000.0,0.0,4
10619684000168,2018-01-12,31188270.1,2.665724,31188182.33,0.0,0.0,4
10619684000168,2018-01-15,31251070.26,2.671086,28027791.47,0.0,3223114.81,4
10619684000168,2018-01-16,28179868.52,2.670966,28156535.74,130000.0,0.0,4
10619684000168,2018-01-17,28228967.6,2.675617,28205570.3,0.0,0.0,4
10619684000168,2018-01-18,28202665.07,2.675303,28202252.41,0.0,0.0,4
10619684000168,2018-01-19,28259471.93,2.680685,28258994.73,0.0,0.0,4
10619684000168,2018-01-22,28301902.03,2.684704,28301360.27,0.0,0.0,4
10619684000168,2018-01-23,28321704.47,2.686576,26809024.07,0.0,1512074.06,4
10619684000168,2018-01-24,26911163.81,2.695533,26898397.0,0.0,0.0,4
10619684000168,2018-01-25,26918003.85,2.696212,26905173.02,0.0,0.0,4
10619684000168,2018-01-26,27061226.78,2.706789,27060471.61,49747.54,0.0,4
10619684000168,2018-01-29,27019488.93,2.702608,27018669.67,0.0,0.0,4
10619684000168,2018-01-30,27030189.07,2.703606,27028651.48,0.0,0.0,4
10619684000168,2018-01-31,27051011.32,2.705748,27050063.91,0.0,0.0,4
10619684000168,2018-02-01,27041766.73,2.704818,26980132.78,0.0,60630.46,4
10619684000168,2018-02-02,26918894.1,2.698537,26917483.02,0.0,0.0,4
10619684000168,2018-02-05,26769675.62,2.6835720000000003,26768208.51,0.0,0.0,4
10619684000168,2018-02-06,26837488.9,2.6903650000000003,26835965.82,0.0,0.0,4
10619684000168,2018-02-07,26765600.67,2.683152,26764021.59,0.0,0.0,4
10619684000168,2018-02-08,26692790.6,2.675847,26691155.55,0.0,0.0,4
10619684000168,2018-02-09,26657153.46,2.672269,26655462.47,0.0,0.0,4
10619684000168,2018-02-14,26890381.06,2.6956439999999997,26888625.89,0.0,0.0,4
10619684000168,2018-02-15,26955267.41,2.702143,26953447.97,0.0,0.0,4
10619684000168,2018-02-16,26985135.74,2.705131,26983252.0,0.0,0.0,4
10619684000168,2018-02-19,26994227.24,2.706036,26825969.44,0.0,166309.75,4
10619684000168,2018-02-20,29833292.27,2.706503,29830600.68,3000000.0,0.0,4
10619684000168,2018-02-21,29858148.7,2.708752,29855391.67,0.0,0.0,4
10619684000168,2018-02-22,29875207.28,2.710413,29873694.55,0.0,0.0,4
10619684000168,2018-02-23,29877258.47,2.710593,29875680.29,0.0,0.0,4
10619684000168,2018-02-26,30046484.36,2.71417,30045104.72,130000.0,0.0,4
10619684000168,2018-02-27,31032293.43,2.712882,31030848.27,1000000.0,0.0,4
10619684000168,2018-02-28,30980304.55,2.7083310000000003,30978793.48,0.0,0.0,4
10619684000168,2018-03-01,30938918.7,2.704707,30937341.74,0.0,0.0,4
10619684000168,2018-03-02,31030038.14,2.712667,31028395.3,0.0,0.0,4
10619684000168,2018-03-05,31051279.78,2.714519,31049571.03,0.0,0.0,4
10619684000168,2018-03-06,31071119.89,2.716247,31069345.22,0.0,0.0,4
10619684000168,2018-03-07,33597363.49,2.718553,33595722.43,2500000.0,0.0,4
10619684000168,2018-03-08,33557966.61,2.71536,33556258.62,0.0,0.0,4
10619684000168,2018-03-09,33827755.28,2.7197880000000003,33825980.37,215000.0,0.0,4
10619684000168,2018-03-12,33856615.95,2.722103,33854774.02,0.0,0.0,4
10619684000168,2018-03-13,33840335.89,2.720789,33838426.93,0.0,0.0,4
10619684000168,2018-03-14,33828960.36,2.719869,33826984.37,0.0,0.0,4
10619684000168,2018-03-15,35295650.41,2.717185,35293607.4,1500000.0,0.0,4
10619684000168,2018-03-16,35302498.77,2.717707,35300388.15,0.0,0.0,4
10619684000168,2018-03-19,36282098.39,2.7161310000000003,36279920.16,1000000.0,0.0,4
10619684000168,2018-03-20,36268636.89,2.715118,36266390.66,0.0,0.0,4
10619684000168,2018-03-21,36299718.29,2.7174400000000003,36297404.07,0.0,0.0,4
10619684000168,2018-03-22,37308114.52,2.718064,37305732.3,1000000.0,0.0,4
10619684000168,2018-03-23,37324910.49,2.719282,37322459.87,0.0,0.0,4
10619684000168,2018-03-26,37439620.64,2.724284,37437101.61,46000.0,0.0,4
10619684000168,2018-03-27,39325954.47,2.716007,39323366.98,2000000.0,0.0,4
10619684000168,2018-03-28,39268910.09,2.712062,39266253.34,0.0,0.0,4
10619684000168,2018-03-29,39346496.05,2.717418,39343795.75,0.0,0.0,4
10619684000168,2018-04-02,41102474.4,2.714375,41099738.77,1800000.0,0.0,4
10619684000168,2018-04-03,42507813.54,2.714744,42505330.62,1400000.0,0.0,4
10619684000168,2018-04-04,42502863.83,2.714424,42500321.21,0.0,0.0,4
10619684000168,2018-04-05,43042641.66,2.7172810000000003,43040039.34,495000.0,0.0,4
10619684000168,2018-04-06,43039049.77,2.71705,43036387.54,0.0,0.0,4
10619684000168,2018-04-09,43031157.32,2.716548,43028435.18,0.0,0.0,4
10619684000168,2018-04-10,43106471.64,2.721388,43105099.31,0.0,0.0,4
10619684000168,2018-04-11,43123892.64,2.722484,43122460.37,0.0,0.0,4
10619684000168,2018-04-12,43559637.03,2.7247369999999997,43558144.82,400000.0,0.0,4
10619684000168,2018-04-13,44526845.41,2.722682,44525293.09,1000000.0,0.0,4
10619684000168,2018-04-16,44504532.71,2.721314,44502919.89,0.0,0.0,4
10619684000168,2018-04-17,45554072.68,2.724367,45552856.29,1000000.0,0.0,4
10619684000168,2018-04-18,45643546.08,2.729714,45642259.82,0.0,0.0,4
10619684000168,2018-04-19,45660548.72,2.730727,45659189.81,0.0,0.0,4
10619684000168,2018-04-20,46999151.26,2.7312369999999997,46997719.69,1330000.0,0.0,4
10619684000168,2018-04-23,46992829.22,2.730865,46991324.46,0.0,0.0,4
10619684000168,2018-04-24,46997846.42,2.731153,46996268.47,0.0,0.0,4
10619684000168,2018-04-25,46963788.59,2.7291689999999997,46962137.45,0.0,0.0,4
10619684000168,2018-04-26,48502745.88,2.731429,48501021.56,1500000.0,0.0,4
10619684000168,2018-04-27,48516953.96,2.732225,48515155.85,0.0,0.0,4
10619684000168,2018-04-30,48493700.4,2.730911,48491828.5,0.0,0.0,4
10619684000168,2018-05-02,48432332.15,2.727451,48430386.47,0.0,0.0,4
10619684000168,2018-05-03,48373891.44,2.724156,48371872.0,0.0,0.0,4
10619684000168,2018-05-04,48400933.3,2.725674,48398840.12,0.0,0.0,4
10619684000168,2018-05-07,48408961.24,2.726122,48406794.31,0.0,0.0,4
10619684000168,2018-05-08,48373542.03,2.724123,48371301.35,0.0,0.0,4
10619684000168,2018-05-09,48439312.83,2.727823,48436998.42,0.0,0.0,4
10619684000168,2018-05-10,48522821.18,2.732522,48520433.01,0.0,0.0,4
10619684000168,2018-05-11,48512465.43,2.731935,48510003.47,0.0,0.0,4
10619684000168,2018-05-14,48492207.02,2.7307900000000003,48489671.27,0.0,0.0,4
10619684000168,2018-05-15,48499520.25,2.7311970000000003,48496910.72,0.0,0.0,4
10619684000168,2018-05-16,48535867.5,2.7332400000000003,48533184.19,0.0,0.0,4
10619684000168,2018-05-17,48339552.91,2.72218,48336795.8,0.0,0.0,4
10619684000168,2018-05-18,48276318.3,2.718615,48273487.47,0.0,0.0,4
10619684000168,2018-05-21,48270885.73,2.718305,48267981.2,0.0,0.0,4
10619684000168,2018-05-22,48570078.65,2.723908,48567471.55,200000.0,0.0,4
10619684000168,2018-05-23,48393491.01,2.714,48390810.1,0.0,0.0,4
10619684000168,2018-05-24,48355198.66,2.711848,48352444.01,0.0,0.0,4
10619684000168,2018-05-25,48239421.67,2.70535,48236593.29,0.0,0.0,4
10619684000168,2018-05-28,48063801.96,2.695497,48060899.9,0.0,0.0,4
10619684000168,2018-05-29,48003792.89,2.692127,47975708.18,0.0,0.0,4
10619684000168,2018-05-30,48085257.5,2.696694,47956547.32,0.0,125692.07,4
10619684000168,2018-06-01,48180153.27,2.702022,48051312.89,0.0,0.0,4
10619684000168,2018-06-04,48317768.81,2.707286,48314924.53,170000.0,0.0,4
10619684000168,2018-06-05,48208038.22,2.701132,48205094.74,0.0,0.0,4
10619684000168,2018-06-06,48172873.27,2.6991560000000003,48169830.63,0.0,0.0,4
10619684000168,2018-06-07,47834919.89,2.680214,47831778.1,0.0,0.0,4
10619684000168,2018-06-08,47727869.13,2.674207,47724581.22,0.0,0.0,4
10619684000168,2018-06-11,47826355.99,2.6797169999999997,47822922.0,0.0,0.0,4
10619684000168,2018-06-12,47854932.3,2.68131,47851352.19,0.0,0.0,4
10619684000168,2018-06-13,48072360.78,2.6781,48069058.54,275000.0,0.0,4
10619684000168,2018-06-14,47924194.65,2.669837,47920746.19,0.0,0.0,4
10619684000168,2018-06-15,48009167.08,2.674563,48005572.46,0.0,0.0,4
10619684000168,2018-06-18,48111011.26,2.680229,48107270.45,0.0,0.0,4
10619684000168,2018-06-19,48188065.6,2.684514,48184178.56,0.0,0.0,4
10619684000168,2018-06-20,48196349.89,2.684967,48192316.58,0.0,0.0,4
10619684000168,2018-06-21,48200811.92,2.6852099999999997,48196679.46,0.0,0.0,4
10619684000168,2018-06-22,48214422.19,2.685963,48210190.57,0.0,0.0,4
10619684000168,2018-06-25,48262075.77,2.688612,48257744.99,0.0,0.0,4
10619684000168,2018-06-26,48322249.4,2.691959,48317819.44,0.0,0.0,4
10619684000168,2018-06-27,48362937.87,2.6942209999999998,48358408.71,0.0,0.0,4
10619684000168,2018-06-28,48450524.59,2.6990950000000002,48445896.21,0.0,0.0,4
10619684000168,2018-06-29,48486516.3,2.701391,48487115.42,0.0,0.0,4
10619684000168,2018-07-02,48561171.84,2.70555,48561751.72,0.0,0.0,4
10619684000168,2018-07-03,48535078.85,2.704095,48535639.46,0.0,0.0,4
10619684000168,2018-07-04,48561615.73,2.705571,48562126.76,0.0,0.0,4
10619684000168,2018-07-05,48574025.25,2.706259,48574486.69,0.0,0.0,4
10619684000168,2018-07-06,48578536.65,2.7065080000000004,48578948.49,0.0,0.0,4
10619684000168,2018-07-09,48592014.37,2.707256,48592376.61,0.0,0.0,4
10619684000168,2018-07-10,48591552.58,2.707355,48594145.72,0.0,0.0,4
10619684000168,2018-07-11,48622790.22,2.709092,48625333.74,0.0,0.0,4
10619684000168,2018-07-12,48613964.39,2.708598,48616458.27,0.0,0.0,4
10619684000168,2018-07-13,49141342.67,2.711235,49143786.92,480000.0,0.0,4
10619684000168,2018-07-16,49164485.93,2.712508,49166871.21,0.0,0.0,4
10619684000168,2018-07-17,49230008.6,2.71612,49232334.9,0.0,0.0,4
10619684000168,2018-07-18,49196956.37,2.714293,49199223.65,0.0,0.0,4
10619684000168,2018-07-19,49236570.13,2.716475,49238778.42,0.0,0.0,4
10619684000168,2018-07-20,49243790.77,2.71687,49245940.07,0.0,0.0,4
10619684000168,2018-07-23,49244768.63,2.716921,49246858.91,0.0,0.0,4
10619684000168,2018-07-24,49287728.34,2.719288,49289759.59,0.0,0.0,4
10619684000168,2018-07-25,49347879.02,2.722603,49349851.19,0.0,0.0,4
10619684000168,2018-07-26,49393874.56,2.723537,49395787.62,29000.0,0.0,4
10619684000168,2018-07-27,49397132.58,2.723714,49168047.72,0.0,230938.9,4
10619684000168,2018-07-30,49186724.16,2.724848,49188518.52,0.0,0.0,4
10619684000168,2018-07-31,49182924.59,2.724634,49184660.01,0.0,0.0,4
10619684000168,2018-08-01,49229147.23,2.727191,49230823.75,0.0,0.0,4
10619684000168,2018-08-02,49241920.6,2.727896,49243538.18,0.0,0.0,4
10619684000168,2018-08-03,49237496.03,2.727647,49239054.67,0.0,0.0,4
10619684000168,2018-08-06,49268678.64,2.729371,49270178.33,0.0,0.0,4
10619684000168,2018-08-07,49229103.46,2.7272060000000002,49231081.97,0.0,0.0,4
10619684000168,2018-08-08,49262558.0,2.729056,49264477.55,0.0,0.0,4
10619684000168,2018-08-09,49276402.68,2.729819,49278263.27,0.0,0.0,4
10619684000168,2018-08-10,49215968.56,2.726468,49217770.18,0.0,0.0,4
10619684000168,2018-08-13,49755705.5,2.731436,49757448.19,450000.0,0.0,4
10619684000168,2018-08-14,49805839.57,2.7341830000000003,49807488.16,0.0,0.0,4
10619684000168,2018-08-15,49844808.55,2.7363169999999997,49846363.01,0.0,0.0,4
10619684000168,2018-08-16,49833755.6,2.735705,49835215.92,0.0,0.0,4
10619684000168,2018-08-17,49858997.43,2.737085,49860363.64,0.0,0.0,4
10619684000168,2018-08-20,49882288.58,2.738359,49883560.69,0.0,0.0,4
10619684000168,2018-08-21,49862481.74,2.737266,49863659.75,0.0,0.0,4
10619684000168,2018-08-22,49961797.75,2.742713,49962881.69,0.0,0.0,4
10619684000168,2018-08-23,49971079.37,2.743218,49972069.17,0.0,0.0,4
10619684000168,2018-08-24,50073363.26,2.7436119999999997,48566922.7,95000.0,1507336.21,4
10619684000168,2018-08-27,48578129.44,2.7442889999999998,48578903.56,0.0,0.0,4
10619684000168,2018-08-28,48644717.33,2.747633,48638098.65,0.0,0.0,4
10619684000168,2018-08-29,48673738.41,2.74969,48674509.38,0.0,0.0,4
10619684000168,2018-08-30,48620056.22,2.746652,48620733.54,0.0,0.0,4
10619684000168,2018-08-31,48535775.96,2.741886,48536359.65,0.0,0.0,4
10619684000168,2018-09-03,48592641.81,2.745093,45577520.61,0.0,3015605.12,4
10619684000168,2018-09-04,45597763.52,2.745437,45583236.17,0.0,0.0,4
10619684000168,2018-09-05,45593810.91,2.745194,45579201.75,0.0,0.0,4
10619684000168,2018-09-06,45639780.51,2.748897,45640694.69,0.0,0.0,4
10619684000168,2018-09-10,45676461.39,2.751102,45677293.66,0.0,0.0,4
10619684000168,2018-09-11,45747602.97,2.755382,45748353.31,0.0,0.0,4
10619684000168,2018-09-12,45740208.51,2.754931,40717976.64,0.0,5022900.27,4
10619684000168,2018-09-13,41214638.35,2.754888,41192335.57,475000.0,0.0,4
10619684000168,2018-09-14,41203840.53,2.754161,41181457.8,0.0,0.0,4
10619684000168,2018-09-17,41218140.2,2.756643,41218577.8,0.0,0.0,4
10619684000168,2018-09-18,41225830.6,2.757152,41226188.06,0.0,0.0,4
10619684000168,2018-09-19,41220880.54,2.756816,41221157.86,0.0,0.0,4
10619684000168,2018-09-20,41198142.99,2.75529,41198340.16,0.0,0.0,4
10619684000168,2018-09-21,41197852.69,2.755265,41197969.73,0.0,0.0,4
10619684000168,2018-09-24,41251276.77,2.758832,41251313.68,0.0,0.0,4
10619684000168,2018-09-25,41257719.64,2.759258,41257676.39,0.0,0.0,4
10619684000168,2018-09-26,41228221.56,2.75728,41228098.14,0.0,0.0,4
10619684000168,2018-09-27,41211510.88,2.756157,41211307.31,0.0,0.0,4
10619684000168,2018-09-28,41258284.6,2.75928,41258001.08,0.0,0.0,4
10619684000168,2018-10-01,41232990.45,2.7575849999999997,41232657.06,0.0,0.0,4
10619684000168,2018-10-02,41176769.62,2.753821,41176386.41,0.0,0.0,4
10619684000168,2018-10-03,41183795.01,2.7542880000000003,41183361.97,0.0,0.0,4
10619684000168,2018-10-04,41208299.4,2.755916,41207705.91,0.0,0.0,4
10619684000168,2018-10-05,41171533.98,2.753446,41170768.24,0.0,0.0,4
10619684000168,2018-10-08,41335571.53,2.764405,41334633.56,0.0,0.0,4
10619684000168,2018-10-09,41383792.19,2.767618,41382681.89,0.0,0.0,4
10619684000168,2018-10-10,41311832.97,2.762952,38302438.73,0.0,3010468.21,4
10619684000168,2018-10-11,38282305.04,2.761637,38284219.35,0.0,0.0,4
10619684000168,2018-10-15,38340582.08,2.765032,38331278.75,0.0,0.0,4
10619684000168,2018-10-16,38568740.44,2.771413,38569734.29,150000.0,0.0,4
10619684000168,2018-10-17,38558291.01,2.77065,34867901.57,0.0,3691212.06,4
10619684000168,2018-10-18,34830450.15,2.7660810000000002,31799814.98,0.0,3010585.1,4
10619684000168,2018-10-19,31840278.9,2.766922,31809484.32,0.0,0.0,4
10619684000168,2018-10-22,31927632.43,2.776307,31917381.64,0.0,0.0,4
10619684000168,2018-10-23,31903201.67,2.775088,31903367.48,0.0,0.0,4
10619684000168,2018-10-24,31813271.89,2.767251,31813269.14,0.0,0.0,4
10619684000168,2018-10-25,31834306.36,2.769066,31834135.14,0.0,0.0,4
10619684000168,2018-10-26,31952300.53,2.779315,31951960.79,0.0,0.0,4
10619684000168,2018-10-29,31842552.81,2.7697540000000003,31842044.56,0.0,0.0,4
10619684000168,2018-10-30,32031274.83,2.786165,32030708.64,0.0,0.0,4
10619684000168,2018-10-31,32048416.17,2.787651,32047791.93,0.0,0.0,4
10619684000168,2018-11-01,32703918.79,2.787254,32703236.46,660000.0,0.0,4
10619684000168,2018-11-05,32787545.94,2.794377,32786805.29,0.0,0.0,4
10619684000168,2018-11-06,32726184.45,2.789142,32725385.45,0.0,0.0,4
10619684000168,2018-11-07,32963858.95,2.783867,32963493.64,300000.0,0.0,4
10619684000168,2018-11-08,32855688.05,2.774727,32855264.35,0.0,0.0,4
10619684000168,2018-11-09,32888062.11,2.777456,32887580.07,0.0,0.0,4
10619684000168,2018-11-12,32901200.32,2.778561,32900659.91,0.0,0.0,4
10619684000168,2018-11-13,32892611.3,2.77783,32892012.5,0.0,0.0,4
10619684000168,2018-11-14,32965764.1,2.784003,32965106.94,0.0,0.0,4
10619684000168,2018-11-16,33066028.19,2.792466,33065312.64,0.0,0.0,4
10619684000168,2018-11-19,33103808.54,2.795652,33103034.53,0.0,0.0,4
10619684000168,2018-11-20,33116675.75,2.796734,33115843.26,0.0,0.0,4
10619684000168,2018-11-21,33108704.0,2.796055,33107812.98,0.0,0.0,4
10619684000168,2018-11-22,33596122.15,2.799633,33595172.63,445000.0,0.0,4
10619684000168,2018-11-23,33571862.34,2.797606,33570853.11,0.0,0.0,4
10619684000168,2018-11-26,33551225.9,2.795881,33550158.0,0.0,0.0,4
10619684000168,2018-11-27,33683456.92,2.806896,33682330.38,0.0,0.0,4
10619684000168,2018-11-28,33668465.15,2.805642,33667279.93,0.0,0.0,4
10619684000168,2018-11-29,33700486.75,2.808306,33699254.56,0.0,0.0,4
10619684000168,2018-11-30,33702945.7,2.808507,33527522.41,0.0,174144.13,4
10619684000168,2018-12-03,33636353.03,2.802925,33460884.2,0.0,0.0,4
10619684000168,2018-12-04,33459724.95,2.8027509999999998,33458800.92,0.0,0.0,4
10619684000168,2018-12-05,33491699.59,2.805425,33490728.69,0.0,0.0,4
10619684000168,2018-12-06,33507376.39,2.8067349999999998,28298377.81,0.0,5207980.79,4
10619684000168,2018-12-07,28291458.32,2.8058919999999996,28289883.85,0.0,0.0,4
10619684000168,2018-12-10,28320971.71,2.798149,28311814.95,100000.0,0.0,4
10619684000168,2018-12-11,28309619.62,2.797807,28308358.95,0.0,0.0,4
10619684000168,2018-12-12,28309309.56,2.797768,28307964.11,0.0,0.0,4
10619684000168,2018-12-13,28400649.93,2.806787,28399219.71,0.0,0.0,4
10619684000168,2018-12-14,29140489.14,2.8087400000000002,29138974.09,720000.0,0.0,4
10619684000168,2018-12-17,29104058.14,2.8052200000000003,29102457.92,0.0,0.0,4
10619684000168,2018-12-18,29121678.3,2.806914,29120030.66,0.0,0.0,4
10619684000168,2018-12-19,29118765.33,2.806628,29117070.24,0.0,0.0,4
10619684000168,2018-12-20,29133128.19,2.808008,29131385.68,0.0,0.0,4
10619684000168,2018-12-21,29194929.84,2.813961,29193139.9,0.0,0.0,4
10619684000168,2018-12-24,29203182.78,2.814752,29201345.38,0.0,0.0,4
10619684000168,2018-12-26,29166918.35,2.811252,29165033.45,0.0,0.0,4
10619684000168,2018-12-27,29171565.79,2.8116950000000003,29169633.41,0.0,0.0,4
10619684000168,2018-12-28,29279695.41,2.8221130000000003,29277715.55,0.0,0.0,4
10619684000168,2018-12-31,29286781.98,2.8227919999999997,29284754.55,0.0,0.0,4
10619684000168,2019-01-02,29496794.0,2.836309,29494982.99,70000.0,0.0,4
10619684000168,2019-01-03,29553228.31,2.841731,29551368.41,0.0,0.0,4
10619684000168,2019-01-04,29500892.72,2.836693,29498984.97,0.0,0.0,4
10619684000168,2019-01-07,29468851.08,2.83361,29466916.31,0.0,0.0,4
10619684000168,2019-01-08,29489154.81,2.835557,29487172.26,0.0,0.0,4
10619684000168,2019-01-09,29527366.18,2.839227,29525335.84,0.0,0.0,4
10619684000168,2019-01-10,29517336.29,2.838258,29515258.12,0.0,0.0,4
10619684000168,2019-01-11,29502701.89,2.836846,29500575.92,0.0,0.0,4
10619684000168,2019-01-14,29553084.79,2.84186,29552715.6,0.0,0.0,4
10619684000168,2019-01-15,29506678.5,2.83739,29506234.35,0.0,0.0,4
10619684000168,2019-01-16,29514046.44,2.838092,29513527.34,0.0,0.0,4
10619684000168,2019-01-17,29563159.37,2.842792,29562406.78,0.0,0.0,4
10619684000168,2019-01-18,29595983.69,2.845941,29595156.1,0.0,0.0,4
10619684000168,2019-01-21,29593205.91,2.845667,29592302.2,0.0,0.0,4
10619684000168,2019-01-22,29560675.68,2.842532,29559696.95,0.0,0.0,4
10619684000168,2019-01-23,29638068.9,2.849967,29637015.16,0.0,0.0,4
10619684000168,2019-01-24,30051674.47,2.852245,30050705.31,390000.0,0.0,4
10619684000168,2019-01-25,30052194.49,2.852287,30051152.47,0.0,0.0,4
10619684000168,2019-01-28,30026959.1,2.849885,30025844.25,0.0,0.0,4
10619684000168,2019-01-29,30025126.66,2.849704,30023939.01,0.0,0.0,4
10619684000168,2019-01-30,30041843.36,2.851284,30040582.93,0.0,0.0,4
10619684000168,2019-01-31,30083970.81,2.855276,30082637.6,0.0,0.0,4
10619684000168,2019-02-01,30103639.39,2.857136,30102233.39,0.0,0.0,4
10619684000168,2019-02-04,30152255.39,2.861743,30150776.58,0.0,0.0,4
10619684000168,2019-02-05,30155888.84,2.8620810000000003,30154337.19,0.0,0.0,4
10619684000168,2019-02-06,30112538.97,2.846618,30111418.38,120000.0,0.0,4
10619684000168,2019-02-07,30095216.13,2.844973,30094022.77,0.0,0.0,4
10619684000168,2019-02-08,30128854.24,2.848146,30127588.11,0.0,0.0,4
10619684000168,2019-02-11,30080733.96,2.843589,30079386.47,0.0,0.0,4
10619684000168,2019-02-12,30161659.58,2.851232,30160230.77,0.0,0.0,4
10619684000168,2019-02-13,30146766.28,2.849816,30145256.11,0.0,0.0,4
10619684000168,2019-02-14,30255824.89,2.860119,30254233.36,0.0,0.0,4
10619684000168,2019-02-15,30235888.42,2.8582259999999997,30234215.44,0.0,0.0,4
10619684000168,2019-02-18,30200464.0,2.85487,30198709.58,0.0,0.0,4
10619684000168,2019-02-19,30241098.57,2.858704,30239262.74,0.0,0.0,4
10619684000168,2019-02-20,30197652.17,2.854589,26461930.56,0.0,3733804.36,4
10619684000168,2019-02-21,26502965.18,2.85691,26483446.96,0.0,0.0,4
10619684000168,2019-02-22,26547109.54,2.861663,26527509.22,0.0,0.0,4
10619684000168,2019-02-25,26508446.87,2.859404,26506568.81,0.0,0.0,4
10619684000168,2019-02-26,26532895.72,2.862032,26530935.41,0.0,0.0,4
10619684000168,2019-02-27,26523024.67,2.860959,26520982.08,0.0,0.0,4
10619684000168,2019-02-28,26448896.63,2.852953,26446771.79,0.0,0.0,4
10619684000168,2019-03-01,26430619.87,2.850973,26428412.82,0.0,0.0,4
10619684000168,2019-03-06,26419647.04,2.84978,26417357.74,0.0,0.0,4
10619684000168,2019-03-07,26419083.07,2.849711,26416711.48,0.0,0.0,4
10619684000168,2019-03-08,26469128.4,2.8551,26466674.49,0.0,0.0,4
10619684000168,2019-03-11,26566276.68,2.865571,26563740.42,0.0,0.0,4
10619684000168,2019-03-12,26568024.2,2.865751,26565405.54,0.0,0.0,4
10619684000168,2019-03-13,26616934.3,2.871018,26614233.25,0.0,0.0,4
10619684000168,2019-03-14,26603349.6,2.869544,26600566.13,0.0,0.0,4
10619684000168,2019-03-15,26632420.28,2.872671,26629554.37,0.0,0.0,4
10619684000168,2019-03-18,26664355.27,2.876107,26661406.92,0.0,0.0,4
10619684000168,2019-03-19,26657195.61,2.875326,26654164.81,0.0,0.0,4
10619684000168,2019-03-20,26621961.32,2.871516,26618848.09,0.0,0.0,4
10619684000168,2019-03-21,26557868.39,2.864593,26554672.79,0.0,0.0,4
10619684000168,2019-03-22,26421086.07,2.849829,26417808.14,0.0,0.0,4
10619684000168,2019-03-25,26431905.65,2.850987,26428545.43,0.0,0.0,4
10619684000168,2019-03-26,26466143.99,2.8546720000000003,26462701.49,0.0,0.0,4
10619684000168,2019-03-27,26388245.8,2.84626,26384721.0,0.0,0.0,4
10619684000168,2019-03-28,27164619.84,2.849141,27161428.27,750000.0,0.0,4
10619684000168,2019-03-29,27174019.06,2.850121,27170777.42,0.0,0.0,4
10619684000168,2019-04-01,27176221.03,2.850347,27172929.33,0.0,0.0,4
10619684000168,2019-04-02,27172972.36,2.850001,27169630.62,0.0,0.0,4
10619684000168,2019-04-03,27169676.15,2.8496490000000003,27166277.13,0.0,0.0,4
10619684000168,2019-04-04,27184029.0,2.851146,27180548.84,0.0,0.0,4
10619684000168,2019-04-05,27190123.45,2.8517770000000002,27186562.11,0.0,0.0,4
10619684000168,2019-04-08,27195791.41,2.852363,27192148.9,0.0,0.0,4
10619684000168,2019-04-09,27191713.0,2.851927,27187989.33,0.0,0.0,4
10619684000168,2019-04-10,27197030.45,2.852668,27195058.03,0.0,0.0,4
10619684000168,2019-04-11,27196109.75,2.852563,27194056.17,0.0,0.0,4
10619684000168,2019-04-12,27175143.18,2.850355,27173008.42,0.0,0.0,4
10619684000168,2019-04-15,27184165.38,2.851293,27181949.44,0.0,0.0,4
10619684000168,2019-04-16,27208645.8,2.853853,27206348.67,0.0,0.0,4
10619684000168,2019-04-17,27219332.15,2.854965,27216953.83,0.0,0.0,4
10619684000168,2019-04-18,27755546.29,2.857182,27753086.76,515000.0,0.0,4
10619684000168,2019-04-22,27771434.06,2.858809,27768893.09,0.0,0.0,4
10619684000168,2019-04-23,27792878.22,2.861008,27790255.79,0.0,0.0,4
10619684000168,2019-04-24,27803442.55,2.862088,27800738.63,0.0,0.0,4
10619684000168,2019-04-25,28009582.89,2.864799,28007071.45,180000.0,0.0,4
10619684000168,2019-04-26,28000785.36,2.86389,27998192.25,0.0,0.0,4
10619684000168,2019-04-29,28007882.43,2.864608,28005207.68,0.0,0.0,4
10619684000168,2019-04-30,27996506.7,2.863436,27993750.31,0.0,0.0,4
10619684000168,2019-05-02,28009660.86,2.864773,28006822.88,0.0,0.0,4
10619684000168,2019-05-03,28014994.47,2.86531,28012074.9,0.0,0.0,4
10619684000168,2019-05-06,28159194.65,2.864757,28156668.25,150000.0,0.0,4
10619684000168,2019-05-07,28181010.59,2.866969,28178402.52,0.0,0.0,4
10619684000168,2019-05-08,28182476.83,2.867109,28179787.03,0.0,0.0,4
10619684000168,2019-05-09,28193294.5,2.868202,28190522.98,0.0,0.0,4
10619684000168,2019-05-10,28169502.81,2.865773,28166649.55,0.0,0.0,4
10619684000168,2019-05-13,28166403.63,2.8654490000000004,28163468.67,0.0,0.0,4
10619684000168,2019-05-14,28157281.66,2.864513,28154264.94,0.0,0.0,4
10619684000168,2019-05-15,28151433.65,2.863909,28148335.22,0.0,0.0,4
10619684000168,2019-05-16,28717333.24,2.863484,28714153.09,570000.0,0.0,4
10619684000168,2019-05-17,28757612.82,2.867493,28754350.71,0.0,0.0,4
10619684000168,2019-05-20,28806406.43,2.87235,28803062.29,0.0,0.0,4
10619684000168,2019-05-21,28833519.93,2.875046,28830093.72,0.0,0.0,4
10619684000168,2019-05-22,28833179.69,2.875004,28829671.43,0.0,0.0,4
10619684000168,2019-05-23,28852445.41,2.876917,28848855.07,0.0,0.0,4
10619684000168,2019-05-24,28832806.32,2.87495,28829133.86,0.0,0.0,4
10619684000168,2019-05-27,28889523.03,2.880598,28885768.47,0.0,0.0,4
10619684000168,2019-05-28,28948924.47,2.886514,28945087.76,0.0,0.0,4
10619684000168,2019-05-29,28961402.07,2.88775,28957490.39,0.0,0.0,4
10619684000168,2019-05-30,28978402.38,2.889438,28974415.73,0.0,0.0,4
10619684000168,2019-05-31,29107930.96,2.889982,28988205.89,124000.0,115663.49,4
10619684000168,2019-06-03,29097513.7,2.888936,28977714.83,0.0,0.0,4
10619684000168,2019-06-04,28947648.49,2.88557,28943949.74,0.0,0.0,4
10619684000168,2019-06-05,28890777.98,2.879889,28886970.13,0.0,0.0,4
10619684000168,2019-06-06,29194751.32,2.8842630000000002,29190834.4,260000.0,0.0,4
10619684000168,2019-06-07,29202690.24,2.885036,29198664.14,0.0,0.0,4
10619684000168,2019-06-10,29195334.68,2.884299,29191199.41,0.0,0.0,4
10619684000168,2019-06-11,29250256.4,2.889714,29246011.99,0.0,0.0,4
10619684000168,2019-06-12,29224620.56,2.887171,29220267.01,0.0,0.0,4
10619684000168,2019-06-13,29261469.84,2.8908,29256996.72,0.0,0.0,4
10619684000168,2019-06-14,29265644.96,2.891228,29261326.22,0.0,0.0,4
10619684000168,2019-06-17,27150331.33,2.8897049999999997,29245917.28,0.0,0.0,4
10619684000168,2019-06-18,29290113.96,2.893624,29285583.8,0.0,0.0,4
10619684000168,2019-06-19,29320018.09,2.89657,29315392.59,0.0,0.0,4
10619684000168,2019-06-21,27603407.96,2.9057880000000003,30098687.08,690000.0,0.0,4
10619684000168,2019-06-24,27610888.32,2.9065,30106058.3,0.0,0.0,4
10619684000168,2019-06-25,30132439.18,2.902777,30127499.98,60000.0,0.0,4
10619684000168,2019-06-26,30154363.87,2.904881,30149335.39,0.0,0.0,4
10619684000168,2019-06-27,27657714.65,2.905195,30152596.89,0.0,0.0,4
10619684000168,2019-06-28,30173218.7,2.907211,30173521.12,0.0,0.0,4
10619684000168,2019-07-01,30180512.5,2.90791,30180776.98,0.0,0.0,4
10619684000168,2019-07-02,30164747.71,2.906388,30164974.3,0.0,0.0,4
10619684000168,2019-07-03,30188298.74,2.908649,30188442.34,0.0,0.0,4
10619684000168,2019-07-04,30215921.37,2.911302,30215981.93,0.0,0.0,4
10619684000168,2019-07-05,30228316.66,2.912489,30228294.09,0.0,0.0,4
10619684000168,2019-07-08,30246660.28,2.914315,30247252.14,0.0,0.0,4
10619684000168,2019-07-09,30253888.22,2.915004,30254396.89,0.0,0.0,4
10619684000168,2019-07-10,30276108.89,2.917272,30277944.06,0.0,0.0,4
10619684000168,2019-07-11,30273383.07,2.917002,30275134.97,0.0,0.0,4
10619684000168,2019-07-12,30258929.6,2.9155990000000003,28850285.04,0.0,1410286.96,4
10619684000168,2019-07-15,28851738.72,2.915916,28853429.41,0.0,0.0,4
10619684000168,2019-07-16,28858067.87,2.915996,28854220.62,0.0,0.0,4
10619684000168,2019-07-17,28865306.26,2.91725,28866626.46,0.0,0.0,4
10619684000168,2019-07-18,28879387.54,2.918661,28880588.11,0.0,0.0,4
10619684000168,2019-07-19,28866824.34,2.917377,27739445.66,0.0,1128435.69,4
10619684000168,2019-07-22,27746479.7,2.9182240000000004,13687314.95,0.0,14060181.54,4
10619684000168,2019-07-23,19490877.54,2.919244,20692100.47,7000000.0,0.0,4
10619684000168,2019-07-24,20717012.82,2.919981,13696858.64,0.0,7000465.93,3
10619684000168,2019-07-25,13675779.22,2.913421,13666086.58,0.0,0.0,3
10619684000168,2019-07-26,13687946.94,2.915982,13678099.84,0.0,0.0,3
10619684000168,2019-07-29,13683348.34,2.917174,13683690.53,0.0,0.0,3
10619684000168,2019-07-30,13678491.97,2.916105,13678679.47,0.0,0.0,3
10619684000168,2019-07-31,13661206.17,2.912387,13661239.02,0.0,0.0,3
10619684000168,2019-08-01,13694810.12,2.919518,13694688.47,0.0,0.0,3
10619684000168,2019-08-02,13714444.38,2.923975,13715596.43,0.0,0.0,3
10619684000168,2019-08-05,13692885.68,2.919346,13693882.77,0.0,0.0,3
10619684000168,2019-08-06,13731132.2,2.927467,13731974.51,0.0,0.0,3
10619684000168,2019-08-07,13749095.81,2.931264,13749783.06,0.0,0.0,3
10619684000168,2019-08-08,13772243.71,2.9361650000000004,13772775.75,0.0,0.0,3
10619684000168,2019-08-09,13787418.83,2.939367,13787795.37,0.0,0.0,3
10619684000168,2019-08-12,13769727.36,2.935561,13769942.18,0.0,0.0,3
10619684000168,2019-08-13,13765239.72,2.93457,13765293.0,0.0,0.0,3
10619684000168,2019-08-14,13752992.3,2.931925,13752884.12,0.0,0.0,3
10619684000168,2019-08-15,14562803.92,2.9275860000000002,14562534.37,830000.0,0.0,3
10619684000168,2019-08-16,14584631.81,2.931942,14584200.59,0.0,0.0,3
10619684000168,2019-08-19,14579343.6,2.930846,14578750.55,0.0,0.0,3
10619684000168,2019-08-20,14577275.15,2.930398,14576520.35,0.0,0.0,3
10619684000168,2019-08-21,14610040.08,2.9369520000000002,14609123.58,0.0,0.0,3
10619684000168,2019-08-22,12536021.37,2.936112,14784943.01,180000.0,0.0,3
10619684000168,2019-08-23,11780511.22,2.934986,9656423.11,0.0,5122847.8,3
10619684000168,2019-08-26,9630414.78,2.927284,9631084.78,0.0,0.0,2
10619684000168,2019-08-27,9637873.92,2.929535,9638488.88,0.0,0.0,2
10619684000168,2019-08-28,9636758.15,2.929179,9637318.07,0.0,0.0,2
10619684000168,2019-08-29,9646504.73,2.932124,9647009.61,0.0,0.0,2
10619684000168,2019-08-30,9670704.19,2.939463,9671154.02,0.0,0.0,2
10619684000168,2019-09-02,9666992.31,2.938318,9667387.08,0.0,0.0,2
10619684000168,2019-09-03,9665558.1,2.937865,9665897.81,0.0,0.0,2
10619684000168,2019-09-04,9665149.62,2.937724,9665434.27,0.0,0.0,2
10619684000168,2019-09-05,9654458.19,2.934458,9654687.78,0.0,0.0,2
10619684000168,2019-09-06,9650739.37,2.933311,9650913.91,0.0,0.0,2
10619684000168,2019-09-09,9646201.83,2.931915,9646321.32,0.0,0.0,2
10619684000168,2019-09-10,9641867.39,2.930581,9641931.83,0.0,0.0,2
10619684000168,2019-09-11,9653442.89,2.934083,9653452.28,0.0,0.0,2
10619684000168,2019-09-12,10482683.61,2.933876,10482771.05,830000.0,0.0,2
10619684000168,2019-09-13,10475134.02,2.931725,10475088.15,0.0,0.0,2
10619684000168,2019-09-16,10478017.77,2.932495,10477838.64,0.0,0.0,2
10619684000168,2019-09-17,10488209.89,2.93531,10487897.5,0.0,0.0,2
10619684000168,2019-09-18,10492945.69,2.936598,10492499.98,0.0,0.0,2
10619684000168,2019-09-19,10503233.82,2.939441,10502654.74,0.0,0.0,2
10619684000168,2019-09-20,8917613.02,2.943428,10516900.47,0.0,0.0,2
10619684000168,2019-09-23,7616486.02,2.943075,10515639.88,0.0,0.0,2
10619684000168,2019-09-24,10512579.0,2.941949,10511618.32,0.0,0.0,2
10619684000168,2019-09-25,10517002.99,2.943165,10515962.33,0.0,0.0,2
10619684000168,2019-09-26,10524383.63,2.945208,10523263.01,0.0,0.0,2
10619684000168,2019-09-27,10527142.49,2.94596,10525947.88,0.0,0.0,2
10619684000168,2019-09-30,10527414.25,2.946015,10526145.84,0.0,0.0,2
10619684000168,2019-10-01,10528182.38,2.946216,10526862.0,0.0,0.0,2
10619684000168,2019-10-02,10520702.42,2.944107,10519329.26,0.0,0.0,2
10619684000168,2019-10-03,10523985.4,2.945011,10522559.5,0.0,0.0,2
10619684000168,2019-10-04,10527908.25,2.946095,9521575.5,0.0,1004854.08,2
10619684000168,2019-10-07,9516293.73,2.944213,9515494.56,0.0,0.0,2
10619684000168,2019-10-08,9517887.11,2.94469,9517037.17,0.0,0.0,2
10619684000168,2019-10-09,9525364.08,2.946988,9524463.37,0.0,0.0,2
10619684000168,2019-10-10,9528720.53,2.9483580000000003,9528889.56,0.0,0.0,2
10619684000168,2019-10-11,9538256.73,2.951293,9538374.99,0.0,0.0,2
10619684000168,2019-10-14,9854172.41,2.953107,9854239.9,310000.0,0.0,2
10619684000168,2019-10-15,9855516.87,2.953495,9855533.46,0.0,0.0,2
10619684000168,2019-10-16,9864327.52,2.95612,9864293.21,0.0,0.0,2
10619684000168,2019-10-17,9865070.76,2.956327,9864985.55,0.0,0.0,2
10619684000168,2019-10-18,9864790.09,2.956228,9864653.98,0.0,0.0,2
10619684000168,2019-10-21,9874096.29,2.959002,9873909.28,0.0,0.0,2
10619684000168,2019-10-22,9874478.13,2.959101,9874240.21,0.0,0.0,2
10619684000168,2019-10-23,9877059.83,2.95986,9876771.82,0.0,0.0,2
10619684000168,2019-10-24,9875503.4,2.959378,9875165.3,0.0,0.0,2
10619684000168,2019-10-25,9877339.28,2.9599130000000002,9876951.09,0.0,0.0,2
10619684000168,2019-10-28,9880253.29,2.960772,9879815.01,0.0,0.0,2
10619684000168,2019-10-29,9879402.66,2.960502,9878914.29,0.0,0.0,2
10619684000168,2019-10-30,9886908.3,2.962736,9886369.84,0.0,0.0,2
10619684000168,2019-10-31,10268782.16,2.961849,10268411.91,385000.0,0.0,2
10619684000168,2019-11-01,10271664.09,2.962659,10271218.72,0.0,0.0,2
10619684000168,2019-11-04,10275186.44,2.963653,10274665.94,0.0,0.0,2
10619684000168,2019-11-05,10273542.8,2.963158,10272947.14,0.0,0.0,2
10619684000168,2019-11-06,10275125.67,2.963592,10274454.85,0.0,0.0,2
10619684000168,2019-11-07,10281204.86,2.9653240000000003,10280458.87,0.0,0.0,2
10619684000168,2019-11-08,10275599.28,2.963686,10274778.08,0.0,0.0,2
10619684000168,2019-11-11,10281133.09,2.96526,10280236.72,0.0,0.0,2
10619684000168,2019-11-12,10272471.58,2.96274,10271500.02,0.0,0.0,2
10619684000168,2019-11-13,10269599.52,2.9618900000000004,10268552.82,0.0,0.0,2
10619684000168,2019-11-14,10272284.16,2.962643,10271162.36,0.0,0.0,2
10619684000168,2019-11-18,10269946.41,2.9619470000000003,10268749.49,0.0,0.0,2
10619684000168,2019-11-19,10267476.89,2.9612130000000003,10266204.89,0.0,0.0,2
10619684000168,2019-11-20,10267935.77,2.9613240000000003,10266588.71,0.0,0.0,2
10619684000168,2019-11-21,10273692.26,2.962962,10272270.14,0.0,0.0,2
10619684000168,2019-11-22,10278788.55,2.964411,10277291.34,0.0,0.0,2
10619684000168,2019-11-25,10277788.54,2.964101,10276216.23,0.0,0.0,2
10619684000168,2019-11-26,10274008.55,2.962989,10272361.15,0.0,0.0,2
10619684000168,2019-11-27,10277240.53,2.963899,10275518.08,0.0,0.0,2
10619684000168,2019-11-28,10999755.16,2.964657,10998145.87,720000.0,0.0,2
10619684000168,2019-11-29,11000153.84,2.964744,10998469.15,0.0,32460.47,2
10619684000168,2019-12-02,11000083.36,2.964706,10965868.27,0.0,0.0,2
10619684000168,2019-12-03,10966107.72,2.964435,10964818.14,0.0,0.0,2
10619684000168,2019-12-04,10972870.91,2.9662439999999997,10971511.84,0.0,0.0,2
10619684000168,2019-12-05,10974147.5,2.966571,10972718.49,0.0,0.0,2
10619684000168,2019-12-06,10981647.51,2.968579,10980148.56,0.0,0.0,2
10619684000168,2019-12-09,10981991.61,2.9686529999999998,10980422.66,0.0,0.0,2
10619684000168,2019-12-10,10982301.52,2.968718,10980662.57,0.0,0.0,2
10619684000168,2019-12-11,10985529.6,2.9695720000000003,10983820.66,0.0,0.0,2
10619684000168,2019-12-12,10993816.68,2.971794,10992037.73,0.0,0.0,2
10619684000168,2019-12-13,10996953.17,2.972623,10995104.17,0.0,0.0,2
10619684000168,2019-12-16,10996404.27,2.972455,10994485.21,0.0,0.0,2
10619684000168,2019-12-17,10994698.98,2.9719740000000003,10992703.2,0.0,0.0,2
10619684000168,2019-12-18,11002643.52,2.9741009999999997,11000571.05,0.0,0.0,2
10619684000168,2019-12-19,11003633.33,2.974348,11001484.13,0.0,0.0,2
10619684000168,2019-12-20,11007901.71,2.9754810000000003,11005674.62,0.0,0.0,2
10619684000168,2019-12-23,11012961.92,2.976828,11010658.09,0.0,0.0,2
10619684000168,2019-12-24,11015118.44,2.97739,11012736.85,0.0,0.0,2
10619684000168,2019-12-26,11023794.53,2.979715,11021336.17,0.0,0.0,2
10619684000168,2019-12-27,11023794.81,2.979694,11021259.64,0.0,0.0,2
10619684000168,2019-12-30,11024590.93,2.979889,11021978.95,0.0,0.0,2
10619684000168,2019-12-31,11026341.69,2.980341,11023652.81,0.0,0.0,2
10619684000168,2020-01-02,11041219.49,2.984347,11038471.41,0.0,0.0,2
10619684000168,2020-01-03,11039339.41,2.983823,11036532.04,0.0,0.0,2
10619684000168,2020-01-06,11034848.79,2.982593,11031982.17,0.0,0.0,2
10619684000168,2020-01-07,11036052.28,2.982902,11033126.45,0.0,0.0,2
10619684000168,2020-01-08,11036066.45,2.982885,11033063.18,0.0,0.0,2
10619684000168,2020-01-09,11040138.37,2.983965,11037057.66,0.0,0.0,2
10619684000168,2020-01-10,11040551.7,2.984576,11039318.58,0.0,0.0,2
10619684000168,2020-01-13,11052696.26,2.987839,11051385.65,0.0,0.0,2
10619684000168,2020-01-14,11056139.87,2.988749,11054751.71,0.0,0.0,2
10619684000168,2020-01-15,12056248.55,2.988757,12054782.83,1000000.0,0.0,2
10619684000168,2020-01-16,12057612.56,2.989076,12056068.9,0.0,0.0,2
10619684000168,2020-01-17,12067101.22,2.991409,12065479.63,0.0,0.0,2
10619684000168,2020-01-20,12072338.76,2.992689,12070639.17,0.0,0.0,2
10619684000168,2020-01-21,12064404.89,2.990702,12062627.29,0.0,0.0,2
10619684000168,2020-01-22,12072755.09,2.992753,12070899.56,0.0,0.0,2
