CNPJ_FUNDO,DT_COMPTC,VL_TOTAL,VL_QUOTA,VL_PATRIM_LIQ,CAPTC_DIA,RESG_DIA,NR_COTST
11308051000100,2010-03-16,1000000.0,100.0,1000000.0,1000000.0,0.0,1
11308051000100,2010-03-17,3000307.35,100.015893,3000158.93,2000000.0,0.0,1
11308051000100,2010-03-18,3001240.04,100.0405559,3000898.74,0.0,0.0,1
11308051000100,2010-03-19,3002166.64,100.0650158,3001632.46,0.0,0.0,1
11308051000100,2010-03-22,3003086.19,100.0892397,3002359.1,0.0,0.0,1
11308051000100,2010-03-23,3004014.01,100.113739,3003094.0,0.0,0.0,1
11308051000100,2010-03-24,3004942.08,100.13824559999999,3003829.12,0.0,0.0,1
11308051000100,2010-03-25,3005868.75,100.1627055,3004562.84,0.0,0.0,1
11308051000100,2010-03-26,3006797.4,100.1872311,3005298.53,0.0,0.0,1
11308051000100,2010-03-29,3007728.75,100.2037765,3005794.84,0.0,0.0,1
11308051000100,2010-03-30,3008654.84,100.22014659999999,3006285.89,0.0,0.0,1
11308051000100,2010-03-31,3009503.25,100.23392700000001,3006699.26,0.0,0.0,1
11308051000100,2010-04-01,3010640.11,100.2672059,3007697.52,0.0,0.0,1
11308051000100,2010-04-05,3011666.96,100.3055423,3008847.49,0.0,0.0,1
11308051000100,2010-04-06,3012769.78,100.3376857,3009811.69,0.0,0.0,1
11308051000100,2010-04-07,3009605.29,100.3609172,3010508.56,0.0,0.0,1
11308051000100,2010-04-08,3010900.96,100.3994879,3011665.56,0.0,0.0,1
11308051000100,2010-04-09,3011365.71,100.4103577,3011991.62,0.0,0.0,1
11308051000100,2010-04-12,3012266.56,100.4357658,3012753.78,0.0,0.0,1
11308051000100,2010-04-13,3012661.27,100.4403666,3012891.79,0.0,0.0,1
11308051000100,2010-04-14,3012404.12,100.4271699,3012495.93,0.0,0.0,1
11308051000100,2010-04-15,3011854.61,100.4042271,3011807.72,0.0,0.0,1
11308051000100,2010-04-16,3013078.6,100.4404076,3012893.02,0.0,0.0,1
11308051000100,2010-04-19,3014152.86,100.4715959,3013828.57,0.0,0.0,1
11308051000100,2010-04-20,3013774.94,100.4543727,3013311.93,0.0,0.0,1
11308051000100,2010-04-22,3014076.67,100.459807,3013474.94,0.0,0.0,1
11308051000100,2010-04-23,3015823.48,100.5134153,3015083.02,0.0,0.0,1
11308051000100,2010-04-26,3016967.06,100.5469132,3016087.85,0.0,0.0,1
11308051000100,2010-04-27,3018448.46,100.5916726,3017430.49,0.0,0.0,1
11308051000100,2010-04-28,3019273.94,100.614564,3018117.16,0.0,0.0,1
11308051000100,2010-04-29,3021697.14,100.6907188,3020401.56,0.0,0.0,1
11308051000100,2010-04-30,3022502.74,100.7129458,3021068.3,0.0,0.0,1
11308051000100,2010-05-03,3022796.65,100.71821240000001,3021226.28,0.0,0.0,1
11308051000100,2010-05-04,3022238.59,100.6950769,3020532.29,0.0,0.0,1
11308051000100,2010-05-05,3019591.92,100.6689885,3019749.72,0.0,0.0,1
11308051000100,2010-05-06,3020468.89,100.69369379999999,3020490.8,0.0,0.0,1
11308051000100,2010-05-07,3020934.92,100.70469859999999,3020820.91,0.0,0.0,1
11308051000100,2010-05-10,3023421.13,100.78304990000001,3023171.2,0.0,0.0,1
11308051000100,2010-05-11,3026018.99,100.8651222,3025633.11,0.0,0.0,1
11308051000100,2010-05-12,3028061.41,100.92867530000001,3027539.5,0.0,0.0,1
11308051000100,2010-05-13,3029406.79,100.9689913,3028748.85,0.0,0.0,1
11308051000100,2010-05-14,3030276.94,100.9934632,3029482.93,0.0,0.0,1
11308051000100,2010-05-17,3030898.82,101.00965790000001,3029968.72,0.0,0.0,1
11308051000100,2010-05-18,3033330.63,101.08618929999999,3032264.42,0.0,0.0,1
11308051000100,2010-05-19,3034596.06,101.12383670000001,3033393.72,0.0,0.0,1
11308051000100,2010-05-20,3036950.03,101.1977712,3035611.52,0.0,0.0,1
11308051000100,2010-05-21,3038597.6,101.2481552,3037122.88,0.0,0.0,1
11308051000100,2010-05-24,3040719.88,101.3143635,3039108.92,0.0,0.0,1
11308051000100,2010-05-25,3042440.04,101.3671651,3040692.8,0.0,0.0,1
11308051000100,2010-05-26,3044451.61,101.4296801,3042568.05,0.0,0.0,1
11308051000100,2010-05-27,2955217.12,101.45065490000002,2852583.98,0.0,190613.25,1
11308051000100,2010-05-28,2856706.51,101.4989088,2853940.78,0.0,0.0,1
11308051000100,2010-05-31,2858687.73,101.564654,2849237.85,0.0,6551.55,1
11308051000100,2010-06-01,2860003.63,101.6068371,2850421.23,0.0,0.0,1
11308051000100,2010-06-02,2578335.44,101.6585438,2591516.45,0.0,260355.33,1
11308051000100,2010-06-04,2591004.74,101.7582568,2594058.37,0.0,0.0,1
11308051000100,2010-06-07,2592245.09,101.8019126,2595171.26,0.0,0.0,1
11308051000100,2010-06-08,2592087.74,101.7907398,2594886.44,0.0,0.0,1
11308051000100,2010-06-09,2592236.97,101.7915934,2594908.2,0.0,0.0,1
11308051000100,2010-06-10,2591541.93,101.7593285,2594085.69,0.0,0.0,1
11308051000100,2010-06-11,2590161.55,101.7001798,2592577.85,0.0,0.0,1
11308051000100,2010-06-14,2590480.02,101.7074749,2592763.82,0.0,0.0,1
11308051000100,2010-06-15,2590488.17,101.7026397,2592640.56,0.0,0.0,1
11308051000100,2010-06-16,2592772.58,101.7870956,2594793.54,0.0,0.0,1
11308051000100,2010-06-17,2593449.37,101.8084879,2595338.88,0.0,0.0,1
11308051000100,2010-06-18,2595383.24,101.8791918,2597141.29,0.0,0.0,1
11308051000100,2010-06-21,2597170.69,101.9441501,2598797.23,0.0,0.0,1
11308051000100,2010-06-22,2598193.66,101.9790088,2599685.86,0.0,0.0,1
11308051000100,2010-06-23,2598259.17,101.9764178,2599619.81,0.0,0.0,1
11308051000100,2010-06-24,2600112.34,102.0439521,2420942.84,0.0,180398.57,1
11308051000100,2010-06-25,2421395.92,102.09266,2422098.42,0.0,0.0,1
11308051000100,2010-06-28,2422439.32,102.1312442,2423013.81,0.0,0.0,1
11308051000100,2010-06-29,3424177.11,102.1990947,3424623.53,1000000.0,0.0,1
11308051000100,2010-06-30,3426329.35,102.2589084,3426627.85,0.0,0.0,1
11308051000100,2010-07-01,3429299.11,102.3432044,3429452.55,0.0,0.0,1
11308051000100,2010-07-02,3431054.27,102.3912513,2879428.84,0.0,551633.72,1
11308051000100,2010-07-05,2883141.72,102.46070809999999,2510230.06,0.0,371152.04,1
11308051000100,2010-07-06,2513476.79,102.4692054,2510438.24,0.0,0.0,1
11308051000100,2010-07-07,2515005.6,102.52642759999999,2481742.46,0.0,30097.69,1
11308051000100,2010-07-08,2464375.03,102.5137455,1979820.91,0.0,501614.57,1
11308051000100,2010-07-09,1964840.91,102.5318429,1980170.42,0.0,0.0,1
11308051000100,2010-07-12,1965640.99,102.5672449,1980854.13,0.0,0.0,1
11308051000100,2010-07-13,1985133.91,102.6385207,1982230.66,0.0,0.0,1
11308051000100,2010-07-14,1982006.19,102.62587979999999,1981986.53,0.0,0.0,1
11308051000100,2010-07-15,1984578.3,102.7530337,1984442.22,0.0,0.0,1
11308051000100,2010-07-16,1986737.99,102.85883079999999,1986485.45,0.0,0.0,1
11308051000100,2010-07-19,1986832.93,102.8577144,1986463.89,0.0,0.0,1
11308051000100,2010-07-20,1988633.83,102.9449325,1988148.31,0.0,0.0,1
11308051000100,2010-07-21,1771026.91,103.0628096,1769452.51,0.0,220972.33,1
11308051000100,2010-07-22,1772013.96,103.1136021,1770324.55,0.0,0.0,1
11308051000100,2010-07-23,1771921.77,103.10169609999998,1770120.14,0.0,0.0,1
11308051000100,2010-07-26,1772924.46,103.1535627,1771010.62,0.0,0.0,1
11308051000100,2010-07-27,1774260.62,103.2248512,1772234.55,0.0,0.0,1
11308051000100,2010-07-28,1775434.5,103.2866876,1773296.2,0.0,0.0,1
11308051000100,2010-07-29,1776387.31,103.3356448,1774136.73,0.0,0.0,1
11308051000100,2010-07-30,1777728.58,103.4072281,1775365.72,0.0,0.0,1
11308051000100,2010-08-02,1779051.71,103.4779854,1776580.53,0.0,0.0,1
11308051000100,2010-08-03,1778852.84,103.4600918,1776273.32,0.0,0.0,1
11308051000100,2010-08-04,1778597.76,103.4389253,1775909.92,0.0,0.0,1
11308051000100,2010-08-05,1429853.48,103.503409,1777017.02,0.0,0.0,1
11308051000100,2010-08-06,1777493.0,103.5343467,1777548.18,0.0,0.0,1
11308051000100,2010-08-09,1780095.55,103.6796223,1780042.37,0.0,0.0,1
11308051000100,2010-08-10,1781020.62,103.7271892,1780859.03,0.0,0.0,1
11308051000100,2010-08-11,1681330.3,103.7389111,1781060.28,0.0,0.0,1
11308051000100,2010-08-12,1782702.94,103.8125457,1782324.49,0.0,0.0,1
11308051000100,2010-08-13,1784802.86,103.9285407,1784315.97,0.0,0.0,1
11308051000100,2010-08-16,1787575.36,104.0836266,1786978.59,0.0,0.0,1
11308051000100,2010-08-17,1789329.43,104.179391,1788622.74,0.0,0.0,1
11308051000100,2010-08-18,2290797.5,104.258495,2289980.85,500000.0,0.0,1
11308051000100,2010-08-19,2293270.42,104.3656244,2292333.89,0.0,0.0,1
11308051000100,2010-08-20,2295385.59,104.4564626,2294329.1,0.0,0.0,1
11308051000100,2010-08-23,2295897.22,104.4742936,2294720.75,0.0,0.0,1
11308051000100,2010-08-24,2297189.18,104.5276512,2295892.72,0.0,0.0,1
11308051000100,2010-08-25,2217067.45,104.5166448,2214145.96,120000.0,201505.01,2
11308051000100,2010-08-26,2216181.14,104.4692184,2213141.25,0.0,0.0,2
11308051000100,2010-08-27,2217203.92,104.5119107,2214045.67,0.0,0.0,2
11308051000100,2010-08-30,2218371.11,104.5614174,2215094.45,0.0,0.0,2
11308051000100,2010-08-31,2220273.88,104.6456464,2216878.81,0.0,0.0,2
11308051000100,2010-09-01,2218121.24,104.5383148,2214605.03,0.0,0.0,2
11308051000100,2010-09-02,2033749.01,104.5699604,1933136.89,0.0,282138.54,2
11308051000100,2010-09-03,1530687.27,104.5334365,1530217.3,0.0,402244.38,2
11308051000100,2010-09-06,1630855.6,104.53759079999999,1630278.12,100000.0,0.0,2
11308051000100,2010-09-08,1632335.86,104.62548740000001,1631648.88,0.0,0.0,2
11308051000100,2010-09-09,1633568.57,104.69750920000001,1632772.07,0.0,0.0,2
11308051000100,2010-09-10,1632609.95,104.62901550000001,1631703.9,0.0,0.0,2
11308051000100,2010-09-13,1632931.34,104.6426005,1631915.76,0.0,0.0,2
11308051000100,2010-09-14,1633961.55,104.7016375,1632836.45,0.0,0.0,2
11308051000100,2010-09-15,1635450.82,104.7901073,1634216.15,0.0,0.0,2
11308051000100,2010-09-16,1663647.97,104.6674787,1662303.74,30000.0,0.0,3
11308051000100,2010-09-17,1562333.35,104.5777683,1459850.17,0.0,201028.81,3
11308051000100,2010-09-20,1461676.87,104.5231387,1459087.57,0.0,0.0,3
11308051000100,2010-09-21,1462913.37,104.604116,1460217.97,0.0,0.0,3
11308051000100,2010-09-22,1460877.25,104.5581092,1459575.74,0.0,0.0,3
11308051000100,2010-09-23,1461135.16,104.5689828,1459727.53,0.0,0.0,3
11308051000100,2010-09-24,1310800.62,104.7265067,1311107.53,0.0,150818.95,3
11308051000100,2010-09-27,1312260.58,104.8348838,1312464.34,0.0,0.0,3
11308051000100,2010-09-28,1312816.62,104.8710574,1312917.21,0.0,0.0,3
11308051000100,2010-09-29,1312773.07,104.85933229999999,1312770.42,0.0,0.0,3
11308051000100,2010-09-30,1075490.79,104.89593970000001,1011483.22,0.0,301745.5,3
11308051000100,2010-10-01,1013901.15,104.9450669,1011956.94,0.0,0.0,3
11308051000100,2010-10-04,842554.53,104.9985113,809263.23,0.0,203209.06,3
11308051000100,2010-10-05,808092.92,105.0563455,809708.98,0.0,0.0,3
11308051000100,2010-10-06,809128.02,105.178627,810651.45,0.0,0.0,3
11308051000100,2010-10-07,810474.06,105.3412465,796878.36,0.0,15026.46,3
11308051000100,2010-10-08,795875.71,105.38212959999998,797187.63,0.0,0.0,3
11308051000100,2010-10-11,806413.07,105.4409513,807632.6,10000.0,0.0,3
11308051000100,2010-10-13,793106.16,105.6325077,794064.65,0.0,15035.19,3
11308051000100,2010-10-14,804000.23,105.73916,804866.38,10000.0,0.0,3
11308051000100,2010-10-15,805002.85,105.8585298,805775.0,0.0,0.0,3
11308051000100,2010-10-18,804339.14,105.7589845,805017.28,0.0,0.0,3
11308051000100,2010-10-19,803730.03,105.6666122,804314.16,0.0,0.0,3
11308051000100,2010-10-20,524614.21,105.7327226,744362.79,0.0,60454.59,3
11308051000100,2010-10-21,505173.31,105.79895659999998,744829.08,0.0,0.0,3
11308051000100,2010-10-22,505225.72,105.7932067,744788.6,0.0,0.0,3
11308051000100,2010-10-25,505298.56,105.7903701,503554.47,0.0,241214.16,3
11308051000100,2010-10-26,505224.34,105.7562875,503392.24,0.0,0.0,3
11308051000100,2010-10-27,504599.08,105.6064366,502678.96,0.0,0.0,3
11308051000100,2010-10-28,504895.3,105.6501768,502887.16,0.0,0.0,3
11308051000100,2010-10-29,505984.72,105.8605602,503888.57,0.0,0.0,3
11308051000100,2010-11-01,506538.37,105.95072749999999,504317.76,0.0,0.0,3
11308051000100,2010-11-03,506894.79,105.99945520000001,504549.7,0.0,0.0,3
11308051000100,2010-11-04,507678.89,106.1380372,505209.34,0.0,0.0,3
11308051000100,2010-11-05,508463.82,106.2767872,505869.78,0.0,0.0,3
11308051000100,2010-11-08,506210.7,106.0924125,504992.17,0.0,0.0,3
11308051000100,2010-11-09,506280.99,106.08102790000001,504937.98,0.0,0.0,3
11308051000100,2010-11-10,206410.49,106.0820825,504943.0,0.0,0.0,3
11308051000100,2010-11-11,246556.07,106.0865175,504964.11,0.0,0.0,3
11308051000100,2010-11-12,246359.56,106.0190774,504643.1,0.0,0.0,3
11308051000100,2010-11-16,246440.44,106.00991770000002,203480.16,0.0,301119.34,3
11308051000100,2010-11-17,206502.46,105.9805029,203423.7,0.0,0.0,3
11308051000100,2010-11-18,206664.44,106.0031501,203467.17,0.0,0.0,3
11308051000100,2010-11-19,204807.38,106.01588819999999,203491.62,0.0,0.0,3
11308051000100,2010-11-22,204852.3,105.9875571,203437.24,0.0,0.0,3
11308051000100,2010-11-23,204763.95,105.8912895,203252.46,0.0,0.0,3
11308051000100,2010-11-24,204966.71,105.94669109999998,203358.8,0.0,0.0,3
11308051000100,2010-11-25,205128.53,105.9807634,203424.2,0.0,0.0,3
11308051000100,2010-11-26,205054.71,105.8920711,203253.96,0.0,0.0,3
11308051000100,2010-11-29,205047.81,105.83824299999999,203150.64,0.0,0.0,3
11308051000100,2010-11-30,205118.32,105.82474429999999,202764.54,0.0,360.19,3
11308051000100,2010-12-01,244994.19,105.7155504,242555.32,40000.0,0.0,3
11308051000100,2010-12-02,244993.58,105.6778501,242468.82,0.0,0.0,3
11308051000100,2010-12-03,242956.38,105.6242068,242345.74,0.0,0.0,3
11308051000100,2010-12-06,263115.59,105.6561671,262419.07,20000.0,0.0,3
11308051000100,2010-12-07,261801.82,105.6964053,262519.01,0.0,0.0,3
11308051000100,2010-12-08,261788.49,105.6562959,262419.39,0.0,0.0,3
11308051000100,2010-12-09,262225.93,105.7976812,262770.55,0.0,0.0,3
11308051000100,2010-12-10,262388.56,105.8284216,262846.9,0.0,0.0,3
11308051000100,2010-12-13,262470.87,105.8268151,262842.91,0.0,0.0,3
11308051000100,2010-12-14,412645.72,105.8624675,412931.46,150000.0,0.0,3
11308051000100,2010-12-15,862918.94,105.909288,863114.09,450000.0,0.0,3
11308051000100,2010-12-16,1163552.58,105.974824,1163648.18,300000.0,0.0,3
11308051000100,2010-12-17,1164396.64,106.0286356,733765.02,0.0,430508.72,3
11308051000100,2010-12-20,727274.4,106.0978677,734222.25,0.0,0.0,3
11308051000100,2010-12-21,1077185.77,106.0710478,1074022.29,350000.0,10014.36,3
11308051000100,2010-12-22,1367366.53,106.0780963,1374093.66,300000.0,0.0,3
11308051000100,2010-12-23,1367774.8,106.1011478,1194142.1,0.0,180250.16,3
11308051000100,2010-12-24,1188218.29,106.1311254,1194479.49,0.0,0.0,3
11308051000100,2010-12-27,1188751.53,106.1690765,1194906.62,0.0,0.0,3
11308051000100,2010-12-28,1589239.39,106.2029946,1595288.36,400000.0,0.0,3
11308051000100,2010-12-29,1739705.78,106.22644950000002,1745640.68,150000.0,0.0,3
11308051000100,2010-12-30,1739979.85,106.236004,1745797.69,0.0,0.0,3
11308051000100,2010-12-31,1740659.78,106.2702572,1746360.58,0.0,0.0,3
11308051000100,2011-01-03,1941618.46,106.32107260000001,1947195.64,200000.0,0.0,3
11308051000100,2011-01-04,1942185.21,106.34505109999999,1947634.79,0.0,0.0,3
11308051000100,2011-01-05,1942577.64,106.3595114,1947899.62,0.0,0.0,3
11308051000100,2011-01-06,1962055.81,106.43325530000001,1967250.19,18000.0,0.0,3
11308051000100,2011-01-07,1963038.04,106.479472,1968104.43,0.0,0.0,3
11308051000100,2011-01-10,1964246.03,106.5379011,1969184.4,0.0,0.0,3
11308051000100,2011-01-11,1965552.22,106.60164209999999,1960337.95,0.0,10024.6,3
11308051000100,2011-01-12,1956436.47,106.6338628,1960930.47,0.0,0.0,3
11308051000100,2011-01-13,1957554.96,106.6877325,1961921.1,0.0,0.0,3
11308051000100,2011-01-14,1958757.52,106.74617109999998,1946951.53,0.0,16044.22,3
11308051000100,2011-01-17,2093438.03,106.77648629999999,2097504.45,150000.0,0.0,3
11308051000100,2011-01-18,2094595.58,106.8287657,2098531.42,0.0,0.0,3
11308051000100,2011-01-19,1994767.19,106.8308532,1848153.32,0.0,250419.11,3
11308051000100,2011-01-20,1845833.39,106.885222,1849093.89,0.0,0.0,3
11308051000100,2011-01-21,1846563.9,106.9201848,1849698.74,0.0,0.0,3
11308051000100,2011-01-24,1846997.89,106.9378457,1850004.27,0.0,0.0,3
11308051000100,2011-01-25,1847615.84,106.96630149999999,1850496.55,0.0,0.0,3
11308051000100,2011-01-26,1828510.99,107.0887092,1844585.61,0.0,8028.57,3
11308051000100,2011-01-27,1749748.79,107.03917609999999,1723487.72,0.0,120244.69,3
11308051000100,2011-01-28,1340242.63,107.0643452,1353132.36,0.0,370760.61,3
11308051000100,2011-01-31,1190299.15,107.0623892,1252926.71,0.0,100180.93,3
11308051000100,2011-02-01,775487.16,107.12551299999998,933046.53,0.0,320618.77,3
11308051000100,2011-02-02,801563.24,107.1682887,933419.1,0.0,0.0,3
11308051000100,2011-02-03,968398.39,107.1409231,1070180.75,137000.0,0.0,3
11308051000100,2011-02-04,968187.89,107.1122182,1069894.03,0.0,0.0,3
11308051000100,2011-02-07,1118156.21,107.1014148,1119786.12,50000.0,0.0,3
11308051000100,2011-02-08,1551125.17,107.0910616,1547660.76,433000.0,5017.11,3
11308051000100,2011-02-09,1546848.13,107.1351585,1448106.84,0.0,100191.2,3
11308051000100,2011-02-10,1447698.9,107.1919075,1428813.26,0.0,20060.63,3
11308051000100,2011-02-11,1548334.6,107.2333465,1549365.62,120000.0,0.0,3
11308051000100,2011-02-14,1549740.84,107.3247405,1484437.63,0.0,66248.5,3
11308051000100,2011-02-15,1854844.25,107.3983244,1855455.39,370000.0,0.0,3
11308051000100,2011-02-16,1855774.08,107.4467613,1801161.9,0.0,55130.3,3
11308051000100,2011-02-17,1340546.22,107.4396994,1225852.36,0.0,575191.16,3
11308051000100,2011-02-18,1217325.24,107.5009203,1246550.87,20000.0,0.0,3
11308051000100,2011-02-21,1217409.28,107.5011868,1246553.96,0.0,0.0,3
11308051000100,2011-02-22,1447840.48,107.5313936,1446904.23,200000.0,0.0,3
11308051000100,2011-02-23,1647344.35,107.488211,1646323.18,200000.0,0.0,3
11308051000100,2011-02-24,1696925.66,107.45507240000002,1485417.74,50000.0,210397.88,3
11308051000100,2011-02-25,1487481.08,107.4890529,1415776.36,0.0,70111.11,3
11308051000100,2011-02-28,1420547.97,107.7154989,1418758.96,0.0,0.0,3
11308051000100,2011-03-01,1721526.32,107.7842572,1719664.6,300000.0,0.0,3
11308051000100,2011-03-02,1921935.48,107.80497140000001,1919995.09,200000.0,0.0,3
11308051000100,2011-03-03,1923027.57,107.8616496,1499976.16,0.0,421028.36,3
11308051000100,2011-03-04,1501888.7,107.8822736,1450164.82,0.0,50098.15,3
11308051000100,2011-03-09,1452840.8,107.947648,1451043.59,0.0,0.0,3
11308051000100,2011-03-10,1792672.35,107.9296598,1790801.79,340000.0,0.0,3
11308051000100,2011-03-11,1963719.11,107.98791990000001,1961768.46,170000.0,0.0,3
11308051000100,2011-03-14,2103062.2,108.00220990000001,2090985.65,139000.0,10042.41,3
11308051000100,2011-03-15,2643371.92,108.0137633,2641209.33,550000.0,0.0,3
11308051000100,2011-03-16,2875155.39,108.0827341,2852799.9,230000.0,20095.94,3
11308051000100,2011-03-17,2856933.43,108.14626559999999,2734169.51,0.0,120307.28,3
11308051000100,2011-03-18,2737033.41,108.18586499999999,2574853.29,0.0,160317.38,3
11308051000100,2011-03-21,2577856.9,108.2164466,2575581.14,0.0,0.0,3
11308051000100,2011-03-22,2729481.34,108.28067990000001,2727109.91,150000.0,0.0,4
11308051000100,2011-03-23,2831759.19,108.36720490000002,2829289.09,100000.0,0.0,4
11308051000100,2011-03-24,2887763.98,108.4018331,2574550.98,55000.0,310642.2,4
11308051000100,2011-03-25,2628961.15,108.44821329999999,2617607.41,50000.0,8045.1,4
11308051000100,2011-03-28,2872671.08,108.51505859999999,2869220.85,250000.0,0.0,4
11308051000100,2011-03-29,3203933.41,108.5589608,3200381.66,330000.0,0.0,4
11308051000100,2011-03-30,3204939.52,108.58942309999999,2900753.78,0.0,300525.93,4
11308051000100,2011-03-31,2907280.79,108.67324620000001,2902992.95,0.0,0.0,4
11308051000100,2011-04-01,2908743.14,108.7240128,2904349.08,0.0,0.0,4
11308051000100,2011-04-04,2910129.78,108.77194409999998,2905629.47,0.0,0.0,4
11308051000100,2011-04-05,2910763.56,108.8291267,2907156.99,0.0,0.0,4
11308051000100,2011-04-06,3172243.73,108.8805581,3168530.88,260000.0,0.0,4
11308051000100,2011-04-07,3221191.19,108.9092848,3048986.17,50000.0,170380.69,4
11308051000100,2011-04-08,3051779.81,108.9264125,3037392.06,0.0,12073.61,4
11308051000100,2011-04-11,3090708.75,108.9558213,3088212.12,50000.0,0.0,4
11308051000100,2011-04-12,3760825.45,108.9560616,3758218.93,670000.0,0.0,4
11308051000100,2011-04-13,3762024.75,108.9872601,3759295.06,0.0,0.0,4
11308051000100,2011-04-14,3914404.44,109.0526789,3873308.7,150000.0,38242.85,4
11308051000100,2011-04-15,4077708.94,109.0858575,4074487.13,200000.0,0.0,4
11308051000100,2011-04-18,4091838.32,109.0858393,4088486.45,14000.0,0.0,4
11308051000100,2011-04-19,4142323.94,109.1219998,3418152.39,50000.0,721689.34,4
11308051000100,2011-04-20,2674916.63,109.2010327,2518741.6,0.0,901886.43,4
11308051000100,2011-04-25,2524956.25,109.1984496,2518682.02,0.0,0.0,4
11308051000100,2011-04-26,2522373.28,109.238243,2508519.48,0.0,11080.38,4
11308051000100,2011-04-27,3312283.55,109.2735721,3309330.77,800000.0,0.0,4
11308051000100,2011-04-28,3313464.58,109.3087759,3307374.56,0.0,3022.35,4
11308051000100,2011-04-29,3308952.69,109.4202625,3310747.83,0.0,0.0,4
11308051000100,2011-05-02,3310712.6,109.47482179999999,3312398.64,0.0,0.0,4
11308051000100,2011-05-03,3316484.65,109.49673119999999,3313061.56,0.0,0.0,4
11308051000100,2011-05-04,3176599.74,109.5151947,3313620.21,0.0,0.0,4
11308051000100,2011-05-05,3317180.78,109.51254640000002,3313540.08,0.0,0.0,4
11308051000100,2011-05-06,3417155.08,109.57418929999999,3415405.22,100000.0,0.0,4
11308051000100,2011-05-09,3329445.07,109.6440906,3417584.03,0.0,0.0,4
11308051000100,2011-05-10,3421487.97,109.7060628,3419515.69,0.0,0.0,4
11308051000100,2011-05-11,3691918.71,109.71631210000001,3689835.16,270000.0,0.0,4
11308051000100,2011-05-12,3743858.96,109.77044779999999,3741655.78,50000.0,0.0,4
11308051000100,2011-05-13,3745258.27,109.80804840000002,3742937.44,0.0,0.0,4
11308051000100,2011-05-16,3746294.57,109.834998,3743856.05,0.0,0.0,4
11308051000100,2011-05-17,4016868.06,109.84836999999999,3999191.89,270000.0,15119.96,4
11308051000100,2011-05-18,4183886.23,109.9004322,4181087.29,180000.0,0.0,4
11308051000100,2011-05-19,4185500.35,109.9395376,3949903.5,0.0,232671.53,4
11308051000100,2011-05-20,3955421.13,109.9896094,3951702.48,0.0,0.0,4
11308051000100,2011-05-23,3966339.89,110.0114314,3962486.5,10000.0,0.0,4
11308051000100,2011-05-24,3967763.29,110.0753247,3403359.79,0.0,561428.07,4
11308051000100,2011-05-25,3409209.4,110.11878349999999,3393662.01,0.0,11041.46,4
11308051000100,2011-05-26,3401299.44,110.21545619999999,3387605.61,0.0,9035.68,4
11308051000100,2011-05-27,3393859.57,110.26261559999999,3389055.11,0.0,0.0,4
11308051000100,2011-05-30,3575149.6,110.30098629999999,3570234.48,180000.0,0.0,4
11308051000100,2011-05-31,4076760.95,110.34723829999999,4065322.08,500000.0,6409.49,4
11308051000100,2011-06-01,4077880.46,110.37421,4066315.75,0.0,0.0,4
11308051000100,2011-06-02,4078609.6,110.3905858,3806651.08,0.0,260267.97,4
11308051000100,2011-06-03,3821810.94,110.4219236,3817731.72,10000.0,0.0,4
11308051000100,2011-06-06,3822664.07,110.4431021,3818463.94,0.0,0.0,4
11308051000100,2011-06-07,3822364.79,110.5032567,3820543.73,0.0,0.0,4
11308051000100,2011-06-08,3823562.21,110.5343914,3821620.18,0.0,0.0,4
11308051000100,2011-06-09,4124724.77,110.5645169,4122661.74,300000.0,0.0,4
11308051000100,2011-06-10,4108361.05,110.5893387,4123587.28,0.0,0.0,4
11308051000100,2011-06-13,4128392.1,110.6557263,4126062.7,0.0,0.0,4
11308051000100,2011-06-14,4300520.23,110.7055447,4297920.3,170000.0,0.0,4
11308051000100,2011-06-15,4371866.55,110.736538,4369123.55,70000.0,0.0,4
11308051000100,2011-06-16,4373524.78,110.7749043,4355595.83,0.0,15041.47,4
11308051000100,2011-06-17,4255160.95,110.8236195,4357511.28,0.0,0.0,4
11308051000100,2011-06-20,4361336.46,110.8498471,4278390.45,0.0,80152.08,4
11308051000100,2011-06-21,4280378.56,110.8990593,4160051.4,0.0,120238.46,4
11308051000100,2011-06-22,4162997.96,110.96122040000002,3811674.83,0.0,350708.36,4
11308051000100,2011-06-24,3816327.61,111.0542652,3813867.8,0.0,1003.25,4
11308051000100,2011-06-27,4216017.59,111.0704703,4214424.32,400000.0,0.0,4
11308051000100,2011-06-28,4748716.27,111.137867,4746981.6,530000.0,0.0,4
11308051000100,2011-06-29,4757193.21,111.1922994,4755306.55,6000.0,0.0,4
11308051000100,2011-06-30,4772368.66,111.23961,4770329.86,13000.0,0.0,4
11308051000100,2011-07-01,4774314.47,111.28137779999999,4768607.76,0.0,3513.24,4
11308051000100,2011-07-04,4774387.69,111.36115459999999,4471192.23,0.0,300834.11,4
11308051000100,2011-07-05,4475615.74,111.3880368,4472271.56,0.0,0.0,4
11308051000100,2011-07-06,4489784.44,111.4258932,4488791.51,15000.0,0.0,4
11308051000100,2011-07-07,4490730.5,111.445677,4489588.5,0.0,0.0,4
11308051000100,2011-07-08,4559881.23,111.4705403,4552558.1,70000.0,8032.02,4
11308051000100,2011-07-11,4381988.14,111.46947720000001,4622514.68,70000.0,0.0,4
11308051000100,2011-07-12,5023296.15,111.49736000000001,5021662.85,400000.0,2008.1,4
11308051000100,2011-07-13,5024229.81,111.5589521,5024436.86,0.0,0.0,4
11308051000100,2011-07-14,5175847.76,111.5913298,5175895.1,150000.0,0.0,4
11308051000100,2011-07-15,4932739.5,111.6177175,5151008.15,0.0,26110.88,4
11308051000100,2011-07-18,5150337.97,111.594797,5149950.4,0.0,0.0,4
11308051000100,2011-07-19,5238238.02,111.65412420000001,5222627.65,85000.0,15060.62,4
11308051000100,2011-07-20,5226368.04,111.71754240000001,5225594.04,0.0,0.0,4
11308051000100,2011-07-21,5329139.62,111.7732961,5328201.92,100000.0,0.0,4
11308051000100,2011-07-22,5332879.07,111.84826409999998,5189240.66,0.0,142534.97,4
11308051000100,2011-07-25,5198904.16,111.9099539,5197102.78,5000.0,0.0,4
11308051000100,2011-07-26,5340848.47,111.9483081,5338883.95,140000.0,0.0,4
11308051000100,2011-07-27,5462810.97,111.9859199,5460677.68,120000.0,0.0,4
11308051000100,2011-07-28,5194809.89,112.0234604,5111083.1,0.0,351425.13,4
11308051000100,2011-07-29,5117293.25,112.0743524,5113405.05,0.0,0.0,4
11308051000100,2011-08-01,5300366.11,112.1382369,5296319.79,180000.0,0.0,4
11308051000100,2011-08-02,5921196.7,112.15239840000002,5916988.64,620000.0,0.0,4
11308051000100,2011-08-03,5919168.09,112.1485572,5685795.59,0.0,230990.4,4
11308051000100,2011-08-04,5686644.02,112.0954287,5502347.39,0.0,180754.65,4
11308051000100,2011-08-05,5506381.28,112.1437407,5504718.84,0.0,0.0,4
11308051000100,2011-08-08,5501168.2,112.0341592,5489288.73,0.0,10051.16,4
11308051000100,2011-08-09,5175459.01,112.2224356,5718513.63,220000.0,0.0,4
11308051000100,2011-08-10,5163966.99,112.2502907,5789933.04,70000.0,0.0,4
11308051000100,2011-08-11,5587744.61,112.2949992,5892239.13,100000.0,0.0,4
11308051000100,2011-08-12,5590813.4,112.3501769,5844902.0,0.0,50232.36,4
11308051000100,2011-08-15,5849312.31,112.4160211,5848327.48,0.0,0.0,4
11308051000100,2011-08-16,5852898.17,112.4816126,5851739.81,0.0,0.0,4
11308051000100,2011-08-17,5857355.78,112.5639601,5655048.23,0.0,200975.62,4
11308051000100,2011-08-18,5566806.43,112.6491729,5448304.44,5000.0,216024.75,4
11308051000100,2011-08-19,5455262.62,112.7172104,5451595.09,0.0,0.0,4
11308051000100,2011-08-22,5417318.18,112.7562862,5446441.18,0.0,7043.82,4
11308051000100,2011-08-23,5683420.7,112.8170899,5679378.17,230000.0,0.0,4
11308051000100,2011-08-24,5483974.49,112.864439,5129045.05,0.0,552716.74,4
11308051000100,2011-08-25,5037054.96,112.9287207,5031493.02,0.0,100473.27,4
11308051000100,2011-08-26,5043822.32,113.0770788,5038103.05,0.0,0.0,4
11308051000100,2011-08-29,5049071.32,113.191356,5043194.63,0.0,0.0,4
11308051000100,2011-08-30,5481994.43,113.2534274,5575960.19,530000.0,0.0,4
11308051000100,2011-08-31,5594945.73,113.3505792,5588743.4,8000.0,0.0,4
11308051000100,2011-09-01,5606894.89,113.58945940000001,5600521.37,0.0,0.0,4
11308051000100,2011-09-02,5607194.36,113.59203459999999,5278792.03,0.0,321856.32,4
11308051000100,2011-09-05,5293422.19,113.647171,5288354.3,7000.0,0.0,4
11308051000100,2011-09-06,5840990.47,113.69880090000001,5835756.8,545000.0,0.0,4
11308051000100,2011-09-08,5838626.98,113.7116578,5836416.7,0.0,0.0,4
11308051000100,2011-09-09,6091902.55,113.7720345,6079435.46,250000.0,10080.16,4
11308051000100,2011-09-12,6094191.45,113.811474,6091542.92,10000.0,0.0,4
11308051000100,2011-09-13,6665634.36,113.83503780000001,6662804.13,570000.0,0.0,4
11308051000100,2011-09-14,6599705.65,113.85907490000001,6292160.8,0.0,372050.23,4
11308051000100,2011-09-15,6233083.92,113.9168459,6071054.46,0.0,224298.92,4
11308051000100,2011-09-16,6012768.82,113.96382369999999,6073558.08,0.0,0.0,4
11308051000100,2011-09-19,6014073.11,113.98489450000001,6074681.02,0.0,0.0,4
11308051000100,2011-09-20,6083212.08,114.04752109999998,6078018.63,0.0,0.0,4
11308051000100,2011-09-21,6083227.0,114.04439679999999,6077852.12,0.0,0.0,4
11308051000100,2011-09-22,6085959.09,114.0930617,6075402.8,0.0,5042.82,4
11308051000100,2011-09-23,6091437.18,114.16167959999999,5787258.09,10000.0,301798.59,4
11308051000100,2011-09-26,5794800.0,114.2245507,5788427.67,0.0,2017.57,4
11308051000100,2011-09-27,6169354.82,114.27149890000001,6164806.81,374000.0,0.0,4
11308051000100,2011-09-28,6173536.93,114.345624,6268805.77,100000.0,0.0,4
11308051000100,2011-09-29,6275058.31,114.3699961,6018657.31,0.0,251484.62,4
11308051000100,2011-09-30,6247049.26,114.48041470000001,6149665.38,216000.0,90802.64,4
11308051000100,2011-10-03,6161294.44,114.555928,6153721.81,0.0,0.0,4
11308051000100,2011-10-04,6462959.46,114.5834083,6455198.0,300000.0,0.0,4
11308051000100,2011-10-05,6470133.75,114.6096701,6466677.49,10000.0,0.0,4
11308051000100,2011-10-06,6471025.75,114.6220222,6467374.44,0.0,0.0,4
11308051000100,2011-10-07,6468978.02,114.65316570000002,6227636.06,0.0,241495.6,4
11308051000100,2011-10-10,6230978.68,114.6864954,6229446.44,0.0,0.0,4
11308051000100,2011-10-11,6453209.45,114.7240607,6451486.88,220000.0,0.0,4
11308051000100,2011-10-13,6456171.53,114.7722524,6454196.93,0.0,0.0,4
11308051000100,2011-10-14,6455748.46,114.7808263,6454679.08,0.0,0.0,4
11308051000100,2011-10-17,6928164.02,114.8203148,6926899.71,470000.0,0.0,4
11308051000100,2011-10-18,7432594.64,114.8903703,7431126.03,500000.0,0.0,4
11308051000100,2011-10-19,7507517.37,114.96316570000002,7505834.45,70000.0,0.0,4
11308051000100,2011-10-20,7509007.24,114.98268059999998,7507108.56,0.0,0.0,4
11308051000100,2011-10-21,7511677.14,115.0202687,7509562.65,0.0,0.0,4
11308051000100,2011-10-24,7515426.61,115.0743914,6959408.75,0.0,553687.51,4
11308051000100,2011-10-25,6977065.06,115.09809479999998,6871199.88,10000.0,99642.39,4
11308051000100,2011-10-26,6883801.32,115.1907176,6876729.34,0.0,0.0,4
11308051000100,2011-10-27,6888168.77,115.2604706,6880893.49,0.0,0.0,4
11308051000100,2011-10-28,7141266.82,115.30895859999998,7133788.16,250000.0,0.0,4
11308051000100,2011-10-31,7145048.18,115.3667112,7036702.44,0.0,100658.69,4
11308051000100,2011-11-01,7056210.71,115.38238570000001,6947021.85,10000.0,100636.64,4
11308051000100,2011-11-03,6958788.01,115.4217919,6476377.93,0.0,473016.52,4
11308051000100,2011-11-04,6487335.28,115.4726189,6475190.38,0.0,4039.48,4
11308051000100,2011-11-07,6486296.3,115.52193929999999,6477956.05,0.0,0.0,4
11308051000100,2011-11-08,6484500.35,115.56667649999999,6480464.71,0.0,0.0,4
11308051000100,2011-11-09,6208395.68,115.63265729999999,6484164.62,0.0,0.0,4
11308051000100,2011-11-10,6490222.02,115.66174,6485795.45,0.0,0.0,4
11308051000100,2011-11-11,6512850.87,115.70513340000001,6508228.76,20000.0,0.0,4
11308051000100,2011-11-14,6550470.7,115.7482251,6545652.6,35000.0,0.0,4
11308051000100,2011-11-16,7150667.76,115.81012220000001,7149152.93,600000.0,0.0,4
11308051000100,2011-11-17,7302873.31,115.84246929999999,7301149.77,150000.0,0.0,4
11308051000100,2011-11-18,7304219.27,115.8604655,7226471.34,0.0,75812.67,4
11308051000100,2011-11-21,7230288.83,115.87424320000001,7227330.69,0.0,0.0,4
11308051000100,2011-11-22,7231713.29,115.8937096,7228544.85,0.0,0.0,4
11308051000100,2011-11-23,7236126.33,115.9610916,7232747.61,0.0,0.0,4
11308051000100,2011-11-24,7243743.86,116.0798488,7231052.24,0.0,9102.52,4
11308051000100,2011-11-25,7238318.23,116.13385179999999,7234416.29,0.0,0.0,4
11308051000100,2011-11-28,7241486.34,116.18133200000001,7237374.01,0.0,0.0,4
11308051000100,2011-11-29,7245295.64,116.239104,7240972.85,0.0,0.0,4
11308051000100,2011-11-30,7252400.26,116.349775,7222958.24,0.0,24908.72,4
11308051000100,2011-12-01,7253578.31,116.3654253,7223929.81,0.0,0.0,4
11308051000100,2011-12-02,7254483.08,116.3766731,6823524.92,0.0,401103.15,4
11308051000100,2011-12-05,6863820.6,116.3790432,6858663.89,35000.0,0.0,4
11308051000100,2011-12-06,6916934.83,116.4285053,6911578.88,50000.0,0.0,4
11308051000100,2011-12-07,6946470.29,116.4712112,6944114.04,30000.0,0.0,4
11308051000100,2011-12-08,6947935.62,116.4924182,6945378.42,0.0,0.0,4
11308051000100,2011-12-09,6675434.35,116.5225803,6947176.71,0.0,0.0,4
11308051000100,2011-12-12,6954269.7,116.5932357,6951389.25,0.0,0.0,4
11308051000100,2011-12-13,7157827.94,116.649544,7124665.31,200000.0,30081.09,4
11308051000100,2011-12-14,7128522.08,116.6755703,7119226.87,0.0,7028.06,4
11308051000100,2011-12-15,7123277.04,116.7009845,7018437.67,0.0,102339.91,4
11308051000100,2011-12-16,7023700.04,116.737911,6950421.67,0.0,70236.77,4
11308051000100,2011-12-19,6956444.19,116.780627,6902794.04,0.0,50170.88,4
11308051000100,2011-12-20,6909308.16,116.8256971,6804134.63,0.0,101323.46,4
11308051000100,2011-12-21,6811233.98,116.8725333,6798827.72,0.0,8034.73,4
11308051000100,2011-12-22,6802202.85,116.8514057,6396373.66,0.0,401225.01,4
11308051000100,2011-12-23,6181768.73,116.861928,6387905.76,0.0,9043.88,4
11308051000100,2011-12-26,6402172.44,116.9024313,6396116.41,7000.0,1003.34,4
11308051000100,2011-12-27,6524281.26,116.9557805,6519035.32,120000.0,0.0,4
11308051000100,2011-12-28,6526962.02,117.0004249,6521523.77,0.0,0.0,4
11308051000100,2011-12-29,6634302.21,117.0748392,6427992.29,103000.0,200679.28,4
11308051000100,2011-12-30,6636694.15,117.1149341,6430193.7,0.0,0.0,4
11308051000100,2012-01-02,6472227.89,117.1211878,6465537.06,35000.0,0.0,4
11308051000100,2012-01-03,6796198.21,117.09907369999999,6789316.28,325000.0,0.0,4
11308051000100,2012-01-04,6798262.87,117.16577279999998,6793183.44,0.0,0.0,4
11308051000100,2012-01-05,6800688.52,117.204201,6795411.48,0.0,0.0,4
11308051000100,2012-01-06,6800181.56,117.25759040000001,6798506.96,0.0,0.0,4
11308051000100,2012-01-09,6801251.09,117.27262730000001,6598660.7,0.0,200718.08,4
11308051000100,2012-01-10,6619756.28,117.331479,6617972.15,16000.0,0.0,4
11308051000100,2012-01-11,6622097.87,117.3695519,6620119.62,0.0,0.0,4
11308051000100,2012-01-12,6623082.65,117.383569,6620910.24,0.0,0.0,4
11308051000100,2012-01-13,6626730.56,117.444801,6624363.97,0.0,0.0,4
11308051000100,2012-01-16,7029881.2,117.4972153,7002212.21,400000.0,25108.14,4
11308051000100,2012-01-17,7022968.09,117.5456283,7020097.37,15000.0,0.0,4
11308051000100,2012-01-18,7034314.3,117.6150176,7016157.81,7000.0,15083.65,4
11308051000100,2012-01-19,7023731.86,117.685685,6819519.89,0.0,200853.48,4
11308051000100,2012-01-20,6826486.85,117.7470663,6516735.16,0.0,306341.59,4
11308051000100,2012-01-23,6523644.24,117.78257579999999,6518700.44,0.0,0.0,4
11308051000100,2012-01-24,6525547.8,117.81349809999999,6520411.84,0.0,0.0,4
11308051000100,2012-01-25,6476119.1,117.8528715,6221236.53,0.0,301354.44,4
11308051000100,2012-01-26,6074172.26,118.0018993,6218028.97,0.0,11074.46,4
11308051000100,2012-01-27,6227749.04,118.0852216,6222419.58,0.0,0.0,4
11308051000100,2012-01-30,6831616.74,118.155084,6826101.0,600000.0,0.0,4
11308051000100,2012-01-31,6834539.64,118.20224579999999,6828825.65,0.0,0.0,4
11308051000100,2012-02-01,6839171.62,118.2788992,6833254.1,0.0,0.0,4
11308051000100,2012-02-02,6842038.6,118.3250001,6835917.46,0.0,0.0,4
11308051000100,2012-02-03,6841617.65,118.3401527,6836792.86,0.0,0.0,4
11308051000100,2012-02-06,6887236.45,118.3819565,6882207.97,43000.0,0.0,4
11308051000100,2012-02-07,6887148.77,118.4405737,6885615.71,0.0,0.0,4
11308051000100,2012-02-08,7290622.69,118.4968087,7288884.97,400000.0,0.0,4
11308051000100,2012-02-09,7294985.78,118.5642834,7288009.1,0.0,5026.32,4
11308051000100,2012-02-10,7294069.73,118.6272633,7291880.4,0.0,0.0,4
11308051000100,2012-02-13,7298145.45,118.6901086,7295743.43,0.0,0.0,4
11308051000100,2012-02-14,7301244.53,118.7370636,7298629.7,0.0,0.0,4
11308051000100,2012-02-15,7304066.6,118.77950420000002,6993023.39,0.0,308215.09,4
11308051000100,2012-02-16,7002975.38,118.8593617,6997724.92,0.0,0.0,4
11308051000100,2012-02-17,7006649.21,118.918242,6427527.08,0.0,573664.35,4
11308051000100,2012-02-22,6437054.9,118.9406226,6428736.75,0.0,0.0,4
11308051000100,2012-02-23,6441377.2,119.0169642,6429839.9,0.0,3023.11,4
11308051000100,2012-02-24,6013698.81,119.0192881,6239502.19,0.0,190463.26,4
11308051000100,2012-02-27,6232743.01,118.9973882,6238354.1,0.0,0.0,4
11308051000100,2012-02-28,6251703.69,119.1455715,6246122.51,0.0,0.0,4
11308051000100,2012-02-29,6255760.21,119.2192797,6249986.61,0.0,0.0,4
11308051000100,2012-03-01,6259427.15,119.2858966,6253478.95,0.0,0.0,4
11308051000100,2012-03-02,6265479.37,119.39801159999999,6138504.11,0.0,120852.39,4
11308051000100,2012-03-05,6143854.92,119.3922378,6138207.27,0.0,0.0,4
11308051000100,2012-03-06,6144399.51,119.39947759999998,6138579.48,0.0,0.0,4
11308051000100,2012-03-07,6147993.89,119.5321696,6145401.46,0.0,0.0,4
11308051000100,2012-03-08,6160103.82,119.76436029999999,6157338.87,0.0,0.0,4
11308051000100,2012-03-09,6166222.61,119.88001409999998,6163284.88,0.0,0.0,4
11308051000100,2012-03-12,6165958.59,119.87151609999998,6162847.98,0.0,0.0,4
11308051000100,2012-03-13,6167450.52,119.8971727,6164167.04,0.0,0.0,4
11308051000100,2012-03-14,6166882.92,119.9022202,6164426.54,0.0,0.0,4
11308051000100,2012-03-15,6165770.84,119.8772263,6163141.55,0.0,0.0,4
11308051000100,2012-03-16,6165660.92,119.8715187,6160829.93,0.0,2018.18,4
11308051000100,2012-03-19,6164054.3,119.87560239999999,6003867.64,0.0,157172.18,4
11308051000100,2012-03-20,6011501.31,119.94082579999998,6007134.3,0.0,0.0,4
11308051000100,2012-03-21,6017684.17,120.06067250000001,6007095.6,0.0,6041.12,4
11308051000100,2012-03-22,5863959.5,120.1023145,5555431.79,0.0,453747.32,4
11308051000100,2012-03-23,5566224.96,120.1692027,5558525.76,0.0,0.0,4
11308051000100,2012-03-26,5569387.25,120.23385990000001,5552429.66,0.0,9086.87,4
11308051000100,2012-03-27,6014608.11,120.3215476,6006479.1,450000.0,0.0,4
11308051000100,2012-03-28,6017548.76,120.3768406,6009239.34,0.0,0.0,4
11308051000100,2012-03-29,6017468.58,120.37161909999999,6008978.68,0.0,0.0,4
11308051000100,2012-03-30,6018989.52,120.3984713,6010319.15,0.0,0.0,4
11308051000100,2012-04-02,6024470.49,120.504573,6015615.77,0.0,0.0,4
11308051000100,2012-04-03,6027008.89,120.551727,5917193.19,0.0,100776.52,4
11308051000100,2012-04-04,5927726.39,120.6441192,5669701.15,0.0,252027.04,4
11308051000100,2012-04-05,5682879.17,120.7499848,5674676.33,0.0,0.0,4
11308051000100,2012-04-09,5881914.25,120.8129143,5857421.89,200000.0,20211.83,4
11308051000100,2012-04-10,6014721.95,120.8681165,6010098.28,150000.0,0.0,4
11308051000100,2012-04-11,6216102.15,120.8921658,6211294.12,200000.0,0.0,4
11308051000100,2012-04-12,6234885.85,120.9621433,6229889.48,15000.0,0.0,4
11308051000100,2012-04-13,6235432.51,121.02734270000002,6233247.43,0.0,0.0,4
11308051000100,2012-04-16,6236295.98,121.0404455,6233922.26,0.0,0.0,4
11308051000100,2012-04-17,6238455.78,121.0787182,6235893.41,0.0,0.0,4
11308051000100,2012-04-18,6242121.61,121.1462318,6239370.55,0.0,0.0,4
11308051000100,2012-04-19,6248790.25,121.272048,6020911.72,0.0,224938.72,4
11308051000100,2012-04-20,6027499.59,121.3128334,6022936.63,0.0,0.0,4
11308051000100,2012-04-23,6029428.34,121.3479659,6024680.89,0.0,0.0,4
11308051000100,2012-04-24,6034221.17,121.4407861,5474287.49,0.0,555001.73,4
11308051000100,2012-04-25,5024404.04,121.4742679,5253790.07,0.0,222006.71,4
11308051000100,2012-04-26,5176457.77,121.5178407,5255674.6,0.0,0.0,4
11308051000100,2012-04-27,5181385.91,121.6278727,5260433.51,0.0,0.0,4
11308051000100,2012-04-30,5184500.88,121.6959796,5263379.15,0.0,0.0,4
11308051000100,2012-05-02,5192026.17,121.86614240000002,5270738.73,0.0,0.0,4
11308051000100,2012-05-03,5194309.22,121.915095,5272855.94,0.0,0.0,4
11308051000100,2012-05-04,5199999.99,122.20468600000001,5133838.07,0.0,151542.75,4
11308051000100,2012-05-07,5056671.13,122.35960120000001,5140346.08,0.0,0.0,4
11308051000100,2012-05-08,5549141.82,122.2502807,5635753.51,500000.0,0.0,4
11308051000100,2012-05-09,5580885.85,122.1758981,5667324.46,35000.0,0.0,4
11308051000100,2012-05-10,5588162.17,122.32901509999998,5669378.69,0.0,5048.35,4
11308051000100,2012-05-11,5585889.97,122.384124,5671932.73,0.0,0.0,4
11308051000100,2012-05-14,5589919.92,122.4673285,5675788.87,0.0,0.0,4
11308051000100,2012-05-15,5591832.96,122.5393781,5661957.21,0.0,17170.82,4
11308051000100,2012-05-16,5577779.69,122.5993953,5664730.32,0.0,0.0,4
11308051000100,2012-05-17,5595478.5,122.6540459,5581156.12,15000.0,101099.34,4
11308051000100,2012-05-18,5500820.78,122.76767,5499716.4,0.0,86609.99,4
11308051000100,2012-05-21,5412332.55,122.7083226,5497057.77,0.0,0.0,4
11308051000100,2012-05-22,5407894.86,122.6054585,5492449.69,0.0,0.0,4
11308051000100,2012-05-23,5410583.77,122.6951655,5445916.88,0.0,50551.48,4
11308051000100,2012-05-24,5355321.95,122.57280300000001,5440485.73,0.0,0.0,4
11308051000100,2012-05-25,5449365.11,122.66008190000001,5444359.67,0.0,0.0,4
11308051000100,2012-05-28,5451769.86,122.71044599999999,5446595.12,0.0,0.0,4
11308051000100,2012-05-29,5757510.29,122.83596159999999,5752166.22,300000.0,0.0,4
11308051000100,2012-05-30,5760150.14,122.88858880000001,5754630.65,0.0,0.0,4
11308051000100,2012-05-31,5793610.52,122.95873759999999,5756573.73,30000.0,31341.85,4
11308051000100,2012-06-01,5845551.11,122.9963611,5697979.82,50000.0,110355.33,4
11308051000100,2012-06-04,5729160.74,122.8545761,5571054.08,0.0,120357.35,4
11308051000100,2012-06-05,5617628.18,122.9271706,5460902.09,37000.0,150443.92,4
11308051000100,2012-06-06,5470814.6,122.994997,5463915.2,0.0,0.0,4
11308051000100,2012-06-08,5513721.22,123.1353102,5504142.35,40000.0,6006.11,4
11308051000100,2012-06-11,5508808.75,123.15574309999998,5505055.7,0.0,0.0,4
11308051000100,2012-06-12,6012690.62,123.2386891,6008763.38,500000.0,0.0,4
11308051000100,2012-06-13,6014022.21,123.2868341,6011110.79,0.0,0.0,4
11308051000100,2012-06-14,6041528.96,123.3344685,5737369.98,25000.0,301063.33,4
11308051000100,2012-06-15,5736198.11,123.270568,5703357.67,0.0,31039.73,4
11308051000100,2012-06-18,5709600.17,123.3618642,5567079.3,0.0,140502.37,4
11308051000100,2012-06-19,5461585.86,123.4019802,4856168.85,0.0,712720.8,4
11308051000100,2012-06-20,4631670.58,123.4000352,4735342.44,50000.0,170749.87,4
11308051000100,2012-06-21,4746099.07,123.5112993,4739612.08,0.0,0.0,4
11308051000100,2012-06-22,4747549.93,123.5446697,4188502.87,0.0,552389.74,4
11308051000100,2012-06-25,4198607.3,123.7193107,4194423.68,0.0,0.0,4
11308051000100,2012-06-26,4575363.7,123.7667488,4696031.96,500000.0,0.0,4
11308051000100,2012-06-27,4802912.26,123.829751,4798422.43,100000.0,0.0,4
11308051000100,2012-06-28,4805216.73,123.8850897,4800566.81,0.0,0.0,4
11308051000100,2012-06-29,4819763.0,123.8692477,4814952.93,15000.0,0.0,4
11308051000100,2012-07-02,4868867.74,123.91937079999998,4863901.28,47000.0,0.0,4
11308051000100,2012-07-03,4895654.05,123.9608719,4739815.47,25000.0,150714.75,4
11308051000100,2012-07-04,4752764.75,123.9440243,4749171.28,10000.0,0.0,4
11308051000100,2012-07-05,5153003.73,123.9462134,5149255.16,400000.0,0.0,4
11308051000100,2012-07-06,5306105.43,124.1029988,5305768.84,150000.0,0.0,4
11308051000100,2012-07-09,5306198.86,124.1012983,5305696.14,0.0,0.0,4
11308051000100,2012-07-10,5310936.2,124.20821940000002,5310267.33,0.0,0.0,4
11308051000100,2012-07-11,5685100.03,124.3017245,5684264.95,370000.0,0.0,4
11308051000100,2012-07-12,5684848.42,124.29242509999999,5608437.81,0.0,75401.88,4
11308051000100,2012-07-13,5620799.12,124.30967930000001,5619216.37,10000.0,0.0,4
11308051000100,2012-07-16,5234594.54,124.4142956,5623945.38,0.0,0.0,4
11308051000100,2012-07-17,5633259.69,124.3853754,5631638.09,9000.0,0.0,4
11308051000100,2012-07-18,5450681.86,124.433376,5633811.35,0.0,0.0,4
11308051000100,2012-07-19,5640299.06,124.53152299999999,5638255.03,0.0,0.0,4
11308051000100,2012-07-20,5644091.97,124.63344280000001,5642869.52,0.0,0.0,4
11308051000100,2012-07-23,5646929.67,124.69228290000001,5645533.55,0.0,0.0,4
11308051000100,2012-07-24,5648604.64,124.7254398,5189323.91,0.0,457710.84,4
11308051000100,2012-07-25,5046436.36,124.7895414,5191990.92,0.0,0.0,4
11308051000100,2012-07-26,5194029.42,124.7277301,5189419.2,0.0,0.0,4
11308051000100,2012-07-27,5191235.47,124.6566189,5186460.55,0.0,0.0,4
11308051000100,2012-07-30,5193304.6,124.7023929,5188365.02,0.0,0.0,4
11308051000100,2012-07-31,5195596.97,124.75353170000001,5190492.7,0.0,0.0,4
11308051000100,2012-08-01,5198448.76,124.8180847,5193178.49,0.0,0.0,4
11308051000100,2012-08-02,5209052.18,124.8646501,4952074.18,8500.0,251541.71,4
11308051000100,2012-08-03,4978888.5,124.7934196,4974249.21,25000.0,0.0,4
11308051000100,2012-08-06,5190663.65,124.8338976,5185862.66,210000.0,0.0,4
11308051000100,2012-08-07,5323356.58,124.9188002,5321389.69,132000.0,0.0,4
11308051000100,2012-08-08,6325797.37,124.9721404,6323661.92,1000000.0,0.0,4
11308051000100,2012-08-09,6326939.51,124.9909872,6324615.58,0.0,0.0,4
11308051000100,2012-08-10,6328070.73,125.0096179,6325558.3,0.0,0.0,4
11308051000100,2012-08-13,6431000.36,125.06379,6428299.44,100000.0,0.0,4
11308051000100,2012-08-14,6932332.02,125.0859903,6929440.54,500000.0,0.0,4
11308051000100,2012-08-15,7078958.57,125.1208085,7077369.38,146000.0,0.0,4
11308051000100,2012-08-16,7075154.52,125.0500096,6972828.66,0.0,100536.03,4
11308051000100,2012-08-17,6977827.74,125.09439009999998,6754102.77,0.0,221200.56,4
11308051000100,2012-08-20,6754647.47,125.03189,6750728.26,0.0,0.0,4
11308051000100,2012-08-21,6755940.03,125.0522341,6746808.12,0.0,5018.56,4
11308051000100,2012-08-22,6747915.73,125.0166767,6744889.73,0.0,0.0,4
11308051000100,2012-08-23,6388859.32,125.0305693,6323477.26,0.0,422162.01,4
11308051000100,2012-08-24,6331242.55,125.07402,6315637.29,0.0,10037.51,4
11308051000100,2012-08-27,6474317.94,125.1510543,6469527.15,150000.0,0.0,4
11308051000100,2012-08-28,6537227.79,125.2036966,6719236.49,250000.0,3011.94,4
11308051000100,2012-08-29,6727127.34,125.2541194,6721942.5,0.0,0.0,4
11308051000100,2012-08-30,6728857.32,125.2827481,6723478.9,0.0,0.0,4
11308051000100,2012-08-31,6731264.75,125.3239996,6725692.72,0.0,0.0,4
11308051000100,2012-09-03,6736684.6,125.421255,6730912.07,0.0,0.0,4
11308051000100,2012-09-04,6738905.65,125.4589033,6037171.28,0.0,695761.24,4
11308051000100,2012-09-05,6036469.59,125.4937554,6028802.17,0.0,10046.22,4
11308051000100,2012-09-06,6037652.01,125.5132473,5778474.87,0.0,251263.7,4
11308051000100,2012-09-10,5537856.12,125.4891668,5777366.23,0.0,0.0,4
11308051000100,2012-09-11,6491891.3,125.4606165,6486051.81,710000.0,0.0,4
11308051000100,2012-09-12,6791856.72,125.4561716,6770744.73,300000.0,15077.29,4
11308051000100,2012-09-13,6772858.66,125.46360290000001,6765107.65,0.0,6038.14,4
11308051000100,2012-09-14,6767634.83,125.4742743,6614972.27,0.0,150710.79,4
11308051000100,2012-09-17,6619482.55,125.5055203,6616619.55,0.0,0.0,4
11308051000100,2012-09-18,6619657.0,125.50502759999998,6415732.83,0.0,200860.75,4
11308051000100,2012-09-19,6360369.15,125.515115,6235510.95,0.0,180737.54,4
11308051000100,2012-09-20,6311092.75,125.59068959999999,6539265.45,300000.0,0.0,4
11308051000100,2012-09-21,7243236.02,125.628032,7471209.8,930000.0,0.0,4
11308051000100,2012-09-24,7245612.77,125.66438559999999,7473371.78,0.0,0.0,4
11308051000100,2012-09-25,7472679.4,125.6873081,7012955.16,0.0,461779.83,4
11308051000100,2012-09-26,7019339.35,125.71337179999999,6863885.0,0.0,150524.43,4
11308051000100,2012-09-27,6872140.96,125.76097079999998,6665780.07,0.0,200703.82,4
11308051000100,2012-09-28,6675360.64,125.81796489999999,6655648.71,0.0,13152.25,4
11308051000100,2012-10-01,6665871.85,125.8827678,6659076.72,0.0,0.0,4
11308051000100,2012-10-02,6919774.63,125.9528929,6912786.27,250000.0,0.0,4
11308051000100,2012-10-03,6918444.74,125.9797098,6914258.09,0.0,0.0,4
11308051000100,2012-10-04,6922917.53,126.05759170000002,6918532.55,0.0,0.0,4
11308051000100,2012-10-05,6931682.29,126.270156,6930198.91,0.0,0.0,4
11308051000100,2012-10-08,6957774.78,126.2500022,6952076.11,27000.0,4016.68,4
11308051000100,2012-10-09,6955922.62,126.2853919,6552353.6,0.0,401671.27,4
11308051000100,2012-10-10,6555658.92,126.2958989,6552898.76,0.0,0.0,4
11308051000100,2012-10-11,6560804.51,126.3913872,6557853.2,0.0,0.0,4
11308051000100,2012-10-15,6559436.9,126.3883255,6554681.1,0.0,3013.24,4
11308051000100,2012-10-16,6760656.61,126.4660038,6758709.61,200000.0,0.0,4
11308051000100,2012-10-17,6760649.78,126.4622229,6758507.55,0.0,0.0,4
11308051000100,2012-10-18,6762349.94,126.4903116,6760008.69,0.0,0.0,4
11308051000100,2012-10-19,7064274.1,126.5225907,7061733.78,300000.0,0.0,4
11308051000100,2012-10-22,7066806.1,126.5642819,7064060.73,0.0,0.0,4
11308051000100,2012-10-23,7068678.21,126.5942175,7065731.56,0.0,0.0,4
11308051000100,2012-10-24,7071636.03,126.6436046,6145047.81,0.0,923440.24,4
11308051000100,2012-10-25,5994123.27,126.6910916,6147351.99,0.0,0.0,4
11308051000100,2012-10-26,6696982.23,126.7462383,6687012.71,540000.0,3015.13,4
11308051000100,2012-10-29,6896776.49,126.7955276,6889613.17,200000.0,0.0,4
11308051000100,2012-10-30,6898803.95,126.82919950000002,6891442.78,0.0,0.0,4
11308051000100,2012-10-31,6730248.4,126.8984605,6507727.96,0.0,387478.21,4
11308051000100,2012-11-01,6345934.37,126.92755590000002,6258350.48,0.0,250869.58,4
11308051000100,2012-11-05,6098916.92,126.9842138,6261144.08,0.0,0.0,4
11308051000100,2012-11-06,6293557.33,127.00350970000001,6288095.49,26000.0,0.0,4
11308051000100,2012-11-07,6296031.48,127.04965320000001,6290380.11,0.0,0.0,4
11308051000100,2012-11-08,6522964.24,127.05860449999999,6520823.3,230000.0,0.0,4
11308051000100,2012-11-09,6523742.7,127.06958840000001,6521387.01,0.0,0.0,4
11308051000100,2012-11-12,6351252.22,127.05584669999999,6520681.77,0.0,0.0,4
11308051000100,2012-11-13,7022905.05,127.04529950000001,7013101.51,500000.0,7038.96,4
11308051000100,2012-11-14,7021892.01,127.02325359999999,7019884.54,8000.0,0.0,4
11308051000100,2012-11-16,7027506.92,127.12116189999999,6919885.09,0.0,105410.31,4
11308051000100,2012-11-19,6926298.09,127.1870953,6923474.2,0.0,0.0,4
11308051000100,2012-11-20,6927900.91,127.2128264,6924874.88,0.0,0.0,4
11308051000100,2012-11-21,6930488.93,127.2565507,6927255.03,0.0,0.0,4
11308051000100,2012-11-22,6932948.52,127.2979145,6417456.13,0.0,512050.56,4
11308051000100,2012-11-23,6425509.83,127.34491100000001,6419825.36,0.0,0.0,4
11308051000100,2012-11-26,6427687.59,127.384298,6421810.97,0.0,0.0,4
11308051000100,2012-11-27,6832093.59,127.4678837,6826024.77,400000.0,0.0,4
11308051000100,2012-11-28,6832260.47,127.46726149999999,6825991.45,0.0,0.0,4
11308051000100,2012-11-29,6833820.58,127.49265600000001,6204759.18,0.0,622592.17,4
11308051000100,2012-11-30,6217703.57,127.5685815,6195081.53,0.0,13372.76,4
11308051000100,2012-12-03,6800288.79,127.6179512,6777479.06,580000.0,0.0,4
11308051000100,2012-12-04,6906221.74,127.7259155,6883212.78,100000.0,0.0,4
11308051000100,2012-12-05,6924147.81,127.7579199,6619451.23,35000.0,300486.28,4
11308051000100,2012-12-06,6637249.49,128.0070021,6632356.79,0.0,0.0,4
11308051000100,2012-12-07,6632234.15,127.9836163,5879665.55,0.0,751479.56,4
11308051000100,2012-12-10,5727047.84,127.9756118,5879297.82,0.0,0.0,4
11308051000100,2012-12-11,5881447.58,127.9585967,5878516.13,0.0,0.0,4
11308051000100,2012-12-12,6035346.22,128.0395104,6032233.37,150000.0,0.0,4
11308051000100,2012-12-13,6036914.79,128.08883020000002,5926326.07,0.0,108230.87,4
11308051000100,2012-12-14,5930756.96,128.12470459999997,5747604.35,0.0,180381.53,4
11308051000100,2012-12-17,5752468.49,128.1588717,5749137.07,0.0,0.0,4
11308051000100,2012-12-18,5753559.33,128.17915459999998,5750046.95,0.0,0.0,4
11308051000100,2012-12-19,5486619.4,128.24327150000002,5051294.59,0.0,701628.61,4
11308051000100,2012-12-20,5056116.5,128.2261886,4990476.84,0.0,60144.88,4
11308051000100,2012-12-21,4987244.59,128.2508381,4981408.6,0.0,10027.58,4
11308051000100,2012-12-24,4988080.08,128.2680085,4982075.52,0.0,0.0,4
11308051000100,2012-12-26,5288792.78,128.3413604,5284924.59,300000.0,0.0,4
11308051000100,2012-12-27,5691491.84,128.40278600000002,5687454.02,400000.0,0.0,4
11308051000100,2012-12-28,5694621.29,128.4694281,5690405.85,0.0,0.0,4
11308051000100,2012-12-31,5697181.59,128.5232198,5692788.49,0.0,0.0,4
11308051000100,2013-01-02,5701743.37,128.6222705,5697175.83,0.0,0.0,4
11308051000100,2013-01-03,5805736.37,128.708478,5800994.29,100000.0,0.0,4
11308051000100,2013-01-04,5847390.09,128.7412517,5842471.43,40000.0,0.0,4
11308051000100,2013-01-07,5846418.74,128.71593810000002,5841322.66,0.0,0.0,4
11308051000100,2013-01-08,5840316.56,128.6877423,5840043.09,0.0,0.0,4
11308051000100,2013-01-09,6244853.61,128.78380990000002,6244402.78,400000.0,0.0,4
11308051000100,2013-01-10,6246966.35,128.8226485,6241263.89,0.0,5022.08,4
11308051000100,2013-01-11,6541517.91,128.80865649999998,6530551.77,300000.0,10034.22,4
11308051000100,2013-01-14,6732820.6,128.829711,6726604.34,200000.0,5014.89,4
11308051000100,2013-01-15,7028469.02,128.8383962,7027057.82,300000.0,0.0,4
11308051000100,2013-01-16,7039436.04,128.8524004,7037821.63,10000.0,0.0,4
11308051000100,2013-01-17,7048613.84,128.88854840000002,6846144.66,7000.0,200651.35,4
11308051000100,2013-01-18,6559762.23,128.9095655,6847261.02,0.0,0.0,4
11308051000100,2013-01-21,7253231.47,128.9711092,7245513.9,400000.0,5016.12,4
11308051000100,2013-01-22,7248615.29,128.9742358,7245689.55,0.0,0.0,4
11308051000100,2013-01-23,7250605.21,129.0060028,6796053.5,0.0,451420.72,4
11308051000100,2013-01-24,6797948.22,128.9518395,6793200.17,0.0,0.0,4
11308051000100,2013-01-25,6799719.46,128.9817361,6493878.92,0.0,300896.21,4
11308051000100,2013-01-28,6505556.45,129.0938898,6499525.55,0.0,0.0,4
11308051000100,2013-01-29,6813485.47,129.2475936,6802245.61,300000.0,5018.51,4
11308051000100,2013-01-30,6807575.26,129.22656609999999,6801138.94,0.0,0.0,4
11308051000100,2013-01-31,6809389.65,129.25730829999998,6802756.89,0.0,0.0,4
11308051000100,2013-02-01,6813005.52,129.3221202,6806167.91,0.0,0.0,4
11308051000100,2013-02-04,6813021.81,129.31853610000002,6805979.28,0.0,0.0,4
11308051000100,2013-02-05,6812146.47,129.336012,6806899.03,0.0,0.0,4
11308051000100,2013-02-06,7062339.69,129.3357895,7056887.32,250000.0,0.0,4
11308051000100,2013-02-07,7208693.83,129.3384328,7207031.55,150000.0,0.0,4
11308051000100,2013-02-08,7210928.22,129.3747114,7209053.07,0.0,0.0,4
11308051000100,2013-02-13,7249635.77,129.4374263,7247547.69,35000.0,0.0,4
11308051000100,2013-02-14,7450724.48,129.45305430000002,7448422.74,200000.0,0.0,4
11308051000100,2013-02-15,7450072.44,129.4379388,7447553.03,0.0,0.0,4
11308051000100,2013-02-18,7451351.89,129.4563928,7443588.87,0.0,5025.96,4
11308051000100,2013-02-19,7799821.0,129.5129425,7793824.79,350000.0,3015.62,4
11308051000100,2013-02-20,7798564.22,129.5381165,7795339.71,0.0,0.0,4
11308051000100,2013-02-21,7800091.31,129.5596985,7791612.13,0.0,5026.34,4
11308051000100,2013-02-22,7794580.72,129.54741289999998,7287868.35,10000.0,513004.93,4
11308051000100,2013-02-25,7295093.58,129.5704924,7289166.72,0.0,0.0,4
11308051000100,2013-02-26,7497280.53,129.6055542,7491139.17,200000.0,0.0,4
11308051000100,2013-02-27,7630340.1,129.6547079,7623980.23,130000.0,0.0,4
11308051000100,2013-02-28,8033674.48,129.7076522,8027093.47,400000.0,0.0,4
11308051000100,2013-03-01,8039333.48,129.79545349999998,7912013.19,0.0,120513.96,4
11308051000100,2013-03-04,7922702.26,129.8470591,7915158.94,0.0,0.0,4
11308051000100,2013-03-05,7925636.88,129.92112179999998,7919673.62,0.0,0.0,4
11308051000100,2013-03-06,7333597.77,129.9102406,8047010.33,128000.0,0.0,4
11308051000100,2013-03-07,8044184.56,129.8515111,8043372.46,0.0,0.0,4
11308051000100,2013-03-08,8347324.08,129.8985693,8346287.38,300000.0,0.0,4
11308051000100,2013-03-11,8344209.76,129.84651019999998,8342942.46,0.0,0.0,4
11308051000100,2013-03-12,8343327.21,129.8291867,8336807.75,0.0,5021.63,4
11308051000100,2013-03-13,8689886.54,129.8498823,8688136.69,350000.0,0.0,4
11308051000100,2013-03-14,8692756.94,129.8892344,8690769.71,0.0,0.0,4
11308051000100,2013-03-15,8693057.48,129.8901775,8690832.81,0.0,0.0,4
11308051000100,2013-03-18,8846025.78,129.930992,8843563.67,150000.0,0.0,4
11308051000100,2013-03-19,9300378.83,129.9913731,9297673.42,450000.0,0.0,4
11308051000100,2013-03-20,9303783.0,130.03543929999998,9223404.09,0.0,77421.18,4
11308051000100,2013-03-21,9223405.38,129.9842837,8918380.78,0.0,301394.86,4
11308051000100,2013-03-22,8925936.35,130.0176046,8362088.95,0.0,558578.01,4
11308051000100,2013-03-25,8374064.7,130.0782037,8355931.98,0.0,10054.41,4
11308051000100,2013-03-26,8364999.04,130.089156,8175380.27,0.0,181255.27,4
11308051000100,2013-03-27,8188590.19,130.1426841,8148578.43,0.0,30165.78,4
11308051000100,2013-03-28,8770230.24,130.1173439,8759991.81,613000.0,0.0,4
11308051000100,2013-04-01,9168528.12,130.0885817,9158055.43,400000.0,0.0,4
11308051000100,2013-04-02,9174506.39,130.1699988,9163787.08,0.0,0.0,4
11308051000100,2013-04-03,9167296.44,130.1237382,9160530.4,0.0,0.0,4
11308051000100,2013-04-04,9171775.34,130.18385619999998,9132576.01,0.0,32186.62,4
11308051000100,2013-04-05,9141035.38,130.3176571,9141836.88,20000.0,20125.45,4
11308051000100,2013-04-08,9146829.52,130.3596777,9144784.65,0.0,0.0,4
11308051000100,2013-04-09,9147680.26,130.3682935,9125276.15,0.0,20112.89,4
11308051000100,2013-04-10,9136931.69,130.4969499,9134281.6,0.0,0.0,4
11308051000100,2013-04-11,9138844.55,130.5207612,9135948.3,0.0,0.0,4
11308051000100,2013-04-12,9135074.74,130.4633867,9131932.31,0.0,0.0,4
11308051000100,2013-04-15,9728741.05,130.3693844,9709236.37,600000.0,16116.14,4
11308051000100,2013-04-16,9721550.55,130.484184,9700660.36,0.0,17125.69,4
11308051000100,2013-04-17,9706360.28,130.50503390000003,9666998.16,0.0,35212.26,4
11308051000100,2013-04-18,9682013.63,130.6453584,9677392.52,0.0,0.0,4
11308051000100,2013-04-19,10088441.99,130.728645,10083561.67,400000.0,0.0,4
11308051000100,2013-04-22,10092689.39,130.7802457,10087541.81,0.0,0.0,4
11308051000100,2013-04-23,10097418.47,130.8381196,10076925.96,0.0,15079.87,4
11308051000100,2013-04-24,10486112.79,130.8826476,10178611.8,400000.0,301743.63,4
11308051000100,2013-04-25,10188260.38,130.906831,10180492.52,0.0,0.0,4
11308051000100,2013-04-26,10187959.99,130.89953640000002,10164809.14,0.0,15116.08,4
11308051000100,2013-04-29,10174594.56,130.91715290000002,10166177.12,0.0,0.0,4
11308051000100,2013-04-30,10199845.74,130.9813425,10191161.67,20000.0,0.0,4
11308051000100,2013-05-02,10207316.24,131.07390130000002,10198363.32,0.0,0.0,4
11308051000100,2013-05-03,10537362.16,131.133136,10527972.15,325000.0,0.0,4
11308051000100,2013-05-06,10541431.73,131.2053114,10533766.72,0.0,0.0,4
11308051000100,2013-05-07,10145494.23,131.2524859,10512408.89,0.0,25145.22,4
11308051000100,2013-05-08,10518536.89,131.2932881,10213775.34,0.0,301901.52,4
11308051000100,2013-05-09,10221563.38,131.3287375,10191349.39,0.0,25183.68,4
11308051000100,2013-05-10,10200731.04,131.3789856,10175103.93,0.0,20144.81,4
11308051000100,2013-05-13,10180973.87,131.3786606,10175078.75,0.0,0.0,4
11308051000100,2013-05-14,10183580.53,131.408836,10167352.89,0.0,10062.9,4
11308051000100,2013-05-15,10680143.5,131.5108561,10675246.38,500000.0,0.0,4
11308051000100,2013-05-16,10681675.89,131.5262903,10314122.57,0.0,362376.66,4
11308051000100,2013-05-17,10325221.3,131.5807801,10318395.59,0.0,0.0,4
11308051000100,2013-05-20,10323245.17,131.552106,9964156.54,0.0,351990.46,4
11308051000100,2013-05-21,9776333.45,131.58937450000002,9936792.07,0.0,30187.3,4
11308051000100,2013-05-22,9947040.41,131.5952285,9937234.13,0.0,0.0,4
11308051000100,2013-05-23,9940493.85,131.554046,9612350.75,0.0,321773.54,4
11308051000100,2013-05-24,9619210.71,131.5329701,9610810.78,0.0,0.0,4
11308051000100,2013-05-27,9618117.06,131.5144879,9609460.33,0.0,0.0,4
11308051000100,2013-05-28,10421443.27,131.55649609999998,10412529.77,800000.0,0.0,4
11308051000100,2013-05-29,10426944.06,131.6225498,10116167.06,0.0,301590.79,4
11308051000100,2013-05-31,10120454.2,131.5346379,9939320.29,0.0,170090.09,4
11308051000100,2013-06-03,9967644.68,131.4972688,9936496.52,0.0,0.0,4
11308051000100,2013-06-04,9972352.71,131.5561166,9940943.31,0.0,0.0,4
11308051000100,2013-06-05,9949611.68,131.565349,9711266.47,0.0,230374.48,4
11308051000100,2013-06-06,9715403.05,131.5048531,9731801.07,25000.0,0.0,4
11308051000100,2013-06-07,9737758.73,131.5399662,9734399.56,0.0,0.0,4
11308051000100,2013-06-10,9734608.79,131.4939255,9730992.39,0.0,0.0,4
11308051000100,2013-06-11,10231339.34,131.4462706,10217442.53,500000.0,10023.24,4
11308051000100,2013-06-12,10421343.49,131.4428913,10397133.48,200000.0,20046.37,4
11308051000100,2013-06-13,10408368.2,131.528281,10048337.59,0.0,355550.22,4
11308051000100,2013-06-14,9875001.66,131.5461923,10025612.32,0.0,24093.63,4
11308051000100,2013-06-17,10030363.41,131.5343455,10024709.43,0.0,0.0,4
11308051000100,2013-06-18,10028526.07,131.5067655,10022607.46,0.0,0.0,4
11308051000100,2013-06-19,10030643.04,131.53107079999998,9599751.99,0.0,424707.87,4
11308051000100,2013-06-20,9457900.99,131.5447966,9575696.22,0.0,25057.54,4
11308051000100,2013-06-21,9586139.04,131.58576599999998,9498547.83,0.0,80130.72,4
11308051000100,2013-06-24,9506945.89,131.59342220000002,9298786.85,0.0,200313.65,4
11308051000100,2013-06-25,9059690.7,131.6499753,9252699.84,0.0,50083.22,4
11308051000100,2013-06-26,9263846.67,131.70558359999998,9196502.59,0.0,60105.54,4
11308051000100,2013-06-27,8914451.1,131.8539212,8906290.06,0.0,300570.39,4
11308051000100,2013-06-28,8921856.5,131.9599902,8913454.67,0.0,0.0,4
11308051000100,2013-07-01,8834005.1,131.9838551,8915066.66,0.0,0.0,4
11308051000100,2013-07-02,9731782.11,132.1014291,9723008.39,800000.0,0.0,4
11308051000100,2013-07-03,9735833.6,132.1734399,9728308.57,0.0,0.0,4
11308051000100,2013-07-04,9735455.33,132.16488470000002,9627441.07,0.0,100237.82,4
11308051000100,2013-07-05,9665059.33,132.2419066,9661551.67,28500.0,0.0,4
11308051000100,2013-07-08,9510852.69,132.31778,9626949.59,0.0,40145.36,4
11308051000100,2013-07-09,9634821.95,132.3688131,9630662.57,0.0,0.0,4
11308051000100,2013-07-10,10186195.81,132.3841818,10181780.74,550000.0,0.0,4
11308051000100,2013-07-11,10181965.28,132.3256837,10177281.6,0.0,0.0,4
11308051000100,2013-07-12,10188330.28,132.4049678,10223379.41,40000.0,0.0,4
11308051000100,2013-07-15,10224819.58,132.3909716,10222298.72,0.0,0.0,4
11308051000100,2013-07-16,10923292.58,132.3677874,10920508.6,700000.0,0.0,4
11308051000100,2013-07-17,10930756.15,132.4548966,10225744.93,0.0,701950.29,4
11308051000100,2013-07-18,10236307.05,132.5233888,9875032.68,0.0,355999.97,4
11308051000100,2013-07-19,9884432.42,132.575313,9778430.89,0.0,100470.94,4
11308051000100,2013-07-22,9783157.65,132.55458159999998,9766874.02,0.0,10027.78,4
11308051000100,2013-07-23,10174428.65,132.5684092,10167892.86,400000.0,0.0,4
11308051000100,2013-07-24,10059870.77,132.6354824,9521134.23,0.0,651903.1,4
11308051000100,2013-07-25,9529543.9,132.670669,9272944.62,0.0,250715.44,4
11308051000100,2013-07-26,9279192.49,132.6621733,9269341.5,0.0,3009.32,4
11308051000100,2013-07-29,9277757.36,132.6811018,9270664.07,0.0,0.0,4
11308051000100,2013-07-30,9285537.02,132.7889755,9278201.4,0.0,0.0,4
11308051000100,2013-07-31,9101439.91,132.869987,9283861.81,0.0,0.0,4
11308051000100,2013-08-01,9104939.01,132.9165714,9287116.75,0.0,0.0,4
11308051000100,2013-08-02,9109083.16,132.9723866,9291016.66,0.0,0.0,4
11308051000100,2013-08-05,9329384.0,133.01040659999998,9323673.18,30000.0,0.0,4
11308051000100,2013-08-06,9631829.18,133.0417947,9625873.4,300000.0,0.0,4
11308051000100,2013-08-07,9627702.46,133.0598953,9627183.02,0.0,0.0,4
11308051000100,2013-08-08,10176437.08,133.03876129999998,10175653.93,550000.0,0.0,4
11308051000100,2013-08-09,10176966.35,133.0420911,10175908.61,0.0,0.0,4
11308051000100,2013-08-12,10473725.93,132.9961183,10462342.81,300000.0,10049.51,4
11308051000100,2013-08-13,10467994.9,133.04680290000002,10766329.99,300000.0,0.0,4
11308051000100,2013-08-14,10766524.73,133.0252352,10764584.7,0.0,0.0,4
11308051000100,2013-08-15,10765821.63,133.0131473,10753576.32,0.0,10030.21,4
11308051000100,2013-08-16,10756557.0,133.0188438,10733973.37,0.0,20063.49,4
11308051000100,2013-08-19,10235451.49,133.0133612,10467594.65,0.0,265936.3,4
11308051000100,2013-08-20,10023332.05,133.0465443,10470206.02,0.0,0.0,4
11308051000100,2013-08-21,10278869.65,133.1134903,10475474.39,0.0,0.0,4
11308051000100,2013-08-22,10483243.48,133.1542106,9816266.17,0.0,662412.73,4
11308051000100,2013-08-23,9822964.34,133.1605332,9816732.28,0.0,0.0,4
11308051000100,2013-08-26,10325404.8,133.1901816,10313901.57,500000.0,5016.42,4
11308051000100,2013-08-27,10322895.4,133.21892720000002,10311109.74,0.0,5017.81,4
11308051000100,2013-08-28,10314066.47,133.1660397,10307016.26,0.0,0.0,4
11308051000100,2013-08-29,10325346.83,133.3083642,10318032.14,0.0,0.0,4
11308051000100,2013-08-30,10330552.44,133.3722005,10222466.41,0.0,100506.65,4
11308051000100,2013-09-02,8757245.74,133.4071233,10225143.11,0.0,0.0,4
11308051000100,2013-09-03,10228912.29,133.3536053,9739157.27,0.0,481883.89,4
11308051000100,2013-09-04,9747532.19,133.3681336,9238263.23,0.0,501955.08,4
11308051000100,2013-09-05,9246663.97,133.3520058,9237146.08,0.0,0.0,4
11308051000100,2013-09-06,9238552.94,133.2962821,9233286.16,0.0,0.0,4
11308051000100,2013-09-09,9241654.43,133.3374645,9236138.82,0.0,0.0,4
11308051000100,2013-09-10,10047690.0,133.421004,10041925.51,800000.0,0.0,4
11308051000100,2013-09-11,10049398.85,133.4401893,10043369.49,0.0,0.0,4
11308051000100,2013-09-12,10503989.68,133.4976656,10497695.44,450000.0,0.0,4
11308051000100,2013-09-13,10501522.05,133.51108359999998,10468632.8,0.0,30117.78,4
11308051000100,2013-09-16,10474758.95,133.5488125,10471591.13,0.0,0.0,4
11308051000100,2013-09-17,11071827.68,133.50787490000002,11068381.26,600000.0,0.0,4
11308051000100,2013-09-18,11072535.91,133.512914,11068799.02,0.0,0.0,4
11308051000100,2013-09-19,11072172.67,133.5050288,10515901.45,0.0,552243.86,4
11308051000100,2013-09-20,10522131.58,133.5009587,10463382.19,0.0,52198.66,4
11308051000100,2013-09-23,10474064.44,133.547585,10441940.76,0.0,25095.85,4
11308051000100,2013-09-24,10452216.19,133.5844054,10444819.71,0.0,0.0,4
11308051000100,2013-09-25,10454905.81,133.6460094,10449636.46,0.0,0.0,4
11308051000100,2013-09-26,10460127.46,133.709301,10454585.16,0.0,0.0,4
11308051000100,2013-09-27,10465341.89,133.77249890000002,10228505.87,0.0,231020.67,4
11308051000100,2013-09-30,10236236.31,133.780684,10229131.72,0.0,0.0,4
11308051000100,2013-10-01,10240983.54,133.839238,10183383.5,0.0,50225.37,4
11308051000100,2013-10-02,10189646.94,133.8181335,10031109.5,0.0,150668.24,4
11308051000100,2013-10-03,9688739.14,133.8158129,9830057.2,0.0,200878.34,4
11308051000100,2013-10-04,9842666.38,133.8657054,9833722.28,0.0,0.0,4
11308051000100,2013-10-07,9842662.48,133.9366379,9838932.96,0.0,0.0,4
11308051000100,2013-10-08,9972322.2,133.9880158,9967707.16,125000.0,0.0,4
11308051000100,2013-10-09,10076320.35,134.0378871,10071417.21,100000.0,0.0,4
11308051000100,2013-10-10,10295194.58,134.062962,10293301.3,220000.0,0.0,4
11308051000100,2013-10-11,10499870.94,134.1200321,10471279.7,200000.0,26403.42,3
11308051000100,2013-10-14,10476142.85,134.1491564,10473553.55,0.0,0.0,3
11308051000100,2013-10-15,10480133.17,134.1967444,10477268.93,0.0,0.0,3
11308051000100,2013-10-16,10481822.12,134.2148547,10177193.03,0.0,301489.84,3
11308051000100,2013-10-17,10213372.62,134.2581047,10208472.58,28000.0,0.0,3
11308051000100,2013-10-18,10219480.17,134.3348574,10214308.56,0.0,0.0,3
11308051000100,2013-10-21,10221331.72,134.3556352,10215888.42,0.0,0.0,3
11308051000100,2013-10-22,10222291.04,134.3646781,10216576.01,0.0,0.0,3
11308051000100,2013-10-23,10222520.29,134.3904227,10213508.98,0.0,5024.55,3
11308051000100,2013-10-24,10223093.06,134.4601751,9962630.1,0.0,256179.98,3
11308051000100,2013-10-25,9972965.39,134.5223603,9766269.69,0.0,200967.94,3
11308051000100,2013-10-28,9772904.28,134.5179248,9765947.67,0.0,0.0,3
11308051000100,2013-10-29,9779422.66,134.6041166,9767181.22,0.0,5023.94,3
11308051000100,2013-10-30,9779634.95,134.67235290000002,9772132.6,0.0,0.0,3
11308051000100,2013-10-31,9788122.51,134.785725,9780359.14,0.0,0.0,3
11308051000100,2013-11-01,9813008.78,134.8493928,9654215.39,20000.0,150763.63,3
11308051000100,2013-11-04,8666712.29,134.906968,5637925.33,0.0,4020412.04,3
11308051000100,2013-11-05,5668863.39,134.9900196,5551001.07,0.0,90395.09,3
11308051000100,2013-11-06,5579809.31,135.008681,5079802.18,0.0,471966.24,3
11308051000100,2013-11-07,5104099.2,135.0118885,4618347.48,0.0,461575.38,3
11308051000100,2013-11-08,4643685.7,134.99512140000002,4617773.93,0.0,0.0,3
11308051000100,2013-11-11,4647601.51,135.1049174,4611474.64,0.0,10055.08,3
11308051000100,2013-11-12,5139558.07,135.1575542,5113271.27,500000.0,0.0,3
11308051000100,2013-11-13,5118232.02,135.25017649999998,5116775.35,0.0,0.0,3
11308051000100,2013-11-14,5122647.16,135.3623886,5121020.55,0.0,0.0,3
11308051000100,2013-11-18,5124401.56,135.40420749999998,5122602.64,0.0,0.0,3
11308051000100,2013-11-19,5124891.33,135.4125975,5102801.85,0.0,20118.2,3
11308051000100,2013-11-20,5106437.61,135.44906819999997,5104176.19,0.0,0.0,3
11308051000100,2013-11-21,5110805.27,135.5604086,5108371.87,0.0,0.0,3
11308051000100,2013-11-22,5109574.65,135.5231858,4303634.97,0.0,803334.22,3
11308051000100,2013-11-25,4077657.4,135.4682344,4271694.41,0.0,30195.54,3
11308051000100,2013-11-26,4781876.24,135.5971686,4775760.07,500000.0,0.0,3
11308051000100,2013-11-27,4786984.12,135.73756269999998,4780704.78,0.0,0.0,3
11308051000100,2013-11-28,4793224.82,135.9101179,4440157.51,0.0,346624.7,3
11308051000100,2013-11-29,4449586.33,135.9470015,4180848.99,0.0,252746.11,3
11308051000100,2013-12-02,4203098.32,136.0665091,4184524.27,0.0,0.0,3
11308051000100,2013-12-03,4203269.03,136.0671523,4184544.05,0.0,0.0,3
11308051000100,2013-12-04,3838575.13,136.0592039,3883804.68,0.0,300494.93,3
11308051000100,2013-12-05,3885551.94,136.0182955,3882636.95,0.0,0.0,3
11308051000100,2013-12-06,2862607.21,136.0640999,2346539.53,0.0,1537404.91,3
11308051000100,2013-12-09,2178815.16,136.1334575,2347735.66,0.0,0.0,3
11308051000100,2013-12-10,2924065.18,136.1038764,3107225.51,760000.0,0.0,3
11308051000100,2013-12-11,3208522.77,136.1620648,3208553.94,100000.0,0.0,3
11308051000100,2013-12-12,3459659.91,136.2047566,3459559.94,250000.0,0.0,3
11308051000100,2013-12-13,3479973.66,136.2505623,3480723.39,20000.0,0.0,3
11308051000100,2013-12-16,3480279.07,136.2571726,3480892.26,0.0,0.0,3
11308051000100,2013-12-17,3481110.15,136.2843584,2730344.85,0.0,751241.91,3
11308051000100,2013-12-18,2732558.55,136.3504404,2731668.75,0.0,0.0,3
11308051000100,2013-12-19,2734401.08,136.4361933,1881796.78,0.0,851589.96,3
11308051000100,2013-12-20,1885336.02,136.5070622,1862714.73,0.0,20059.51,3
11308051000100,2013-12-23,1589821.33,136.5175165,1712586.64,0.0,150270.74,3
11308051000100,2013-12-24,1510133.73,136.5481196,1712970.55,0.0,0.0,3
11308051000100,2013-12-26,1715769.99,136.59074909999998,1693450.48,0.0,20054.85,3
11308051000100,2013-12-27,1696161.0,136.61413430000002,1693740.41,0.0,0.0,3
11308051000100,2013-12-30,1698941.68,136.8302638,1696419.98,0.0,0.0,3
11308051000100,2013-12-31,1699708.49,136.8839564,1697085.66,0.0,0.0,3
11308051000100,2014-01-02,1700652.57,136.97947030000003,1698269.84,0.0,0.0,3
11308051000100,2014-01-03,1697825.79,136.74388369999997,1695349.04,0.0,0.0,3
11308051000100,2014-01-06,1697227.78,136.68806980000002,1694657.06,0.0,0.0,3
11308051000100,2014-01-07,2398096.24,136.750542,2395431.59,700000.0,0.0,3
11308051000100,2014-01-08,2398012.75,136.8823384,2297612.12,0.0,100128.12,3
11308051000100,2014-01-09,2297403.61,136.83973799999998,2296897.06,0.0,0.0,3
11308051000100,2014-01-10,2297139.18,136.8176747,2296526.72,0.0,0.0,3
11308051000100,2014-01-13,2296582.18,136.7781822,2285838.41,0.0,10025.42,3
11308051000100,2014-01-14,2288475.16,136.8850311,2287624.07,0.0,0.0,3
11308051000100,2014-01-15,2290033.79,136.971871,2289075.34,0.0,0.0,3
11308051000100,2014-01-16,2290145.91,136.97215459999998,2289080.08,0.0,0.0,3
11308051000100,2014-01-17,2290385.46,136.9800627,2289212.24,0.0,0.0,3
11308051000100,2014-01-20,1078733.2,136.95085559999998,2288724.13,0.0,0.0,3
11308051000100,2014-01-21,2286142.54,136.96892340000002,2289026.08,0.0,0.0,3
11308051000100,2014-01-22,2287258.13,137.0292513,2290034.28,0.0,0.0,3
11308051000100,2014-01-23,2287860.42,137.058024,2270448.47,0.0,20066.66,3
11308051000100,2014-01-24,2268673.82,137.1007638,2271156.48,0.0,0.0,3
11308051000100,2014-01-27,2269620.14,137.1515274,2261962.9,0.0,10034.51,3
11308051000100,2014-01-28,2260555.01,137.20278180000003,2262808.21,0.0,0.0,3
11308051000100,2014-01-29,2261406.21,137.2480135,2263554.19,0.0,0.0,3
11308051000100,2014-01-30,2261567.55,137.25141440000002,2263610.28,0.0,0.0,3
11308051000100,2014-01-31,2262513.9,137.3024148,2264451.4,0.0,0.0,3
11308051000100,2014-02-03,2263199.1,137.3374138,2265028.62,0.0,0.0,3
11308051000100,2014-02-04,2263990.14,137.374942,2195386.28,0.0,70261.27,3
11308051000100,2014-02-05,2194932.04,137.4271928,2196221.3,0.0,0.0,3
11308051000100,2014-02-06,2195827.74,137.4765521,2197010.11,0.0,0.0,3
11308051000100,2014-02-07,0.0,137.5336168,2197922.06,0.0,0.0,3
11308051000100,2014-02-10,302418.38,137.5984871,2198958.75,0.0,0.0,3
11308051000100,2014-02-11,0.0,137.5418385,0.0,0.0,2198053.44,0
11308051000100,2014-02-12,0.0,0.0,0.0,0.0,0.0,0
11308051000100,2014-02-13,0.0,0.0,0.0,0.0,0.0,0
11308051000100,2014-02-14,0.0,0.0,0.0,0.0,0.0,0
11308051000100,2014-02-17,0.0,0.0,0.0,0.0,0.0,0
11308051000100,2014-02-18,0.0,0.0,0.0,0.0,0.0,0
11308051000100,2014-02-19,0.0,0.0,0.0,0.0,0.0,0
11308051000100,2014-02-20,0.0,0.0,0.0,0.0,0.0,0
11308051000100,2014-02-21,0.0,0.0,0.0,0.0,0.0,0
