CNPJ_FUNDO,DT_COMPTC,VL_TOTAL,VL_QUOTA,VL_PATRIM_LIQ,CAPTC_DIA,RESG_DIA,NR_COTST
28951182000103,2017-12-19,11426000.0,1.0,11431000.0,11431000.0,0.0,5
28951182000103,2017-12-20,11428535.43,1.0001959999999999,11433240.54,0.0,0.0,8
28951182000103,2017-12-21,14706985.49,0.9971655,11398599.93,0.0,0.0,5
28951182000103,2017-12-22,14731210.81,0.9970898000000001,14710734.6,3313000.0,0.0,7
28951182000103,2017-12-26,14927887.81,0.9990947,14765314.29,25000.0,0.0,8
28951182000103,2017-12-27,15143245.28,0.9985033000000001,14923574.44,167000.0,0.0,9
28951182000103,2017-12-28,15111323.65,0.9946883,15090555.26,224000.0,0.0,9
28951182000103,2017-12-29,15094609.24,0.9935801,15098742.89,25000.0,0.0,9
28951182000103,2018-01-02,15286057.78,0.9923525,15080087.05,0.0,0.0,9
28951182000103,2018-01-03,15399535.23,0.999843,15403915.08,210000.0,0.0,10
28951182000103,2018-01-04,15487385.06,1.0055463,15491782.08,0.0,0.0,10
28951182000103,2018-01-05,15511354.91,1.0071074,15515832.58,0.0,0.0,10
28951182000103,2018-01-08,15555192.31,1.0099459000000002,15559564.64,0.0,0.0,10
28951182000103,2018-01-09,15546208.97,1.0094246,15551533.26,0.0,0.0,10
28951182000103,2018-01-10,15517757.06,1.007559,15522790.17,0.0,0.0,10
28951182000103,2018-01-11,15542491.39,1.0091576,15547419.19,0.0,0.0,10
28951182000103,2018-01-12,15560743.25,1.0103355,15565565.7,0.0,0.0,10
28951182000103,2018-01-15,15584157.82,1.0082785,15533874.99,0.0,0.0,10
28951182000103,2018-01-16,15601986.22,1.0094288,15606598.05,55000.0,0.0,10
28951182000103,2018-01-17,15603029.3,1.0094895000000002,15607535.7,0.0,0.0,10
28951182000103,2018-01-18,15530469.8,1.0047896,15534870.89,0.0,0.0,10
28951182000103,2018-01-19,15506584.11,1.0032378,15510879.98,0.0,0.0,10
28951182000103,2018-01-22,19110512.3,1.0050374,15538702.86,0.0,0.0,10
28951182000103,2018-01-23,19119107.25,1.0055865,19123192.5,3576000.0,0.0,10
28951182000103,2018-01-24,19055144.48,1.0022171,19059117.43,0.0,0.0,10
28951182000103,2018-01-25,19007756.9,0.9997194,19011617.68,0.0,0.0,10
28951182000103,2018-01-26,19023225.82,1.0005269,19026974.37,0.0,0.0,10
28951182000103,2018-01-29,18948105.2,0.9965708,18951741.69,0.0,0.0,10
28951182000103,2018-01-30,18959762.96,0.9971779,18963287.34,0.0,0.0,10
28951182000103,2018-01-31,18933320.58,0.9957816,18936732.93,0.0,0.0,10
28951182000103,2018-02-01,18971838.91,0.9978003000000001,18975123.12,0.0,0.0,10
28951182000103,2018-02-02,18868877.78,0.9924241,18872882.88,0.0,0.0,10
28951182000103,2018-02-05,18656646.88,0.9812573,18660524.48,0.0,0.0,10
28951182000103,2018-02-06,18783832.34,0.9879808000000001,18788384.93,0.0,0.0,10
28951182000103,2018-02-07,18835490.34,0.9906905,18839915.06,0.0,0.0,10
28951182000103,2018-02-08,18701337.47,0.9835870000000001,18704829.11,0.0,0.0,10
28951182000103,2018-02-09,18762179.45,0.9867796,18765543.37,0.0,0.0,10
28951182000103,2018-02-14,18810959.29,0.989353,18814481.05,0.0,0.0,10
28951182000103,2018-02-15,18808332.52,0.9892082,18811726.47,0.0,0.0,10
28951182000103,2018-02-16,18911861.88,0.9946455,18915127.82,0.0,0.0,10
28951182000103,2018-02-19,18875309.47,0.9927166999999999,18878447.47,0.0,0.0,10
28951182000103,2018-02-20,18988439.52,0.9934004000000001,18891449.57,0.0,0.0,10
28951182000103,2018-02-21,19045361.76,0.9963869000000001,19048243.72,100000.0,0.0,11
28951182000103,2018-02-22,19196186.86,0.9974695,19068940.51,0.0,0.0,11
28951182000103,2018-02-23,19242627.27,0.999892,19245252.51,130000.0,0.0,12
28951182000103,2018-02-26,19942509.63,1.002477,19295006.12,0.0,0.0,12
28951182000103,2018-02-27,20075394.49,0.9989833,19877762.33,650000.0,0.0,12
28951182000103,2018-02-28,20159074.63,0.9981565999999998,20061312.59,200000.0,0.0,12
28951182000103,2018-03-01,20048616.71,0.9926546,20050732.22,100000.0,0.0,12
28951182000103,2018-03-02,20087480.51,0.9933825,20065434.12,0.0,0.0,12
28951182000103,2018-03-05,20181109.22,0.9980117,20183939.94,25000.0,0.0,12
28951182000103,2018-03-06,20064339.68,0.9922654,20067725.18,0.0,0.0,12
28951182000103,2018-03-07,20121054.54,0.9951083,20125221.0,0.0,0.0,12
28951182000103,2018-03-08,20158526.08,0.996955,20162569.66,0.0,0.0,12
28951182000103,2018-03-09,20180148.01,0.9980181,20184068.68,0.0,0.0,12
28951182000103,2018-03-12,20210109.07,0.9994934,20213906.76,0.0,0.0,12
28951182000103,2018-03-13,20194427.21,0.998712,20198101.95,0.0,0.0,12
28951182000103,2018-03-14,20208178.9,0.9993858,20211730.69,0.0,0.0,12
28951182000103,2018-03-15,20288793.24,1.0033658,20292221.88,0.0,0.0,12
28951182000103,2018-03-16,20338539.03,1.0058194,20341844.45,0.0,0.0,12
28951182000103,2018-03-19,20244447.87,1.0011609,20247630.26,0.0,0.0,12
28951182000103,2018-03-20,20305277.48,1.0041626,20308336.71,0.0,0.0,12
28951182000103,2018-03-21,20360344.88,1.0068794,20363280.83,0.0,0.0,12
28951182000103,2018-03-22,20366426.43,1.007174,20369239.1,0.0,0.0,12
28951182000103,2018-03-23,20348466.77,1.0062799,20351156.2,0.0,0.0,12
28951182000103,2018-03-26,20388901.27,1.0082731,20391467.38,0.0,0.0,12
28951182000103,2018-03-27,20438602.59,1.0107245,20441045.25,0.0,0.0,12
28951182000103,2018-03-28,20454472.42,1.0115031,20456791.64,0.0,0.0,12
28951182000103,2018-03-29,20508494.9,1.0141682,20510690.54,0.0,0.0,12
28951182000103,2018-04-02,20449627.8,1.0112513,20451699.34,0.0,0.0,12
28951182000103,2018-04-03,20473453.76,1.0124708,20476362.18,0.0,0.0,12
28951182000103,2018-04-04,20475984.08,1.0125897,20478768.34,0.0,0.0,12
28951182000103,2018-04-05,20518501.08,1.0147276,20522005.15,0.0,0.0,12
28951182000103,2018-04-06,20463505.22,1.0120022,20466885.16,0.0,0.0,12
28951182000103,2018-04-09,20375582.98,1.0076503,20378872.52,0.0,0.0,12
28951182000103,2018-04-10,20297599.05,1.0037882,20300764.78,0.0,0.0,12
28951182000103,2018-04-11,20330042.05,1.0054369,20334107.62,0.0,0.0,12
28951182000103,2018-04-12,20379691.96,1.0078857,20383633.58,0.0,0.0,12
28951182000103,2018-04-13,20431808.02,1.0104696,20435889.55,0.0,0.0,12
28951182000103,2018-04-16,20466254.73,1.0121666999999999,20470212.13,0.0,0.0,12
28951182000103,2018-04-17,20476184.99,1.0126515,20480018.22,0.0,0.0,12
28951182000103,2018-04-18,20518086.47,1.0147173,20521795.46,0.0,0.0,12
28951182000103,2018-04-19,20435578.85,1.0106315000000001,20439163.76,0.0,0.0,12
28951182000103,2018-04-20,20451735.22,1.0114242,20455196.01,0.0,0.0,12
28951182000103,2018-04-23,20422742.67,1.0099844999999998,20426079.4,0.0,0.0,12
28951182000103,2018-04-24,20423670.22,1.0100242,20426882.89,0.0,0.0,12
28951182000103,2018-04-25,20430696.57,1.0103655,20433785.18,0.0,0.0,12
28951182000103,2018-04-26,20582228.99,1.017852,20585193.23,0.0,0.0,12
28951182000103,2018-04-27,20642734.61,1.0196015,20620574.42,0.0,0.0,12
28951182000103,2018-04-30,20681478.66,1.021511,20684193.93,25000.0,0.0,12
28951182000103,2018-05-02,20646290.43,1.0197671,20648881.21,0.0,0.0,12
28951182000103,2018-05-03,20592899.06,1.0171716,20596326.5,0.0,0.0,12
28951182000103,2018-05-04,20714935.35,1.0231923,20718238.15,0.0,0.0,12
28951182000103,2018-05-07,20682806.85,1.0216416,20686837.73,0.0,0.0,12
28951182000103,2018-05-08,20610814.07,1.01808,20614720.52,0.0,0.0,12
28951182000103,2018-05-09,20570016.95,1.0160591,20573799.05,0.0,0.0,12
28951182000103,2018-05-10,20620466.11,1.0185444,20624123.76,0.0,0.0,12
28951182000103,2018-05-11,20532875.51,1.0142125,20536408.87,0.0,0.0,12
28951182000103,2018-05-14,20471536.19,1.0111771,20474945.4,0.0,0.0,12
28951182000103,2018-05-15,20474586.97,1.0113216,20477872.01,0.0,0.0,12
28951182000103,2018-05-16,20483470.25,1.0117542,20486631.12,0.0,0.0,12
28951182000103,2018-05-17,20400322.29,1.0076417,20403359.14,0.0,0.0,12
28951182000103,2018-05-18,20311190.11,1.0032337,20314103.12,0.0,0.0,12
28951182000103,2018-05-21,20336670.61,1.004486,20339459.72,0.0,0.0,12
28951182000103,2018-05-22,20310607.47,1.0031927,20313272.75,0.0,0.0,12
28951182000103,2018-05-23,20514370.53,1.0132496,20516911.57,0.0,0.0,12
28951182000103,2018-05-24,20514309.84,1.0132405,20516726.64,0.0,0.0,12
28951182000103,2018-05-25,20650067.59,1.0199389,20652359.87,0.0,0.0,12
28951182000103,2018-05-28,20761993.64,1.0254603,20764161.19,0.0,0.0,12
28951182000103,2018-05-29,20828809.39,1.0287539,20830852.08,0.0,0.0,12
28951182000103,2018-05-30,20847059.46,1.029649,20839475.59,0.0,9501.66,12
28951182000103,2018-06-01,20729895.7,1.023854,20722187.31,0.0,0.0,12
28951182000103,2018-06-04,20730950.18,1.0244169,20733580.1,0.0,0.0,12
28951182000103,2018-06-05,20677940.28,1.0217916,20680445.78,0.0,0.0,12
28951182000103,2018-06-06,20609995.88,1.0184708,20613234.12,0.0,0.0,12
28951182000103,2018-06-07,20469404.96,1.0115181999999998,20472519.19,0.0,0.0,12
28951182000103,2018-06-08,20524966.39,1.0142573000000001,20527956.51,0.0,0.0,12
28951182000103,2018-06-11,20421096.29,1.0091191,20423962.5,0.0,0.0,12
28951182000103,2018-06-12,20398189.5,1.0079812,20400931.85,0.0,0.0,12
28951182000103,2018-06-13,20426114.79,1.0093548,20428733.22,0.0,0.0,12
28951182000103,2018-06-14,20542930.36,1.0151334,20545688.64,0.0,0.0,12
28951182000103,2018-06-15,20666250.14,1.0212203000000002,20668884.02,0.0,0.0,12
28951182000103,2018-06-18,20711341.29,1.0234421,20713850.69,0.0,0.0,12
28951182000103,2018-06-19,20771514.05,1.026409,20773898.84,0.0,0.0,12
28951182000103,2018-06-20,20785960.77,1.0271165999999998,20788220.93,0.0,0.0,12
28951182000103,2018-06-21,20773950.48,1.026517,20776086.02,0.0,0.0,12
28951182000103,2018-06-22,20830524.19,1.0293061,20832535.02,0.0,0.0,12
28951182000103,2018-06-25,20626691.73,1.0258194,20629173.5,0.0,132792.76,11
28951182000103,2018-06-26,20672557.9,1.028094,20674915.27,0.0,0.0,11
28951182000103,2018-06-27,20583605.94,1.0236645,20585839.07,0.0,0.0,11
28951182000103,2018-06-28,20614242.31,1.0251818000000001,20616351.16,0.0,0.0,11
28951182000103,2018-06-29,20557654.41,1.0223617,20559639.07,0.0,0.0,11
28951182000103,2018-07-02,20465054.21,1.0177507,20466911.74,0.0,0.0,11
28951182000103,2018-07-03,20503149.05,1.0196954,20506019.17,0.0,0.0,11
28951182000103,2018-07-04,20486074.72,1.0188015,20488043.54,0.0,0.0,11
28951182000103,2018-07-05,20611367.6,1.0250683,20614068.67,0.0,0.0,11
28951182000103,2018-07-06,20650473.84,1.0270767,20654457.13,0.0,0.0,11
28951182000103,2018-07-09,20715916.81,1.0303246,20719772.45,0.0,0.0,11
28951182000103,2018-07-10,20785582.04,1.0337825,20789309.9,0.0,0.0,11
28951182000103,2018-07-11,20812052.5,1.0350924,20815652.54,0.0,0.0,11
28951182000103,2018-07-12,20949952.77,1.0419433,20953424.71,0.0,0.0,11
28951182000103,2018-07-13,21038322.88,1.0463313,21041666.54,0.0,0.0,11
28951182000103,2018-07-16,21001786.9,1.0445081,21005002.36,0.0,0.0,11
28951182000103,2018-07-17,21074565.59,1.0481208,21077652.7,0.0,0.0,11
28951182000103,2018-07-18,21102223.18,1.0494897,21105181.9,0.0,0.0,11
28951182000103,2018-07-19,21141860.38,1.048968,21094690.72,0.0,0.0,11
28951182000103,2018-07-20,21041082.62,1.0439503,21043784.79,50000.0,0.0,11
28951182000103,2018-07-23,21134628.44,1.0485846,21137202.13,0.0,0.0,11
28951182000103,2018-07-24,21161582.76,1.0499154,21164027.94,0.0,0.0,11
28951182000103,2018-07-25,21127307.46,1.0482087,21129624.19,0.0,0.0,11
28951182000103,2018-07-26,21194901.66,1.0515555,21197089.8,0.0,0.0,11
28951182000103,2018-07-27,21234927.44,1.0535348,21236986.92,0.0,0.0,11
28951182000103,2018-07-30,21150174.44,1.0493239,21152105.42,0.0,0.0,11
28951182000103,2018-07-31,21158107.51,1.0497111,21159909.97,0.0,0.0,11
28951182000103,2018-08-01,21155341.0,1.0495676,21157016.69,0.0,0.0,11
28951182000103,2018-08-02,21143574.07,1.0490252,21146083.64,0.0,0.0,11
28951182000103,2018-08-03,21193719.28,1.0515065000000001,21196101.99,0.0,0.0,11
28951182000103,2018-08-06,21199030.96,1.0518091,21202200.49,0.0,0.0,11
28951182000103,2018-08-07,21188302.13,1.0512705,21191344.81,0.0,0.0,11
28951182000103,2018-08-08,21135940.44,1.0486666999999998,21138856.39,0.0,0.0,11
28951182000103,2018-08-09,21072880.11,1.0455321,21075669.44,0.0,0.0,11
28951182000103,2018-08-10,20726563.71,1.0283456,20729227.11,0.0,0.0,11
28951182000103,2018-08-13,20421692.94,1.0132152,20424231.02,0.0,0.0,11
28951182000103,2018-08-14,20739305.58,1.0289783000000001,20741981.72,0.0,0.0,11
28951182000103,2018-08-15,20764551.94,1.0302245,20767102.08,0.0,0.0,11
28951182000103,2018-08-16,20866841.97,1.0352927,20869265.89,0.0,0.0,11
28951182000103,2018-08-17,20812423.38,1.0325868,20814721.2,0.0,0.0,11
28951182000103,2018-08-20,20816331.13,1.0327744,20818502.85,0.0,0.0,11
28951182000103,2018-08-21,20794618.06,1.031691,20796663.71,0.0,0.0,11
28951182000103,2018-08-22,20903070.69,1.0370648999999998,20904990.07,0.0,0.0,11
28951182000103,2018-08-23,20934425.3,1.0386141,20936218.34,0.0,0.0,11
28951182000103,2018-08-24,20922635.61,1.038023,20924302.34,0.0,0.0,11
28951182000103,2018-08-27,20907399.22,1.0372608,20908939.65,0.0,0.0,11
28951182000103,2018-08-28,20826445.78,1.0332386,20827860.11,0.0,0.0,11
28951182000103,2018-08-29,20775136.74,1.0257261999999998,20676425.26,0.0,0.0,11
28951182000103,2018-08-30,20648311.03,1.0194283000000002,20649473.97,100000.0,0.0,11
28951182000103,2018-08-31,20860839.92,1.0254710999999999,20771876.85,0.0,0.0,11
28951182000103,2018-09-03,20907259.08,1.0238066,20828161.27,90000.0,0.0,11
28951182000103,2018-09-04,20940709.58,1.0230338,20892438.07,80000.0,0.0,11
28951182000103,2018-09-05,20833657.13,1.0177851,20835250.79,50000.0,0.0,11
28951182000103,2018-09-06,20774428.12,1.0149318,20776840.47,0.0,0.0,11
28951182000103,2018-09-10,20906521.22,1.0213779,20908798.48,0.0,0.0,11
28951182000103,2018-09-11,20893101.95,1.0207158,20895244.15,0.0,0.0,11
28951182000103,2018-09-12,20865157.41,1.0193441,20867164.62,0.0,0.0,11
28951182000103,2018-09-13,20993110.66,1.0255879,20994982.6,0.0,0.0,11
28951182000103,2018-09-14,21056498.5,1.0286777,21058235.08,0.0,0.0,11
28951182000103,2018-09-17,20945711.86,1.0232593,20947313.28,0.0,0.0,11
28951182000103,2018-09-18,20938828.46,1.0229165,20940294.74,0.0,0.0,11
28951182000103,2018-09-19,20987163.58,1.0252709999999998,20988494.62,0.0,0.0,11
28951182000103,2018-09-20,20968621.11,1.0243586,20969816.94,0.0,0.0,11
28951182000103,2018-09-21,21003044.27,1.0260334999999998,21004104.83,0.0,0.0,11
28951182000103,2018-09-24,20972918.38,1.0245553,20973843.74,0.0,0.0,11
28951182000103,2018-09-25,20856652.82,1.0188692,20857443.2,0.0,0.0,11
28951182000103,2018-09-26,20934412.61,1.0226611,20935067.85,0.0,0.0,11
28951182000103,2018-09-27,21013901.94,1.0265375,21014421.9,0.0,0.0,11
28951182000103,2018-09-28,21049752.07,1.0282821,21050136.66,0.0,0.0,11
28951182000103,2018-10-01,21097490.23,1.0306078,21097745.54,0.0,0.0,11
28951182000103,2018-10-02,21109302.29,1.0312254,21110389.51,0.0,0.0,11
28951182000103,2018-10-03,21010939.7,1.0264142,21011897.81,0.0,0.0,11
28951182000103,2018-10-04,20885719.73,1.0203295000000001,20887337.71,0.0,0.0,11
28951182000103,2018-10-05,20897958.37,1.0209211,20899447.46,0.0,0.0,11
28951182000103,2018-10-08,20919023.89,1.0219438,20920384.08,0.0,0.0,11
28951182000103,2018-10-09,20947547.44,1.0233998,20950188.35,0.0,0.0,11
28951182000103,2018-10-10,20834253.06,1.0178591000000001,20836765.22,0.0,0.0,11
28951182000103,2018-10-11,20864073.62,1.0193224,20866720.97,0.0,0.0,11
28951182000103,2018-10-15,20911877.58,1.0216513,20914396.03,0.0,0.0,11
28951182000103,2018-10-16,21025137.82,1.0271777,21027527.14,0.0,0.0,11
28951182000103,2018-10-17,21143152.5,1.0329363,21145412.46,0.0,0.0,11
28951182000103,2018-10-18,21123617.61,1.0319757,21125748.25,0.0,0.0,11
28951182000103,2018-10-19,21120762.09,1.0318299000000002,21122763.41,0.0,0.0,11
28951182000103,2018-10-22,21233535.85,1.0373325,21235407.62,0.0,0.0,11
28951182000103,2018-10-23,21244876.18,1.0378801,21246618.39,0.0,0.0,11
28951182000103,2018-10-24,21283616.86,1.0397662,21285229.43,0.0,0.0,11
28951182000103,2018-10-25,21368260.55,1.0438947,21369743.32,0.0,0.0,11
28951182000103,2018-10-26,21420140.32,1.0464226,21421493.17,0.0,0.0,11
28951182000103,2018-10-29,21443632.47,1.0475638,21444855.37,0.0,0.0,11
28951182000103,2018-10-30,21538815.22,1.0522071000000002,21539907.97,0.0,0.0,11
28951182000103,2018-10-31,21528650.22,1.0517041999999999,21529612.83,0.0,0.0,11
28951182000103,2018-11-01,21450412.55,1.0478758,21451240.83,0.0,0.0,11
28951182000103,2018-11-05,21520265.08,1.0513284,21521920.07,0.0,0.0,11
28951182000103,2018-11-06,21549552.82,1.0527525,21551073.28,0.0,0.0,11
28951182000103,2018-11-07,21637922.15,1.0571078,21640230.49,0.0,0.0,11
28951182000103,2018-11-08,21604222.97,1.055455,21606396.66,0.0,0.0,11
28951182000103,2018-11-09,21623978.93,1.0564135,21626017.95,0.0,0.0,11
28951182000103,2018-11-12,21678666.53,1.0590783,21680570.74,0.0,0.0,11
28951182000103,2018-11-13,21618458.46,1.0561306,21620228.0,0.0,0.0,11
28951182000103,2018-11-14,21648599.28,1.0575964,21650234.09,0.0,0.0,11
28951182000103,2018-11-16,21864210.3,1.0681222,21865709.96,0.0,0.0,11
28951182000103,2018-11-19,21868866.22,1.0683431,21870230.7,0.0,0.0,11
28951182000103,2018-11-20,21873015.25,1.0685392,21874244.57,0.0,0.0,11
28951182000103,2018-11-21,21995569.26,1.0745192,21996663.16,0.0,0.0,11
28951182000103,2018-11-22,22029423.78,1.0761663,22030382.19,0.0,0.0,11
28951182000103,2018-11-23,22169463.03,1.0830004999999998,22170285.68,0.0,0.0,11
28951182000103,2018-11-26,22091861.7,1.0792031000000002,22092548.74,0.0,0.0,11
28951182000103,2018-11-27,22085437.85,1.0788827,22085989.3,0.0,0.0,11
28951182000103,2018-11-28,22199753.05,1.0844603000000002,22200168.68,0.0,0.0,11
28951182000103,2018-11-29,22347475.17,1.0916697,22347754.68,0.0,0.0,11
28951182000103,2018-11-30,22404883.15,1.0944674,22382749.46,0.0,22276.98,11
28951182000103,2018-12-03,22376334.49,1.0930648,22354063.85,0.0,0.0,11
28951182000103,2018-12-04,22178303.33,1.0845111,22179134.19,0.0,0.0,11
28951182000103,2018-12-05,22153194.23,1.0832766,22153888.54,0.0,0.0,11
28951182000103,2018-12-06,22124971.62,1.0819323,22126397.06,0.0,0.0,11
28951182000103,2018-12-07,22210026.43,1.0860847,22211315.2,0.0,0.0,11
28951182000103,2018-12-10,22224948.79,1.0868076,22226100.87,0.0,0.0,11
28951182000103,2018-12-11,22387347.11,1.0947419,22388362.18,0.0,0.0,11
28951182000103,2018-12-12,22341169.25,1.0924771999999998,22342047.4,0.0,0.0,11
28951182000103,2018-12-13,22368657.92,1.0938146,22369399.1,0.0,0.0,11
28951182000103,2018-12-14,22372716.08,1.0940193,22373584.26,0.0,0.0,11
28951182000103,2018-12-17,22317482.15,1.0913118,22318213.47,0.0,0.0,11
28951182000103,2018-12-18,22377624.13,1.0942459,22378218.45,0.0,0.0,11
28951182000103,2018-12-19,22291729.18,1.0900391,22292186.68,0.0,0.0,11
28951182000103,2018-12-20,22254200.16,1.0881973,22254520.9,0.0,0.0,11
28951182000103,2018-12-21,22175028.26,1.0843193000000002,22175212.42,0.0,0.0,11
28951182000103,2018-12-24,22197914.8,1.0854317,22197962.33,0.0,0.0,11
28951182000103,2018-12-26,22231040.05,1.0870448,22230950.87,0.0,0.0,11
28951182000103,2018-12-27,22163556.41,1.0837383,22163330.66,0.0,0.0,11
28951182000103,2018-12-28,22196840.91,1.0853591999999999,22196478.54,0.0,0.0,11
28951182000103,2018-12-31,22212402.12,1.0861134,22211903.08,0.0,0.0,11
28951182000103,2019-01-02,22528507.85,1.1015631,22527862.09,0.0,0.0,11
28951182000103,2019-01-03,22640664.51,1.1070927,22640947.25,0.0,0.0,11
28951182000103,2019-01-04,22659073.0,1.1079857,22659208.78,0.0,0.0,11
28951182000103,2019-01-07,22761891.41,1.1130493,22762763.22,0.0,0.0,11
28951182000103,2019-01-08,22800352.36,1.1149227,22801076.91,0.0,0.0,11
28951182000103,2019-01-09,22768073.86,1.1134061000000002,22770060.91,0.0,0.0,11
28951182000103,2019-01-10,22862158.55,1.1179994,22863998.25,0.0,0.0,11
28951182000103,2019-01-11,22928405.69,1.1212316,22930097.87,0.0,0.0,11
28951182000103,2019-01-14,23039874.32,1.1266749,23041418.76,0.0,0.0,11
28951182000103,2019-01-15,23118422.48,1.1305085,23119819.03,0.0,0.0,11
28951182000103,2019-01-16,23101236.56,1.1296608999999995,23102485.26,0.0,0.0,11
28951182000103,2019-01-17,23098521.6,1.1295209,23099622.45,0.0,0.0,11
28951182000103,2019-01-18,23075326.02,1.1283795,23076279.07,0.0,0.0,11
28951182000103,2019-01-21,23143561.41,1.1317088,23144366.53,0.0,0.0,11
28951182000103,2019-01-22,23053632.85,1.1273043,23054290.22,0.0,0.0,11
28951182000103,2019-01-23,23066450.33,1.1279238,23066959.91,0.0,0.0,11
28951182000103,2019-01-24,23299157.37,1.1392954,23299518.71,0.0,0.0,11
28951182000103,2019-01-25,23215373.2,1.1351941,23215643.57,0.0,0.0,11
28951182000103,2019-01-28,23159242.87,1.1324393999999998,23159308.16,0.0,0.0,11
28951182000103,2019-01-29,23196478.69,1.134253,23196395.95,0.0,0.0,11
28951182000103,2019-01-30,23234773.96,1.1361183,23234543.1,0.0,0.0,11
28951182000103,2019-01-31,23379703.99,1.1431978,23379324.72,0.0,0.0,11
28951182000103,2019-02-01,23432004.79,1.1457476999999998,23431472.23,0.0,0.0,11
28951182000103,2019-02-04,23411769.25,1.1448032,23412157.13,0.0,0.0,11
28951182000103,2019-02-05,23559320.19,1.1520139999999999,23559623.08,0.0,0.0,11
28951182000103,2019-02-06,23611863.29,1.1546248,23613016.78,0.0,0.0,11
28951182000103,2019-02-07,23567229.81,1.1524348,23568229.74,0.0,0.0,11
28951182000103,2019-02-08,23674024.0,1.1576493,23674870.15,0.0,0.0,11
28951182000103,2019-02-11,23711197.13,1.1594594999999999,23711889.43,0.0,0.0,11
28951182000103,2019-02-12,23782870.27,1.1580668,23683408.78,0.0,0.0,11
28951182000103,2019-02-13,23913035.01,1.1566003999999999,23753419.8,100000.0,0.0,11
28951182000103,2019-02-14,24143273.68,1.1605132,23993778.38,160000.0,0.0,11
28951182000103,2019-02-15,24283384.01,1.1624458,24183734.22,150000.0,0.0,11
28951182000103,2019-02-18,24242898.76,1.1604923,24243094.27,100000.0,0.0,11
28951182000103,2019-02-19,24313648.38,1.1638716,24313688.86,0.0,0.0,11
28951182000103,2019-02-20,24368898.27,1.166509,24368783.6,0.0,0.0,11
28951182000103,2019-02-21,24348669.79,1.1655332,24348400.02,0.0,0.0,11
28951182000103,2019-02-22,24444866.6,1.1701306,24444441.53,0.0,0.0,11
28951182000103,2019-02-25,24478138.71,1.1717159,24477558.26,0.0,0.0,11
28951182000103,2019-02-26,24442516.83,1.1700033,24441781.07,0.0,0.0,11
28951182000103,2019-02-27,24366406.72,1.1663525,24365515.82,0.0,0.0,11
28951182000103,2019-02-28,24317420.11,1.1640002,24316374.17,0.0,0.0,11
28951182000103,2019-03-01,24297600.29,1.1630438,24296396.19,0.0,0.0,11
28951182000103,2019-03-06,24459827.28,1.1708593,24459664.7,0.0,0.0,11
28951182000103,2019-03-07,24653210.12,1.1801088,24652888.67,0.0,0.0,11
28951182000103,2019-03-08,24572508.2,1.1762836,24572979.2,0.0,0.0,11
28951182000103,2019-03-11,24752949.47,1.1849135,24753261.41,0.0,0.0,11
28951182000103,2019-03-12,24763438.09,1.185408,24763590.94,0.0,0.0,11
28951182000103,2019-03-13,24791637.05,1.1867502,24791630.76,0.0,0.0,11
28951182000103,2019-03-14,24831923.67,1.1886711,24831758.14,0.0,0.0,11
28951182000103,2019-03-15,24917917.38,1.1927799,24917592.45,0.0,0.0,11
28951182000103,2019-03-18,24977167.31,1.1956085,24976682.87,0.0,0.0,11
28951182000103,2019-03-19,25369366.0,1.1952274,24968722.07,0.0,0.0,11
28951182000103,2019-03-20,25535882.9,1.2031907,25535079.13,400000.0,0.0,11
28951182000103,2019-03-21,25691121.89,1.2104979,25690157.19,0.0,0.0,11
28951182000103,2019-03-22,25511098.38,1.2020078,25509973.12,0.0,0.0,11
28951182000103,2019-03-25,25713055.62,1.2115162,25711769.4,0.0,0.0,11
28951182000103,2019-03-26,25848044.66,1.2178692,25846597.21,0.0,0.0,11
28951182000103,2019-03-27,25785899.08,1.2149333999999998,25784290.51,0.0,0.0,11
28951182000103,2019-03-28,25761502.15,1.2137762,25759732.52,0.0,0.0,11
28951182000103,2019-03-29,25862076.23,1.2185076,25860145.31,0.0,0.0,11
28951182000103,2019-04-01,25867271.62,1.2187451,25865186.48,0.0,0.0,11
28951182000103,2019-04-02,25920867.83,1.2213198,25919828.35,0.0,0.0,11
28951182000103,2019-04-03,25837777.23,1.2173973999999999,25836583.57,0.0,0.0,11
28951182000103,2019-04-04,25799415.87,1.2156272,25799015.09,0.0,0.0,11
28951182000103,2019-04-05,25881374.64,1.2194817,25880819.6,0.0,0.0,11
28951182000103,2019-04-08,26436416.2,1.222068,25935706.8,0.0,0.0,11
28951182000103,2019-04-09,26449905.2,1.2227627,26450451.1,500000.0,0.0,11
28951182000103,2019-04-10,26642765.91,1.2316711999999999,26643156.04,0.0,0.0,11
28951182000103,2019-04-11,26625577.89,1.2308694,26625812.28,0.0,0.0,11
28951182000103,2019-04-12,26523425.51,1.2261525,26523778.37,0.0,0.0,11
28951182000103,2019-04-15,26509913.53,1.2255207000000001,26510110.88,0.0,0.0,11
28951182000103,2019-04-16,26568770.52,1.2282343999999998,26568812.23,0.0,0.0,11
28951182000103,2019-04-17,26604868.66,1.2298958999999998,26604754.67,0.0,0.0,11
28951182000103,2019-04-18,26782531.8,1.2381018,26782261.75,0.0,0.0,11
28951182000103,2019-04-22,26739498.52,1.2361052,26739072.52,0.0,0.0,11
28951182000103,2019-04-23,26917051.57,1.244306,26916469.25,0.0,0.0,11
28951182000103,2019-04-24,27070714.76,1.2514024,27069975.82,0.0,0.0,11
28951182000103,2019-04-25,27017072.62,1.2489153,27016177.18,0.0,0.0,11
28951182000103,2019-04-26,27083246.8,1.2519672,27082194.72,0.0,0.0,11
28951182000103,2019-04-29,27552398.04,1.2505339,27051189.38,0.0,0.0,11
28951182000103,2019-04-30,27553125.44,1.2505603,27551760.2,500000.0,0.0,11
28951182000103,2019-05-02,27443069.11,1.2455579,27441549.09,0.0,0.0,11
28951182000103,2019-05-03,27505050.01,1.2484186000000002,27504574.98,0.0,0.0,11
28951182000103,2019-05-06,27425976.37,1.2448224,27425346.62,0.0,0.0,11
28951182000103,2019-05-07,27364607.14,1.24208,27364926.69,0.0,0.0,11
28951182000103,2019-05-08,27444640.39,1.2457056999999998,27444805.17,0.0,0.0,11
28951182000103,2019-05-09,27459179.1,1.2463585,27459189.08,0.0,0.0,11
28951182000103,2019-05-10,27636000.06,1.2543773,27635854.9,0.0,0.0,11
28951182000103,2019-05-13,27490102.98,1.2477481,27489802.96,0.0,0.0,11
28951182000103,2019-05-14,27551235.97,1.2527841999999998,27549525.28,0.0,51230.55,11
28951182000103,2019-05-15,28660440.8,1.2577431,27658574.93,0.0,0.0,11
28951182000103,2019-05-16,28746196.33,1.2616357,28744175.09,1000000.0,0.0,11
28951182000103,2019-05-17,28771703.39,1.2629148,28773317.87,0.0,0.0,11
28951182000103,2019-05-20,28813994.29,1.2647641,28815451.28,0.0,0.0,11
28951182000103,2019-05-21,28900803.6,1.2685674,28902102.94,0.0,0.0,11
28951182000103,2019-05-22,28971080.73,1.2716991000000002,28973452.79,0.0,0.0,11
28951182000103,2019-05-23,29001837.27,1.2730421,29004051.47,0.0,0.0,11
28951182000103,2019-05-24,30202530.49,1.2730656,29004586.83,0.0,0.0,11
28951182000103,2019-05-27,30267168.77,1.2758958,30269067.12,1200000.0,0.0,11
28951182000103,2019-05-28,30377348.47,1.2805333,30379086.23,0.0,0.0,11
28951182000103,2019-05-29,30393274.04,1.2811978000000002,30394851.16,0.0,0.0,11
28951182000103,2019-05-30,30493396.17,1.2833038,30444812.57,0.0,0.0,11
28951182000103,2019-05-31,30535530.66,1.285073,30454105.7,50000.0,82680.55,12
28951182000103,2019-06-03,30576669.86,1.2868018,30495075.31,0.0,0.0,12
28951182000103,2019-06-04,30536640.49,1.2886451,30538756.79,0.0,0.0,12
28951182000103,2019-06-05,30698377.69,1.2954627,30700324.01,0.0,0.0,12
28951182000103,2019-06-06,30720001.52,1.2964205,30723021.87,0.0,0.0,12
28951182000103,2019-06-07,30631290.08,1.29267,30634140.56,0.0,0.0,12
28951182000103,2019-06-10,30911230.15,1.3044753999999998,30913910.21,0.0,0.0,12
28951182000103,2019-06-11,30945146.45,1.3058994,30947656.03,0.0,0.0,12
28951182000103,2019-06-12,30807682.25,1.3000916,30810021.63,0.0,0.0,12
28951182000103,2019-06-13,31073982.05,1.3113215,31076150.69,0.0,0.0,12
28951182000103,2019-06-14,31251031.65,1.3187968,31253303.21,0.0,0.0,12
28951182000103,2019-06-17,31273059.2,1.3197191000000001,31275159.63,0.0,0.0,12
28951182000103,2019-06-18,31550847.96,1.3314337,31552776.7,0.0,0.0,12
28951182000103,2019-06-19,31573832.93,1.3323962999999999,31575589.93,0.0,0.0,12
28951182000103,2019-06-21,31447818.68,1.3270716999999999,31449404.22,0.0,0.0,12
28951182000103,2019-06-24,31393912.88,1.3247898,31395327.04,0.0,0.0,12
28951182000103,2019-06-25,31445591.81,1.3269632,31446834.5,0.0,0.0,12
28951182000103,2019-06-26,31295547.73,1.3206246000000001,31296619.24,0.0,0.0,12
28951182000103,2019-06-27,31311213.81,1.3212784,31312114.12,0.0,0.0,12
28951182000103,2019-06-28,31310826.37,1.3212556,31311573.07,0.0,0.0,12
28951182000103,2019-07-01,31587149.16,1.3329082,31587718.91,0.0,0.0,12
28951182000103,2019-07-02,31766335.79,1.3405079,31767819.47,0.0,0.0,12
28951182000103,2019-07-03,32062554.79,1.3445666,31864004.89,0.0,0.0,12
28951182000103,2019-07-04,32109204.38,1.3465778,32111666.51,200000.0,0.0,12
28951182000103,2019-07-05,32275566.3,1.3447411,32067868.13,0.0,0.0,12
28951182000103,2019-07-08,32338838.28,1.3474468000000002,32342389.39,210000.0,0.0,12
28951182000103,2019-07-09,32411380.63,1.3504623,32414770.78,0.0,0.0,12
28951182000103,2019-07-10,32467205.26,1.3527813999999998,32470434.31,0.0,0.0,12
28951182000103,2019-07-11,32291596.34,1.3454585,32294664.62,0.0,0.0,12
28951182000103,2019-07-12,32244184.42,1.3434765,32247092.06,0.0,0.0,12
28951182000103,2019-07-15,32357179.16,1.3481774,32359925.92,0.0,0.0,12
28951182000103,2019-07-16,32306042.09,1.3460402,32308628.07,0.0,0.0,12
28951182000103,2019-07-17,32447152.64,1.3519124,32449577.57,0.0,0.0,12
28951182000103,2019-07-18,32451227.32,1.3520755,32453491.19,0.0,0.0,12
28951182000103,2019-07-19,32523781.64,1.355092,32525894.31,0.0,0.0,12
28951182000103,2019-07-22,32665933.6,1.3610076,32667884.78,0.0,0.0,12
28951182000103,2019-07-23,32842610.27,1.3683615,32844399.61,0.0,0.0,12
28951182000103,2019-07-24,32911410.7,1.3712211,32913038.07,0.0,0.0,12
28951182000103,2019-07-25,32834511.17,1.3680106,32835976.72,0.0,0.0,12
28951182000103,2019-07-26,32843500.86,1.3683784,32844804.57,0.0,0.0,12
28951182000103,2019-07-29,32905550.05,1.3709566999999998,32906691.8,0.0,0.0,12
28951182000103,2019-07-30,32811439.72,1.3670419,32812726.04,0.0,0.0,12
28951182000103,2019-07-31,32823304.56,1.3675295,32824429.08,0.0,0.0,12
28951182000103,2019-08-01,32807166.37,1.3668503,32808126.87,0.0,0.0,12
28951182000103,2019-08-02,32750966.88,1.364552,32752962.37,0.0,0.0,12
28951182000103,2019-08-05,32264933.25,1.3442962,32266765.77,0.0,0.0,12
28951182000103,2019-08-06,32440622.99,1.3516705,32443771.35,0.0,0.0,12
28951182000103,2019-08-07,32515382.56,1.3547784,32518367.47,0.0,0.0,12
28951182000103,2019-08-08,32540716.56,1.3558270000000001,32543537.95,0.0,0.0,12
28951182000103,2019-08-09,32504007.04,1.3542908,32506665.0,0.0,0.0,12
28951182000103,2019-08-12,32253369.75,1.343842,32255864.76,0.0,0.0,12
28951182000103,2019-08-13,32384597.59,1.3493024,32386929.4,0.0,0.0,12
28951182000103,2019-08-14,32201719.19,1.341688,32204162.17,0.0,0.0,12
28951182000103,2019-08-15,32442364.94,1.3517069,32444644.61,0.0,0.0,12
28951182000103,2019-08-16,32530981.7,1.3553921,32533097.88,0.0,0.0,12
28951182000103,2019-08-19,32596775.79,1.3581264,32598728.34,0.0,0.0,12
28951182000103,2019-08-20,32661203.02,1.3608037,32662991.82,0.0,0.0,12
28951182000103,2019-08-21,32774176.87,1.3655036,32775801.7,0.0,0.0,12
28951182000103,2019-08-22,32528362.86,1.3552556999999998,32529824.22,0.0,0.0,12
28951182000103,2019-08-23,32375172.86,1.3488666999999999,32376471.03,0.0,0.0,12
28951182000103,2019-08-26,32738297.53,1.3535728999999999,32489432.31,0.0,0.0,12
28951182000103,2019-08-27,32961155.44,1.3572263999999998,32827126.64,250000.0,0.0,12
28951182000103,2019-08-28,33082594.69,1.3622405,33083401.57,135000.0,0.0,13
28951182000103,2019-08-29,33183004.15,1.3663681,33183646.25,0.0,0.0,13
28951182000103,2019-08-30,33212512.26,1.3675764,33212989.51,0.0,0.0,13
28951182000103,2019-09-02,33319957.84,1.3719936,33320267.46,0.0,0.0,13
28951182000103,2019-09-03,33315660.02,1.3718591999999998,33317002.01,0.0,0.0,13
28951182000103,2019-09-04,33632533.24,1.3848998,33633706.96,0.0,0.0,13
28951182000103,2019-09-05,33562650.75,1.382074,33565078.99,0.0,0.0,13
28951182000103,2019-09-06,33671751.73,1.3865594,33674011.61,0.0,0.0,13
28951182000103,2019-09-09,33628150.56,1.3847571,33630242.18,0.0,0.0,13
28951182000103,2019-09-10,33479604.37,1.3786337,33481528.03,0.0,0.0,13
28951182000103,2019-09-11,33480539.22,1.3786653,33482294.93,0.0,0.0,13
28951182000103,2019-09-12,33578373.6,1.3826868,33579961.15,0.0,0.0,13
28951182000103,2019-09-13,33374213.71,1.3742734,33375633.49,0.0,0.0,13
28951182000103,2019-09-16,33483239.62,1.3787557,33484491.43,0.0,0.0,13
28951182000103,2019-09-17,33509563.06,1.3798327,33510646.84,0.0,0.0,13
28951182000103,2019-09-18,35788540.16,1.3876071,33699455.56,0.0,0.0,13
28951182000103,2019-09-19,36547248.94,1.390841,35867995.77,2090000.0,0.0,13
28951182000103,2019-09-20,36543121.3,1.3906743,36543695.46,680000.0,0.0,13
28951182000103,2019-09-23,36742630.6,1.39826,36743030.33,0.0,0.0,13
28951182000103,2019-09-24,36691229.45,1.3962973,36691454.85,0.0,0.0,13
28951182000103,2019-09-25,36663452.13,1.3952336,36663503.26,0.0,0.0,13
28951182000103,2019-09-26,36609309.94,1.3931666,36609186.88,0.0,0.0,13
28951182000103,2019-09-27,37630771.85,1.3939767,36630474.58,0.0,0.0,13
28951182000103,2019-09-30,37737520.62,1.3980324,37737048.92,1000000.0,0.0,13
28951182000103,2019-10-01,37609354.4,1.3932779,37608710.86,0.0,0.0,13
28951182000103,2019-10-02,37493442.05,1.3890218,37493826.81,0.0,0.0,13
28951182000103,2019-10-03,37661127.08,1.3952276000000001,37661339.88,0.0,0.0,13
28951182000103,2019-10-04,37905134.56,1.4043142,37906614.32,0.0,0.0,13
28951182000103,2019-10-07,37861877.14,1.4027053,37863184.55,0.0,0.0,13
28951182000103,2019-10-08,37696960.11,1.3965893,37698095.49,0.0,0.0,13
28951182000103,2019-10-09,37881255.0,1.4034626000000001,37883627.69,0.0,0.0,13
28951182000103,2019-10-10,37834322.55,1.4017175,37836522.95,0.0,0.0,13
28951182000103,2019-10-11,37639236.75,1.3944839,37641265.24,0.0,0.0,13
28951182000103,2019-10-14,37814625.56,1.3991329,37766755.89,0.0,0.0,13
28951182000103,2019-10-15,37860970.91,1.4008435,37862929.0,50000.0,0.0,13
28951182000103,2019-10-16,37857518.51,1.4007094,37859304.22,0.0,0.0,13
28951182000103,2019-10-17,37799593.08,1.3985598999999995,37801206.56,0.0,0.0,13
28951182000103,2019-10-18,37641297.34,1.3926969,37642738.91,0.0,0.0,13
28951182000103,2019-10-21,37666054.38,1.3936065,37667323.97,0.0,0.0,13
28951182000103,2019-10-22,37707477.82,1.3951327,37708575.37,0.0,0.0,13
28951182000103,2019-10-23,37756105.21,1.3969254999999998,37757030.62,0.0,0.0,13
28951182000103,2019-10-24,37803975.28,1.3986902,37804728.45,0.0,0.0,13
28951182000103,2019-10-25,37949054.33,1.4040514,37949634.96,0.0,0.0,13
28951182000103,2019-10-28,37810451.57,1.398917,37810859.96,0.0,0.0,13
28951182000103,2019-10-29,37615556.6,1.3917,37615793.13,0.0,0.0,13
28951182000103,2019-10-30,37569667.41,1.3899958000000001,37569732.16,0.0,0.0,13
28951182000103,2019-10-31,37486049.75,1.3868958,37485942.89,0.0,0.0,13
28951182000103,2019-11-01,37579469.43,1.3903455,37579182.96,0.0,0.0,13
28951182000103,2019-11-04,37555289.14,1.3894442,37554823.11,0.0,0.0,13
28951182000103,2019-11-05,37461715.84,1.3859756,37461070.42,0.0,0.0,13
28951182000103,2019-11-06,37403763.45,1.3838249,37402938.76,0.0,0.0,13
28951182000103,2019-11-07,37325069.09,1.3810917,37329065.28,0.0,0.0,13
28951182000103,2019-11-08,37327098.22,1.3811601999999998,37330915.3,0.0,0.0,13
28951182000103,2019-11-11,37436741.09,1.3852101,37440378.83,0.0,0.0,13
28951182000103,2019-11-12,37420373.34,1.3845979,37423831.78,0.0,0.0,13
28951182000103,2019-11-13,37399664.4,1.383825,37402943.57,0.0,0.0,13
28951182000103,2019-11-14,37715539.79,1.3955051,37718639.06,0.0,0.0,13
28951182000103,2019-11-18,38241889.38,1.3963964,37742730.48,0.0,0.0,13
28951182000103,2019-11-19,38343100.47,1.4001343000000002,38343761.42,500000.0,0.0,13
28951182000103,2019-11-20,38375030.66,1.4012936000000005,38375510.41,0.0,0.0,13
28951182000103,2019-11-21,38502942.56,1.4059578,38503240.86,0.0,0.0,13
28951182000103,2019-11-22,38612347.29,1.4099461000000002,38612463.93,0.0,0.0,13
28951182000103,2019-11-25,38634933.79,1.4107642,38634868.73,0.0,0.0,13
28951182000103,2019-11-26,38753387.08,1.41417,38728140.11,0.0,0.0,13
28951182000103,2019-11-27,38878276.34,1.4187237,38877847.22,25000.0,0.0,14
28951182000103,2019-11-28,38946751.57,1.4212159,38946140.14,0.0,0.0,14
28951182000103,2019-11-29,38737465.23,1.4135719999999998,38616143.69,0.0,120528.19,14
28951182000103,2019-12-02,38398982.5,1.4011751000000001,38277483.99,0.0,0.0,14
28951182000103,2019-12-03,38327891.8,1.403022,38327937.95,0.0,0.0,14
28951182000103,2019-12-04,38450883.39,1.4075176999999999,38450752.21,0.0,0.0,14
28951182000103,2019-12-05,38494386.17,1.4091588,38495584.76,0.0,0.0,14
28951182000103,2019-12-06,38556887.25,1.4114402,38557908.32,0.0,0.0,14
28951182000103,2019-12-09,38505149.35,1.4095398000000001,38505993.0,0.0,0.0,14
28951182000103,2019-12-10,38415348.14,1.4062461000000002,38416014.54,0.0,0.0,14
28951182000103,2019-12-11,38510318.51,1.4097161,38510807.48,0.0,0.0,14
28951182000103,2019-12-12,38439227.59,1.4071073,38439539.27,0.0,0.0,14
28951182000103,2019-12-13,38613808.99,1.4135015,38614217.04,0.0,0.0,14
28951182000103,2019-12-16,38675045.94,1.4157366000000002,38675276.24,0.0,0.0,14
28951182000103,2019-12-17,38742876.38,1.4182131000000002,38742928.78,0.0,0.0,14
28951182000103,2019-12-18,38669980.31,1.4155381,38669854.96,0.0,0.0,14
28951182000103,2019-12-19,38827835.16,1.4203951000000001,38802538.12,0.0,0.0,14
28951182000103,2019-12-20,38838721.39,1.4193228999999998,38798246.39,25000.0,0.0,15
28951182000103,2019-12-23,38911255.67,1.4219698,38910602.52,40000.0,0.0,15
28951182000103,2019-12-24,38895354.06,1.4213822,38894522.72,0.0,0.0,15
28951182000103,2019-12-26,38798970.46,1.4178534,38797961.12,0.0,0.0,15
28951182000103,2019-12-27,38713447.1,1.4147215,38712259.93,0.0,0.0,15
28951182000103,2019-12-30,38601631.11,1.4106287,38600266.34,0.0,0.0,15
28951182000103,2019-12-31,38579776.96,1.4098236000000002,38578234.62,0.0,0.0,15
28951182000103,2020-01-02,38837596.46,1.419239,38835877.99,0.0,0.0,15
28951182000103,2020-01-03,38979039.09,1.4244454,38978344.19,0.0,0.0,15
28951182000103,2020-01-06,39119012.1,1.4295542,39118140.52,0.0,0.0,15
28951182000103,2020-01-07,39311689.72,1.4366478,39312249.62,0.0,0.0,15
28951182000103,2020-01-08,39535750.3,1.4448295,39536132.68,0.0,0.0,15
28951182000103,2020-01-09,39697540.73,1.4507871,39699154.97,0.0,0.0,15
28951182000103,2020-01-10,39754809.32,1.4528734,39756245.61,0.0,0.0,15
28951182000103,2020-01-13,39831982.13,1.4556872,39833240.31,0.0,0.0,15
28951182000103,2020-01-14,39682600.98,1.4502216,39683681.35,0.0,0.0,15
28951182000103,2020-01-15,39792642.87,1.4542365,39793545.23,0.0,0.0,15
28951182000103,2020-01-16,39963864.92,1.4604872,39964588.91,0.0,0.0,15
28951182000103,2020-01-17,40100873.1,1.4654876,40101418.45,0.0,0.0,15
28951182000103,2020-01-20,40078230.26,1.4646536,40078597.03,0.0,0.0,15
28951182000103,2020-01-21,40211479.64,1.4695166,40211667.56,0.0,0.0,15
28951182000103,2020-01-22,40185015.25,1.4685429,40185024.35,0.0,0.0,15
